#Origin_ID <-> node_ID
201731 101731
201732 101732
201221 101221
201222 101222
201223 101223
201741 101741
201742 101742
201231 101231
201232 101232
201233 101233
201751 101751
201752 101752
201241 101241
201242 101242
201761 101761
201762 101762
201251 101251
201252 101252
201253 101253
201771 101771
201772 101772
201261 101261
201262 101262
201781 101781
201782 101782
201271 101271
201272 101272
201281 101281
201282 101282
201801 101801
201802 101802
201291 101291
201292 101292
201293 101293
201301 101301
201302 101302
201303 101303
201311 101311
201312 101312
201321 101321
201322 101322
201331 101331
201332 101332
201333 101333
201341 101341
201342 101342
201343 101343
201351 101351
201352 101352
201361 101361
201362 101362
201371 101371
201372 101372
201373 101373
201381 101381
201382 101382
201383 101383
201391 101391
201392 101392
201393 101393
201401 101401
201402 101402
201403 101403
201411 101411
201412 101412
201591 101591
201421 101421
201422 101422
201441 101441
201442 101442
201451 101451
201452 101452
201683 101683
201461 101461
201462 101462
201463 101463
201471 101471
201472 101472
201473 101473
201601 101601
201481 101481
201482 101482
201483 101483
201602 101602
201491 101491
201492 101492
201501 101501
201502 101502
201001 101001
201002 101002
201003 101003
201004 101004
201521 101521
201522 101522
201011 101011
201012 101012
201531 101531
201532 101532
201021 101021
201022 101022
201023 101023
201024 101024
201611 101611
201541 101541
201542 101542
201031 101031
201032 101032
201033 101033
201043 101043
201561 101561
201562 101562
201051 101051
201052 101052
201053 101053
201055 101055
201571 101571
201572 101572
201061 101061
201062 101062
201063 101063
201064 101064
201581 101581
201582 101582
201071 101071
201072 101072
201073 101073
201079 101079
201592 101592
201081 101081
201082 101082
201083 101083
201084 101084
201085 101085
201086 101086
201087 101087
201088 101088
201089 101089
201090 101090
201091 101091
201092 101092
201093 101093
201094 101094
201095 101095
201096 101096
201097 101097
201098 101098
201099 101099
201612 101612
201101 101101
201102 101102
201103 101103
201621 101621
201622 101622
201111 101111
201112 101112
201113 101113
201114 101114
201631 101631
201632 101632
201121 101121
201122 101122
201641 101641
201642 101642
201131 101131
201132 101132
201133 101133
201651 101651
201652 101652
201141 101141
201142 101142
201143 101143
201144 101144
201661 101661
201662 101662
201151 101151
201152 101152
201153 101153
201671 101671
201672 101672
201161 101161
201162 101162
201163 101163
201681 101681
201682 101682
201171 101171
201172 101172
201173 101173
201691 101691
201692 101692
201181 101181
201182 101182
201183 101183
201184 101184
201701 101701
201702 101702
201191 101191
201192 101192
201193 101193
201711 101711
201712 101712
201201 101201
201202 101202
201203 101203
201211 101211
201212 101212
#Dest_ID <-> node_ID
251392 151392
251393 151393
251401 151401
251402 151402
251403 151403
251591 151591
251411 151411
251412 151412
251421 151421
251422 151422
251441 151441
251442 151442
251451 151451
251452 151452
251461 151461
251462 151462
251463 151463
251471 151471
251472 151472
251473 151473
251481 151481
251482 151482
251483 151483
251491 151491
251492 151492
251611 151611
251501 151501
251502 151502
251001 151001
251002 151002
251003 151003
251004 151004
251521 151521
251522 151522
251011 151011
251012 151012
251531 151531
251532 151532
251021 151021
251022 151022
251023 151023
251024 151024
251541 151541
251542 151542
251031 151031
251032 151032
251033 151033
251043 151043
251561 151561
251562 151562
251051 151051
251052 151052
251053 151053
251055 151055
251571 151571
251572 151572
251061 151061
251062 151062
251063 151063
251064 151064
251581 151581
251582 151582
251071 151071
251072 151072
251073 151073
251079 151079
251592 151592
251081 151081
251082 151082
251083 151083
251084 151084
251085 151085
251086 151086
251087 151087
251088 151088
251089 151089
251090 151090
251091 151091
251092 151092
251093 151093
251094 151094
251095 151095
251096 151096
251097 151097
251098 151098
251099 151099
251612 151612
251101 151101
251102 151102
251103 151103
251621 151621
251622 151622
251111 151111
251112 151112
251113 151113
251114 151114
251602 151602
251631 151631
251632 151632
251121 151121
251122 151122
251641 151641
251642 151642
251131 151131
251132 151132
251133 151133
251651 151651
251652 151652
251141 151141
251142 151142
251143 151143
251144 151144
251661 151661
251662 151662
251151 151151
251152 151152
251153 151153
251671 151671
251672 151672
251161 151161
251162 151162
251163 151163
251681 151681
251682 151682
251171 151171
251172 151172
251173 151173
251691 151691
251692 151692
251181 151181
251182 151182
251183 151183
251184 151184
251683 151683
251701 151701
251702 151702
251191 151191
251192 151192
251193 151193
251601 151601
251711 151711
251712 151712
251201 151201
251202 151202
251203 151203
251211 151211
251212 151212
251731 151731
251732 151732
251221 151221
251222 151222
251223 151223
251741 151741
251742 151742
251231 151231
251232 151232
251233 151233
251751 151751
251752 151752
251241 151241
251242 151242
251761 151761
251762 151762
251251 151251
251252 151252
251253 151253
251771 151771
251772 151772
251261 151261
251262 151262
251781 151781
251782 151782
251271 151271
251272 151272
251281 151281
251282 151282
251801 151801
251802 151802
251291 151291
251292 151292
251293 151293
251301 151301
251302 151302
251303 151303
251311 151311
251312 151312
251321 151321
251322 151322
251331 151331
251332 151332
251333 151333
251341 151341
251342 151342
251343 151343
251351 151351
251352 151352
251361 151361
251362 151362
251371 151371
251372 151372
251373 151373
251381 151381
251382 151382
251383 151383
251391 151391
