#ID Type LEN(mile) FFS(mile/h) Cap(v/hour) RHOJ(v/miles) Lane
1 CTM 0.5 24.0 2000 200 2
2 CTM 0.5 33.0 2000 200 2
3 CTM 0.5 23.0 2000 200 2
4 CTM 0.5 38.0 2000 200 2
5 CTM 0.5 49.0 2000 200 2
6 CTM 0.5 31.0 2000 200 2
7 CTM 0.5 48.0 2000 200 2
8 CTM 0.5 21.0 2000 200 2
9 CTM 0.5 38.0 2000 200 2
10 CTM 0.5 43.0 2000 200 2
11 CTM 0.5 41.0 2000 200 2
12 CTM 0.5 41.0 2000 200 2
13 CTM 0.5 29.0 2000 200 2
14 CTM 0.5 45.0 2000 200 2
15 CTM 0.5 30.0 2000 200 2
16 CTM 0.5 37.0 2000 200 2
17 CTM 0.5 49.0 2000 200 2
18 CTM 0.5 46.0 2000 200 2
19 CTM 0.5 36.0 2000 200 2
20 CTM 0.5 45.0 2000 200 2
21 CTM 0.5 26.0 2000 200 2
22 CTM 0.5 36.0 2000 200 2
23 CTM 0.5 23.0 2000 200 2
24 CTM 0.5 24.0 2000 200 2
25 CTM 0.5 28.0 2000 200 2
26 CTM 0.5 26.0 2000 200 2
27 CTM 0.5 31.0 2000 200 2
28 CTM 0.5 50.0 2000 200 2
29 CTM 0.5 47.0 2000 200 2
30 CTM 0.5 46.0 2000 200 2
31 CTM 0.5 25.0 2000 200 2
32 CTM 0.5 26.0 2000 200 2
33 CTM 0.5 45.0 2000 200 2
34 CTM 0.5 37.0 2000 200 2
35 CTM 0.5 36.0 2000 200 2
36 CTM 0.5 37.0 2000 200 2
37 CTM 0.5 46.0 2000 200 2
38 CTM 0.5 46.0 2000 200 2
39 CTM 0.5 45.0 2000 200 2
40 CTM 0.5 22.0 2000 200 2
41 CTM 0.5 33.0 2000 200 2
42 CTM 0.5 42.0 2000 200 2
43 CTM 0.5 49.0 2000 200 2
44 CTM 0.5 36.0 2000 200 2
45 CTM 0.5 49.0 2000 200 2
46 CTM 0.5 28.0 2000 200 2
47 CTM 0.5 41.0 2000 200 2
48 CTM 0.5 21.0 2000 200 2
49 CTM 0.5 29.0 2000 200 2
50 CTM 0.5 30.0 2000 200 2
51 CTM 0.5 39.0 2000 200 2
52 CTM 0.5 35.0 2000 200 2
53 CTM 0.5 50.0 2000 200 2
54 CTM 0.5 37.0 2000 200 2
55 CTM 0.5 33.0 2000 200 2
56 CTM 0.5 28.0 2000 200 2
57 CTM 0.5 21.0 2000 200 2
58 CTM 0.5 23.0 2000 200 2
59 CTM 0.5 34.0 2000 200 2
60 CTM 0.5 34.0 2000 200 2
61 CTM 0.5 36.0 2000 200 2
62 CTM 0.5 28.0 2000 200 2
63 CTM 0.5 36.0 2000 200 2
64 CTM 0.5 27.0 2000 200 2
65 CTM 0.5 24.0 2000 200 2
66 CTM 0.5 44.0 2000 200 2
67 CTM 0.5 42.0 2000 200 2
68 CTM 0.5 48.0 2000 200 2
69 CTM 0.5 30.0 2000 200 2
70 CTM 0.5 39.0 2000 200 2
71 CTM 0.5 47.0 2000 200 2
72 CTM 0.5 38.0 2000 200 2
73 CTM 0.5 42.0 2000 200 2
74 CTM 0.5 49.0 2000 200 2
75 CTM 0.5 27.0 2000 200 2
76 CTM 0.5 47.0 2000 200 2
77 CTM 0.5 43.0 2000 200 2
78 CTM 0.5 48.0 2000 200 2
79 CTM 0.5 42.0 2000 200 2
80 CTM 0.5 29.0 2000 200 2
81 CTM 0.5 31.0 2000 200 2
82 CTM 0.5 41.0 2000 200 2
83 CTM 0.5 38.0 2000 200 2
84 CTM 0.5 44.0 2000 200 2
85 CTM 0.5 45.0 2000 200 2
86 CTM 0.5 46.0 2000 200 2
87 CTM 0.5 27.0 2000 200 2
88 CTM 0.5 28.0 2000 200 2
89 CTM 0.5 32.0 2000 200 2
90 CTM 0.5 46.0 2000 200 2
91 CTM 0.5 44.0 2000 200 2
92 CTM 0.5 46.0 2000 200 2
93 CTM 0.5 50.0 2000 200 2
94 CTM 0.5 49.0 2000 200 2
95 CTM 0.5 24.0 2000 200 2
96 CTM 0.5 27.0 2000 200 2
97 CTM 0.5 37.0 2000 200 2
98 CTM 0.5 39.0 2000 200 2
99 CTM 0.5 25.0 2000 200 2
100 CTM 0.5 37.0 2000 200 2
101 CTM 0.5 48.0 2000 200 2
102 CTM 0.5 28.0 2000 200 2
103 CTM 0.5 46.0 2000 200 2
104 CTM 0.5 47.0 2000 200 2
105 CTM 0.5 24.0 2000 200 2
106 CTM 0.5 22.0 2000 200 2
107 CTM 0.5 38.0 2000 200 2
108 CTM 0.5 34.0 2000 200 2
109 CTM 0.5 26.0 2000 200 2
110 CTM 0.5 27.0 2000 200 2
111 CTM 0.5 21.0 2000 200 2
112 CTM 0.5 39.0 2000 200 2
113 CTM 0.5 41.0 2000 200 2
114 CTM 0.5 27.0 2000 200 2
115 CTM 0.5 37.0 2000 200 2
116 CTM 0.5 39.0 2000 200 2
117 CTM 0.5 24.0 2000 200 2
118 CTM 0.5 26.0 2000 200 2
119 CTM 0.5 31.0 2000 200 2
120 CTM 0.5 24.0 2000 200 2
121 CTM 0.5 38.0 2000 200 2
122 CTM 0.5 34.0 2000 200 2
123 CTM 0.5 23.0 2000 200 2
124 CTM 0.5 30.0 2000 200 2
125 CTM 0.5 46.0 2000 200 2
126 CTM 0.5 39.0 2000 200 2
127 CTM 0.5 37.0 2000 200 2
128 CTM 0.5 23.0 2000 200 2
129 CTM 0.5 33.0 2000 200 2
130 CTM 0.5 48.0 2000 200 2
131 CTM 0.5 20.0 2000 200 2
132 CTM 0.5 42.0 2000 200 2
133 CTM 0.5 43.0 2000 200 2
134 CTM 0.5 42.0 2000 200 2
135 CTM 0.5 27.0 2000 200 2
136 CTM 0.5 41.0 2000 200 2
137 CTM 0.5 20.0 2000 200 2
138 CTM 0.5 43.0 2000 200 2
139 CTM 0.5 27.0 2000 200 2
140 CTM 0.5 44.0 2000 200 2
141 CTM 0.5 40.0 2000 200 2
142 CTM 0.5 38.0 2000 200 2
143 CTM 0.5 43.0 2000 200 2
144 CTM 0.5 22.0 2000 200 2
145 CTM 0.5 38.0 2000 200 2
146 CTM 0.5 47.0 2000 200 2
147 CTM 0.5 34.0 2000 200 2
148 CTM 0.5 22.0 2000 200 2
149 CTM 0.5 28.0 2000 200 2
150 CTM 0.5 30.0 2000 200 2
151 CTM 0.5 32.0 2000 200 2
152 CTM 0.5 47.0 2000 200 2
153 CTM 0.5 33.0 2000 200 2
154 CTM 0.5 30.0 2000 200 2
155 CTM 0.5 39.0 2000 200 2
156 CTM 0.5 33.0 2000 200 2
157 CTM 0.5 34.0 2000 200 2
158 CTM 0.5 24.0 2000 200 2
159 CTM 0.5 30.0 2000 200 2
160 CTM 0.5 33.0 2000 200 2
161 CTM 0.5 38.0 2000 200 2
162 CTM 0.5 27.0 2000 200 2
163 CTM 0.5 28.0 2000 200 2
164 CTM 0.5 32.0 2000 200 2
165 CTM 0.5 41.0 2000 200 2
166 CTM 0.5 45.0 2000 200 2
167 CTM 0.5 22.0 2000 200 2
168 CTM 0.5 31.0 2000 200 2
169 CTM 0.5 27.0 2000 200 2
170 CTM 0.5 43.0 2000 200 2
171 CTM 0.5 38.0 2000 200 2
172 CTM 0.5 33.0 2000 200 2
173 CTM 0.5 42.0 2000 200 2
174 CTM 0.5 37.0 2000 200 2
175 CTM 0.5 38.0 2000 200 2
176 CTM 0.5 22.0 2000 200 2
177 CTM 0.5 44.0 2000 200 2
178 CTM 0.5 34.0 2000 200 2
179 CTM 0.5 46.0 2000 200 2
180 CTM 0.5 23.0 2000 200 2
181 CTM 0.5 40.0 2000 200 2
182 CTM 0.5 24.0 2000 200 2
183 CTM 0.5 21.0 2000 200 2
184 CTM 0.5 23.0 2000 200 2
185 CTM 0.5 33.0 2000 200 2
186 CTM 0.5 36.0 2000 200 2
187 CTM 0.5 25.0 2000 200 2
188 CTM 0.5 27.0 2000 200 2
189 CTM 0.5 37.0 2000 200 2
190 CTM 0.5 28.0 2000 200 2
191 CTM 0.5 50.0 2000 200 2
192 CTM 0.5 44.0 2000 200 2
193 CTM 0.5 30.0 2000 200 2
194 CTM 0.5 31.0 2000 200 2
195 CTM 0.5 31.0 2000 200 2
196 CTM 0.5 37.0 2000 200 2
197 CTM 0.5 34.0 2000 200 2
198 CTM 0.5 31.0 2000 200 2
199 CTM 0.5 34.0 2000 200 2
200 CTM 0.5 28.0 2000 200 2
201 CTM 0.5 29.0 2000 200 2
202 CTM 0.5 39.0 2000 200 2
203 CTM 0.5 42.0 2000 200 2
204 CTM 0.5 44.0 2000 200 2
205 CTM 0.5 37.0 2000 200 2
206 CTM 0.5 27.0 2000 200 2
207 CTM 0.5 24.0 2000 200 2
208 CTM 0.5 37.0 2000 200 2
209 CTM 0.5 26.0 2000 200 2
210 CTM 0.5 36.0 2000 200 2
211 CTM 0.5 23.0 2000 200 2
212 CTM 0.5 24.0 2000 200 2
213 CTM 0.5 37.0 2000 200 2
214 CTM 0.5 41.0 2000 200 2
215 CTM 0.5 25.0 2000 200 2
216 CTM 0.5 22.0 2000 200 2
217 CTM 0.5 22.0 2000 200 2
218 CTM 0.5 23.0 2000 200 2
219 CTM 0.5 35.0 2000 200 2
220 CTM 0.5 40.0 2000 200 2
221 CTM 0.5 47.0 2000 200 2
222 CTM 0.5 36.0 2000 200 2
223 CTM 0.5 39.0 2000 200 2
224 CTM 0.5 27.0 2000 200 2
225 CTM 0.5 22.0 2000 200 2
226 CTM 0.5 22.0 2000 200 2
227 CTM 0.5 20.0 2000 200 2
228 CTM 0.5 36.0 2000 200 2
229 CTM 0.5 41.0 2000 200 2
230 CTM 0.5 47.0 2000 200 2
231 CTM 0.5 39.0 2000 200 2
232 CTM 0.5 29.0 2000 200 2
233 CTM 0.5 48.0 2000 200 2
234 CTM 0.5 44.0 2000 200 2
235 CTM 0.5 28.0 2000 200 2
236 CTM 0.5 31.0 2000 200 2
237 CTM 0.5 46.0 2000 200 2
238 CTM 0.5 37.0 2000 200 2
239 CTM 0.5 32.0 2000 200 2
240 CTM 0.5 34.0 2000 200 2
241 CTM 0.5 29.0 2000 200 2
242 CTM 0.5 27.0 2000 200 2
243 CTM 0.5 35.0 2000 200 2
244 CTM 0.5 49.0 2000 200 2
245 CTM 0.5 49.0 2000 200 2
246 CTM 0.5 49.0 2000 200 2
247 CTM 0.5 32.0 2000 200 2
248 CTM 0.5 37.0 2000 200 2
249 CTM 0.5 29.0 2000 200 2
250 CTM 0.5 35.0 2000 200 2
251 CTM 0.5 27.0 2000 200 2
252 CTM 0.5 46.0 2000 200 2
253 CTM 0.5 31.0 2000 200 2
254 CTM 0.5 34.0 2000 200 2
255 CTM 0.5 37.0 2000 200 2
256 CTM 0.5 30.0 2000 200 2
257 CTM 0.5 47.0 2000 200 2
258 CTM 0.5 42.0 2000 200 2
259 CTM 0.5 47.0 2000 200 2
260 CTM 0.5 44.0 2000 200 2
261 CTM 0.5 34.0 2000 200 2
262 CTM 0.5 28.0 2000 200 2
263 CTM 0.5 28.0 2000 200 2
264 CTM 0.5 42.0 2000 200 2
265 CTM 0.5 35.0 2000 200 2
266 CTM 0.5 24.0 2000 200 2
267 CTM 0.5 31.0 2000 200 2
268 CTM 0.5 49.0 2000 200 2
269 CTM 0.5 33.0 2000 200 2
270 CTM 0.5 29.0 2000 200 2
271 CTM 0.5 46.0 2000 200 2
272 CTM 0.5 47.0 2000 200 2
273 CTM 0.5 27.0 2000 200 2
274 CTM 0.5 49.0 2000 200 2
275 CTM 0.5 27.0 2000 200 2
276 CTM 0.5 33.0 2000 200 2
277 CTM 0.5 30.0 2000 200 2
278 CTM 0.5 42.0 2000 200 2
279 CTM 0.5 23.0 2000 200 2
280 CTM 0.5 20.0 2000 200 2
281 CTM 0.5 29.0 2000 200 2
282 CTM 0.5 30.0 2000 200 2
283 CTM 0.5 28.0 2000 200 2
284 CTM 0.5 33.0 2000 200 2
285 CTM 0.5 20.0 2000 200 2
286 CTM 0.5 27.0 2000 200 2
287 CTM 0.5 49.0 2000 200 2
288 CTM 0.5 50.0 2000 200 2
289 CTM 0.5 50.0 2000 200 2
290 CTM 0.5 28.0 2000 200 2
291 CTM 0.5 38.0 2000 200 2
292 CTM 0.5 42.0 2000 200 2
293 CTM 0.5 47.0 2000 200 2
294 CTM 0.5 49.0 2000 200 2
295 CTM 0.5 41.0 2000 200 2
296 CTM 0.5 28.0 2000 200 2
297 CTM 0.5 47.0 2000 200 2
298 CTM 0.5 50.0 2000 200 2
299 CTM 0.5 32.0 2000 200 2
300 CTM 0.5 34.0 2000 200 2
301 CTM 0.5 47.0 2000 200 2
302 CTM 0.5 46.0 2000 200 2
303 CTM 0.5 34.0 2000 200 2
304 CTM 0.5 48.0 2000 200 2
305 CTM 0.5 23.0 2000 200 2
306 CTM 0.5 27.0 2000 200 2
307 CTM 0.5 31.0 2000 200 2
308 CTM 0.5 43.0 2000 200 2
309 CTM 0.5 42.0 2000 200 2
310 CTM 0.5 43.0 2000 200 2
311 CTM 0.5 39.0 2000 200 2
312 CTM 0.5 34.0 2000 200 2
313 CTM 0.5 29.0 2000 200 2
314 CTM 0.5 37.0 2000 200 2
315 CTM 0.5 30.0 2000 200 2
316 CTM 0.5 37.0 2000 200 2
317 CTM 0.5 22.0 2000 200 2
318 CTM 0.5 22.0 2000 200 2
319 CTM 0.5 31.0 2000 200 2
320 CTM 0.5 29.0 2000 200 2
321 CTM 0.5 41.0 2000 200 2
322 CTM 0.5 29.0 2000 200 2
323 CTM 0.5 33.0 2000 200 2
324 CTM 0.5 33.0 2000 200 2
325 CTM 0.5 31.0 2000 200 2
326 CTM 0.5 44.0 2000 200 2
327 CTM 0.5 45.0 2000 200 2
328 CTM 0.5 21.0 2000 200 2
329 CTM 0.5 31.0 2000 200 2
330 CTM 0.5 47.0 2000 200 2
331 CTM 0.5 38.0 2000 200 2
332 CTM 0.5 44.0 2000 200 2
333 CTM 0.5 26.0 2000 200 2
334 CTM 0.5 32.0 2000 200 2
335 CTM 0.5 42.0 2000 200 2
336 CTM 0.5 27.0 2000 200 2
337 CTM 0.5 35.0 2000 200 2
338 CTM 0.5 32.0 2000 200 2
339 CTM 0.5 44.0 2000 200 2
340 CTM 0.5 34.0 2000 200 2
341 CTM 0.5 50.0 2000 200 2
342 CTM 0.5 43.0 2000 200 2
343 CTM 0.5 42.0 2000 200 2
344 CTM 0.5 26.0 2000 200 2
345 CTM 0.5 35.0 2000 200 2
346 CTM 0.5 46.0 2000 200 2
347 CTM 0.5 45.0 2000 200 2
348 CTM 0.5 43.0 2000 200 2
349 CTM 0.5 28.0 2000 200 2
350 CTM 0.5 22.0 2000 200 2
351 CTM 0.5 45.0 2000 200 2
352 CTM 0.5 21.0 2000 200 2
353 CTM 0.5 42.0 2000 200 2
354 CTM 0.5 44.0 2000 200 2
355 CTM 0.5 30.0 2000 200 2
356 CTM 0.5 30.0 2000 200 2
357 CTM 0.5 49.0 2000 200 2
358 CTM 0.5 29.0 2000 200 2
359 CTM 0.5 40.0 2000 200 2
360 CTM 0.5 23.0 2000 200 2
361 PQ 0.5 42.0 2000 200 2
362 PQ 0.5 37.0 2000 200 2
363 PQ 0.5 37.0 2000 200 2
364 PQ 0.5 49.0 2000 200 2
365 PQ 0.5 26.0 2000 200 2
366 PQ 0.5 26.0 2000 200 2
367 PQ 0.5 48.0 2000 200 2
368 PQ 0.5 36.0 2000 200 2
369 PQ 0.5 27.0 2000 200 2
370 PQ 0.5 27.0 2000 200 2
371 PQ 0.5 42.0 2000 200 2
372 PQ 0.5 41.0 2000 200 2
373 PQ 0.5 33.0 2000 200 2
374 PQ 0.5 39.0 2000 200 2
375 PQ 0.5 34.0 2000 200 2
376 PQ 0.5 42.0 2000 200 2
377 PQ 0.5 39.0 2000 200 2
378 PQ 0.5 41.0 2000 200 2
379 PQ 0.5 45.0 2000 200 2
380 PQ 0.5 29.0 2000 200 2
381 PQ 0.5 21.0 2000 200 2
382 PQ 0.5 29.0 2000 200 2
383 PQ 0.5 34.0 2000 200 2
384 PQ 0.5 35.0 2000 200 2
385 PQ 0.5 22.0 2000 200 2
386 PQ 0.5 25.0 2000 200 2
387 PQ 0.5 23.0 2000 200 2
388 PQ 0.5 27.0 2000 200 2
389 PQ 0.5 45.0 2000 200 2
390 PQ 0.5 27.0 2000 200 2
391 PQ 0.5 40.0 2000 200 2
392 PQ 0.5 23.0 2000 200 2
393 PQ 0.5 44.0 2000 200 2
394 PQ 0.5 41.0 2000 200 2
395 PQ 0.5 32.0 2000 200 2
396 PQ 0.5 28.0 2000 200 2
397 PQ 0.5 21.0 2000 200 2
398 PQ 0.5 34.0 2000 200 2
399 PQ 0.5 37.0 2000 200 2
400 PQ 0.5 45.0 2000 200 2
401 PQ 0.5 30.0 2000 200 2
402 PQ 0.5 46.0 2000 200 2
403 PQ 0.5 27.0 2000 200 2
404 PQ 0.5 32.0 2000 200 2
405 PQ 0.5 25.0 2000 200 2
406 PQ 0.5 28.0 2000 200 2
407 PQ 0.5 35.0 2000 200 2
408 PQ 0.5 20.0 2000 200 2
409 PQ 0.5 37.0 2000 200 2
410 PQ 0.5 24.0 2000 200 2
411 PQ 0.5 36.0 2000 200 2
412 PQ 0.5 39.0 2000 200 2
413 PQ 0.5 44.0 2000 200 2
414 PQ 0.5 33.0 2000 200 2
415 PQ 0.5 20.0 2000 200 2
416 PQ 0.5 41.0 2000 200 2
417 PQ 0.5 21.0 2000 200 2
418 PQ 0.5 43.0 2000 200 2
419 PQ 0.5 28.0 2000 200 2
420 PQ 0.5 45.0 2000 200 2
421 PQ 0.5 48.0 2000 200 2
422 PQ 0.5 32.0 2000 200 2
423 PQ 0.5 27.0 2000 200 2
424 PQ 0.5 48.0 2000 200 2
425 PQ 0.5 22.0 2000 200 2
426 PQ 0.5 31.0 2000 200 2
427 PQ 0.5 49.0 2000 200 2
428 PQ 0.5 41.0 2000 200 2
429 PQ 0.5 31.0 2000 200 2
430 PQ 0.5 42.0 2000 200 2
431 PQ 0.5 43.0 2000 200 2
432 PQ 0.5 44.0 2000 200 2
433 PQ 0.5 39.0 2000 200 2
434 PQ 0.5 32.0 2000 200 2
435 PQ 0.5 36.0 2000 200 2
436 PQ 0.5 42.0 2000 200 2
437 PQ 0.5 39.0 2000 200 2
438 PQ 0.5 22.0 2000 200 2
439 PQ 0.5 48.0 2000 200 2
440 PQ 0.5 46.0 2000 200 2
441 PQ 0.5 45.0 2000 200 2
442 PQ 0.5 35.0 2000 200 2
443 PQ 0.5 39.0 2000 200 2
444 PQ 0.5 26.0 2000 200 2
445 PQ 0.5 22.0 2000 200 2
446 PQ 0.5 42.0 2000 200 2
447 PQ 0.5 28.0 2000 200 2
448 PQ 0.5 36.0 2000 200 2
449 PQ 0.5 43.0 2000 200 2
