#Origin_ID <-> node_ID
1 101
2 103
3 105
4 108
5 110
6 112
7 113
8 118
9 119
10 120
11 121
12 126
13 127
14 129
15 130
16 132
17 133
18 134
19 138
20 141
21 144
22 145
23 148
24 151
25 152
26 155
27 157
28 158
29 159
30 162
31 164
32 165
33 167
34 171
35 172
36 174
37 175
38 179
39 180
40 182
41 183
42 184
43 185
44 186
45 187
46 188
#Dest_ID <-> node_ID
1 102
2 104
3 106
4 107
5 109
6 111
7 114
8 115
9 116
10 117
11 122
12 123
13 124
14 125
15 128
16 131
17 135
18 136
19 137
20 139
21 140
22 142
23 143
24 146
25 147
26 149
27 150
28 153
29 154
30 156
31 160
32 161
33 163
34 166
35 168
36 169
37 170
38 173
39 176
40 177
41 178
42 181
43 189
