#Origin_ID Destination_ID <demand by interval>
1 1 15 15 15 15 15
1 2 15 15 15 15 15
1 3 15 15 15 15 15
1 4 15 15 15 15 15
1 5 15 15 15 15 15
1 6 15 15 15 15 15
1 7 15 15 15 15 15
1 8 15 15 15 15 15
1 9 15 15 15 15 15
1 10 15 15 15 15 15
1 11 15 15 15 15 15
1 12 15 15 15 15 15
1 13 15 15 15 15 15
1 14 15 15 15 15 15
1 15 15 15 15 15 15
1 16 15 15 15 15 15
1 17 15 15 15 15 15
1 18 15 15 15 15 15
1 19 15 15 15 15 15
1 20 15 15 15 15 15
1 21 15 15 15 15 15
1 22 15 15 15 15 15
1 23 15 15 15 15 15
1 24 15 15 15 15 15
1 25 15 15 15 15 15
1 26 15 15 15 15 15
1 27 15 15 15 15 15
1 28 15 15 15 15 15
1 29 15 15 15 15 15
1 30 15 15 15 15 15
1 31 15 15 15 15 15
1 32 15 15 15 15 15
1 33 15 15 15 15 15
1 34 15 15 15 15 15
1 35 15 15 15 15 15
1 36 15 15 15 15 15
1 37 15 15 15 15 15
1 38 15 15 15 15 15
1 39 15 15 15 15 15
1 40 15 15 15 15 15
1 41 15 15 15 15 15
2 1 15 15 15 15 15
2 2 15 15 15 15 15
2 3 15 15 15 15 15
2 4 15 15 15 15 15
2 5 15 15 15 15 15
2 6 15 15 15 15 15
2 7 15 15 15 15 15
2 8 15 15 15 15 15
2 9 15 15 15 15 15
2 10 15 15 15 15 15
2 11 15 15 15 15 15
2 12 15 15 15 15 15
2 13 15 15 15 15 15
2 14 15 15 15 15 15
2 15 15 15 15 15 15
2 16 15 15 15 15 15
2 17 15 15 15 15 15
2 18 15 15 15 15 15
2 19 15 15 15 15 15
2 20 15 15 15 15 15
2 21 15 15 15 15 15
2 22 15 15 15 15 15
2 23 15 15 15 15 15
2 24 15 15 15 15 15
2 25 15 15 15 15 15
2 26 15 15 15 15 15
2 27 15 15 15 15 15
2 28 15 15 15 15 15
2 29 15 15 15 15 15
2 30 15 15 15 15 15
2 31 15 15 15 15 15
2 32 15 15 15 15 15
2 33 15 15 15 15 15
2 34 15 15 15 15 15
2 35 15 15 15 15 15
2 36 15 15 15 15 15
2 37 15 15 15 15 15
2 38 15 15 15 15 15
2 39 15 15 15 15 15
2 40 15 15 15 15 15
2 41 15 15 15 15 15
3 1 15 15 15 15 15
3 2 15 15 15 15 15
3 3 15 15 15 15 15
3 4 15 15 15 15 15
3 5 15 15 15 15 15
3 6 15 15 15 15 15
3 7 15 15 15 15 15
3 8 15 15 15 15 15
3 9 15 15 15 15 15
3 10 15 15 15 15 15
3 11 15 15 15 15 15
3 12 15 15 15 15 15
3 13 15 15 15 15 15
3 14 15 15 15 15 15
3 15 15 15 15 15 15
3 16 15 15 15 15 15
3 17 15 15 15 15 15
3 18 15 15 15 15 15
3 19 15 15 15 15 15
3 20 15 15 15 15 15
3 21 15 15 15 15 15
3 22 15 15 15 15 15
3 23 15 15 15 15 15
3 24 15 15 15 15 15
3 25 15 15 15 15 15
3 26 15 15 15 15 15
3 27 15 15 15 15 15
3 28 15 15 15 15 15
3 29 15 15 15 15 15
3 30 15 15 15 15 15
3 31 15 15 15 15 15
3 32 15 15 15 15 15
3 33 15 15 15 15 15
3 34 15 15 15 15 15
3 35 15 15 15 15 15
3 36 15 15 15 15 15
3 37 15 15 15 15 15
3 38 15 15 15 15 15
3 39 15 15 15 15 15
3 40 15 15 15 15 15
3 41 15 15 15 15 15
4 1 15 15 15 15 15
4 2 15 15 15 15 15
4 3 15 15 15 15 15
4 4 15 15 15 15 15
4 5 15 15 15 15 15
4 6 15 15 15 15 15
4 7 15 15 15 15 15
4 8 15 15 15 15 15
4 9 15 15 15 15 15
4 10 15 15 15 15 15
4 11 15 15 15 15 15
4 12 15 15 15 15 15
4 13 15 15 15 15 15
4 14 15 15 15 15 15
4 15 15 15 15 15 15
4 16 15 15 15 15 15
4 17 15 15 15 15 15
4 18 15 15 15 15 15
4 19 15 15 15 15 15
4 20 15 15 15 15 15
4 21 15 15 15 15 15
4 22 15 15 15 15 15
4 23 15 15 15 15 15
4 24 15 15 15 15 15
4 25 15 15 15 15 15
4 26 15 15 15 15 15
4 27 15 15 15 15 15
4 28 15 15 15 15 15
4 29 15 15 15 15 15
4 30 15 15 15 15 15
4 31 15 15 15 15 15
4 32 15 15 15 15 15
4 33 15 15 15 15 15
4 34 15 15 15 15 15
4 35 15 15 15 15 15
4 36 15 15 15 15 15
4 37 15 15 15 15 15
4 38 15 15 15 15 15
4 39 15 15 15 15 15
4 40 15 15 15 15 15
4 41 15 15 15 15 15
5 1 15 15 15 15 15
5 2 15 15 15 15 15
5 3 15 15 15 15 15
5 4 15 15 15 15 15
5 5 15 15 15 15 15
5 6 15 15 15 15 15
5 8 15 15 15 15 15
5 9 15 15 15 15 15
5 10 15 15 15 15 15
5 11 15 15 15 15 15
5 12 15 15 15 15 15
5 13 15 15 15 15 15
5 14 15 15 15 15 15
5 15 15 15 15 15 15
5 16 15 15 15 15 15
5 17 15 15 15 15 15
5 18 15 15 15 15 15
5 19 15 15 15 15 15
5 20 15 15 15 15 15
5 21 15 15 15 15 15
5 22 15 15 15 15 15
5 23 15 15 15 15 15
5 24 15 15 15 15 15
5 25 15 15 15 15 15
5 26 15 15 15 15 15
5 27 15 15 15 15 15
5 28 15 15 15 15 15
5 29 15 15 15 15 15
5 30 15 15 15 15 15
5 31 15 15 15 15 15
5 32 15 15 15 15 15
5 33 15 15 15 15 15
5 34 15 15 15 15 15
5 35 15 15 15 15 15
5 36 15 15 15 15 15
5 37 15 15 15 15 15
5 38 15 15 15 15 15
5 39 15 15 15 15 15
5 40 15 15 15 15 15
5 41 15 15 15 15 15
6 1 15 15 15 15 15
6 2 15 15 15 15 15
6 3 15 15 15 15 15
6 4 15 15 15 15 15
6 5 15 15 15 15 15
6 6 15 15 15 15 15
6 7 15 15 15 15 15
6 8 15 15 15 15 15
6 9 15 15 15 15 15
6 10 15 15 15 15 15
6 12 15 15 15 15 15
6 13 15 15 15 15 15
6 14 15 15 15 15 15
6 15 15 15 15 15 15
6 16 15 15 15 15 15
6 17 15 15 15 15 15
6 18 15 15 15 15 15
6 19 15 15 15 15 15
6 20 15 15 15 15 15
6 21 15 15 15 15 15
6 22 15 15 15 15 15
6 23 15 15 15 15 15
6 24 15 15 15 15 15
6 25 15 15 15 15 15
6 26 15 15 15 15 15
6 27 15 15 15 15 15
6 28 15 15 15 15 15
6 29 15 15 15 15 15
6 30 15 15 15 15 15
6 31 15 15 15 15 15
6 32 15 15 15 15 15
6 33 15 15 15 15 15
6 34 15 15 15 15 15
6 35 15 15 15 15 15
6 36 15 15 15 15 15
6 37 15 15 15 15 15
6 38 15 15 15 15 15
6 39 15 15 15 15 15
6 40 15 15 15 15 15
6 41 15 15 15 15 15
7 1 15 15 15 15 15
7 2 15 15 15 15 15
7 3 15 15 15 15 15
7 4 15 15 15 15 15
7 5 15 15 15 15 15
7 6 15 15 15 15 15
7 7 15 15 15 15 15
7 8 15 15 15 15 15
7 9 15 15 15 15 15
7 10 15 15 15 15 15
7 11 15 15 15 15 15
7 13 15 15 15 15 15
7 14 15 15 15 15 15
7 15 15 15 15 15 15
7 16 15 15 15 15 15
7 17 15 15 15 15 15
7 18 15 15 15 15 15
7 19 15 15 15 15 15
7 20 15 15 15 15 15
7 21 15 15 15 15 15
7 22 15 15 15 15 15
7 23 15 15 15 15 15
7 24 15 15 15 15 15
7 25 15 15 15 15 15
7 26 15 15 15 15 15
7 27 15 15 15 15 15
7 28 15 15 15 15 15
7 29 15 15 15 15 15
7 30 15 15 15 15 15
7 31 15 15 15 15 15
7 32 15 15 15 15 15
7 33 15 15 15 15 15
7 34 15 15 15 15 15
7 35 15 15 15 15 15
7 36 15 15 15 15 15
7 37 15 15 15 15 15
7 38 15 15 15 15 15
7 39 15 15 15 15 15
7 40 15 15 15 15 15
7 41 15 15 15 15 15
8 1 15 15 15 15 15
8 2 15 15 15 15 15
8 3 15 15 15 15 15
8 4 15 15 15 15 15
8 5 15 15 15 15 15
8 6 15 15 15 15 15
8 7 15 15 15 15 15
8 8 15 15 15 15 15
8 9 15 15 15 15 15
8 10 15 15 15 15 15
8 11 15 15 15 15 15
8 12 15 15 15 15 15
8 13 15 15 15 15 15
8 14 15 15 15 15 15
8 15 15 15 15 15 15
8 16 15 15 15 15 15
8 17 15 15 15 15 15
8 18 15 15 15 15 15
8 19 15 15 15 15 15
8 20 15 15 15 15 15
8 21 15 15 15 15 15
8 22 15 15 15 15 15
8 23 15 15 15 15 15
8 24 15 15 15 15 15
8 25 15 15 15 15 15
8 26 15 15 15 15 15
8 27 15 15 15 15 15
8 28 15 15 15 15 15
8 29 15 15 15 15 15
8 30 15 15 15 15 15
8 31 15 15 15 15 15
8 32 15 15 15 15 15
8 33 15 15 15 15 15
8 34 15 15 15 15 15
8 35 15 15 15 15 15
8 36 15 15 15 15 15
8 37 15 15 15 15 15
8 38 15 15 15 15 15
8 39 15 15 15 15 15
8 40 15 15 15 15 15
8 41 15 15 15 15 15
9 1 15 15 15 15 15
9 2 15 15 15 15 15
9 3 15 15 15 15 15
9 4 15 15 15 15 15
9 5 15 15 15 15 15
9 6 15 15 15 15 15
9 7 15 15 15 15 15
9 8 15 15 15 15 15
9 9 15 15 15 15 15
9 10 15 15 15 15 15
9 11 15 15 15 15 15
9 12 15 15 15 15 15
9 13 15 15 15 15 15
9 14 15 15 15 15 15
9 15 15 15 15 15 15
9 16 15 15 15 15 15
9 17 15 15 15 15 15
9 18 15 15 15 15 15
9 19 15 15 15 15 15
9 20 15 15 15 15 15
9 21 15 15 15 15 15
9 22 15 15 15 15 15
9 23 15 15 15 15 15
9 24 15 15 15 15 15
9 25 15 15 15 15 15
9 26 15 15 15 15 15
9 27 15 15 15 15 15
9 28 15 15 15 15 15
9 29 15 15 15 15 15
9 30 15 15 15 15 15
9 31 15 15 15 15 15
9 32 15 15 15 15 15
9 33 15 15 15 15 15
9 34 15 15 15 15 15
9 35 15 15 15 15 15
9 36 15 15 15 15 15
9 37 15 15 15 15 15
9 38 15 15 15 15 15
9 39 15 15 15 15 15
9 40 15 15 15 15 15
9 41 15 15 15 15 15
10 1 15 15 15 15 15
10 2 15 15 15 15 15
10 3 15 15 15 15 15
10 4 15 15 15 15 15
10 5 15 15 15 15 15
10 6 15 15 15 15 15
10 7 15 15 15 15 15
10 8 15 15 15 15 15
10 9 15 15 15 15 15
10 10 15 15 15 15 15
10 11 15 15 15 15 15
10 12 15 15 15 15 15
10 13 15 15 15 15 15
10 14 15 15 15 15 15
10 15 15 15 15 15 15
10 16 15 15 15 15 15
10 17 15 15 15 15 15
10 18 15 15 15 15 15
10 19 15 15 15 15 15
10 20 15 15 15 15 15
10 21 15 15 15 15 15
10 22 15 15 15 15 15
10 23 15 15 15 15 15
10 24 15 15 15 15 15
10 25 15 15 15 15 15
10 26 15 15 15 15 15
10 27 15 15 15 15 15
10 28 15 15 15 15 15
10 29 15 15 15 15 15
10 30 15 15 15 15 15
10 31 15 15 15 15 15
10 32 15 15 15 15 15
10 33 15 15 15 15 15
10 34 15 15 15 15 15
10 35 15 15 15 15 15
10 36 15 15 15 15 15
10 37 15 15 15 15 15
10 38 15 15 15 15 15
10 39 15 15 15 15 15
10 40 15 15 15 15 15
10 41 15 15 15 15 15
11 1 15 15 15 15 15
11 2 15 15 15 15 15
11 3 15 15 15 15 15
11 4 15 15 15 15 15
11 5 15 15 15 15 15
11 6 15 15 15 15 15
11 7 15 15 15 15 15
11 8 15 15 15 15 15
11 9 15 15 15 15 15
11 10 15 15 15 15 15
11 11 15 15 15 15 15
11 12 15 15 15 15 15
11 13 15 15 15 15 15
11 14 15 15 15 15 15
11 15 15 15 15 15 15
11 16 15 15 15 15 15
11 17 15 15 15 15 15
11 18 15 15 15 15 15
11 19 15 15 15 15 15
11 20 15 15 15 15 15
11 21 15 15 15 15 15
11 22 15 15 15 15 15
11 23 15 15 15 15 15
11 24 15 15 15 15 15
11 25 15 15 15 15 15
11 26 15 15 15 15 15
11 27 15 15 15 15 15
11 28 15 15 15 15 15
11 29 15 15 15 15 15
11 30 15 15 15 15 15
11 31 15 15 15 15 15
11 32 15 15 15 15 15
11 33 15 15 15 15 15
11 34 15 15 15 15 15
11 35 15 15 15 15 15
11 36 15 15 15 15 15
11 37 15 15 15 15 15
11 38 15 15 15 15 15
11 39 15 15 15 15 15
11 40 15 15 15 15 15
11 41 15 15 15 15 15
12 1 15 15 15 15 15
12 2 15 15 15 15 15
12 3 15 15 15 15 15
12 4 15 15 15 15 15
12 5 15 15 15 15 15
12 6 15 15 15 15 15
12 7 15 15 15 15 15
12 8 15 15 15 15 15
12 9 15 15 15 15 15
12 10 15 15 15 15 15
12 11 15 15 15 15 15
12 12 15 15 15 15 15
12 13 15 15 15 15 15
12 14 15 15 15 15 15
12 15 15 15 15 15 15
12 16 15 15 15 15 15
12 17 15 15 15 15 15
12 18 15 15 15 15 15
12 19 15 15 15 15 15
12 20 15 15 15 15 15
12 21 15 15 15 15 15
12 22 15 15 15 15 15
12 23 15 15 15 15 15
12 24 15 15 15 15 15
12 25 15 15 15 15 15
12 26 15 15 15 15 15
12 27 15 15 15 15 15
12 28 15 15 15 15 15
12 29 15 15 15 15 15
12 30 15 15 15 15 15
12 31 15 15 15 15 15
12 32 15 15 15 15 15
12 33 15 15 15 15 15
12 34 15 15 15 15 15
12 35 15 15 15 15 15
12 36 15 15 15 15 15
12 37 15 15 15 15 15
12 38 15 15 15 15 15
12 39 15 15 15 15 15
12 40 15 15 15 15 15
12 41 15 15 15 15 15
13 1 15 15 15 15 15
13 2 15 15 15 15 15
13 3 15 15 15 15 15
13 4 15 15 15 15 15
13 5 15 15 15 15 15
13 6 15 15 15 15 15
13 7 15 15 15 15 15
13 8 15 15 15 15 15
13 9 15 15 15 15 15
13 10 15 15 15 15 15
13 11 15 15 15 15 15
13 12 15 15 15 15 15
13 13 15 15 15 15 15
13 14 15 15 15 15 15
13 15 15 15 15 15 15
13 16 15 15 15 15 15
13 17 15 15 15 15 15
13 18 15 15 15 15 15
13 19 15 15 15 15 15
13 20 15 15 15 15 15
13 21 15 15 15 15 15
13 22 15 15 15 15 15
13 23 15 15 15 15 15
13 24 15 15 15 15 15
13 25 15 15 15 15 15
13 26 15 15 15 15 15
13 27 15 15 15 15 15
13 28 15 15 15 15 15
13 29 15 15 15 15 15
13 30 15 15 15 15 15
13 31 15 15 15 15 15
13 32 15 15 15 15 15
13 33 15 15 15 15 15
13 34 15 15 15 15 15
13 35 15 15 15 15 15
13 36 15 15 15 15 15
13 37 15 15 15 15 15
13 38 15 15 15 15 15
13 39 15 15 15 15 15
13 40 15 15 15 15 15
13 41 15 15 15 15 15
14 1 15 15 15 15 15
14 2 15 15 15 15 15
14 3 15 15 15 15 15
14 4 15 15 15 15 15
14 5 15 15 15 15 15
14 6 15 15 15 15 15
14 7 15 15 15 15 15
14 8 15 15 15 15 15
14 9 15 15 15 15 15
14 10 15 15 15 15 15
14 11 15 15 15 15 15
14 12 15 15 15 15 15
14 13 15 15 15 15 15
14 14 15 15 15 15 15
14 15 15 15 15 15 15
14 16 15 15 15 15 15
14 17 15 15 15 15 15
14 18 15 15 15 15 15
14 19 15 15 15 15 15
14 20 15 15 15 15 15
14 21 15 15 15 15 15
14 22 15 15 15 15 15
14 23 15 15 15 15 15
14 24 15 15 15 15 15
14 25 15 15 15 15 15
14 26 15 15 15 15 15
14 27 15 15 15 15 15
14 28 15 15 15 15 15
14 29 15 15 15 15 15
14 30 15 15 15 15 15
14 31 15 15 15 15 15
14 32 15 15 15 15 15
14 33 15 15 15 15 15
14 34 15 15 15 15 15
14 35 15 15 15 15 15
14 36 15 15 15 15 15
14 37 15 15 15 15 15
14 38 15 15 15 15 15
14 39 15 15 15 15 15
14 40 15 15 15 15 15
14 41 15 15 15 15 15
15 1 15 15 15 15 15
15 2 15 15 15 15 15
15 3 15 15 15 15 15
15 4 15 15 15 15 15
15 5 15 15 15 15 15
15 6 15 15 15 15 15
15 7 15 15 15 15 15
15 8 15 15 15 15 15
15 9 15 15 15 15 15
15 10 15 15 15 15 15
15 11 15 15 15 15 15
15 12 15 15 15 15 15
15 13 15 15 15 15 15
15 14 15 15 15 15 15
15 15 15 15 15 15 15
15 17 15 15 15 15 15
15 18 15 15 15 15 15
15 19 15 15 15 15 15
15 20 15 15 15 15 15
15 21 15 15 15 15 15
15 22 15 15 15 15 15
15 23 15 15 15 15 15
15 24 15 15 15 15 15
15 25 15 15 15 15 15
15 26 15 15 15 15 15
15 27 15 15 15 15 15
15 28 15 15 15 15 15
15 29 15 15 15 15 15
15 30 15 15 15 15 15
15 31 15 15 15 15 15
15 32 15 15 15 15 15
15 33 15 15 15 15 15
15 34 15 15 15 15 15
15 35 15 15 15 15 15
15 36 15 15 15 15 15
15 37 15 15 15 15 15
15 38 15 15 15 15 15
15 39 15 15 15 15 15
15 40 15 15 15 15 15
15 41 15 15 15 15 15
16 1 15 15 15 15 15
16 2 15 15 15 15 15
16 3 15 15 15 15 15
16 4 15 15 15 15 15
16 5 15 15 15 15 15
16 6 15 15 15 15 15
16 7 15 15 15 15 15
16 8 15 15 15 15 15
16 9 15 15 15 15 15
16 10 15 15 15 15 15
16 11 15 15 15 15 15
16 12 15 15 15 15 15
16 13 15 15 15 15 15
16 14 15 15 15 15 15
16 15 15 15 15 15 15
16 16 15 15 15 15 15
16 17 15 15 15 15 15
16 19 15 15 15 15 15
16 20 15 15 15 15 15
16 21 15 15 15 15 15
16 22 15 15 15 15 15
16 23 15 15 15 15 15
16 24 15 15 15 15 15
16 25 15 15 15 15 15
16 26 15 15 15 15 15
16 27 15 15 15 15 15
16 28 15 15 15 15 15
16 29 15 15 15 15 15
16 30 15 15 15 15 15
16 31 15 15 15 15 15
16 32 15 15 15 15 15
16 33 15 15 15 15 15
16 34 15 15 15 15 15
16 35 15 15 15 15 15
16 36 15 15 15 15 15
16 37 15 15 15 15 15
16 38 15 15 15 15 15
16 39 15 15 15 15 15
16 40 15 15 15 15 15
16 41 15 15 15 15 15
17 1 15 15 15 15 15
17 2 15 15 15 15 15
17 3 15 15 15 15 15
17 4 15 15 15 15 15
17 5 15 15 15 15 15
17 6 15 15 15 15 15
17 7 15 15 15 15 15
17 8 15 15 15 15 15
17 9 15 15 15 15 15
17 10 15 15 15 15 15
17 11 15 15 15 15 15
17 12 15 15 15 15 15
17 13 15 15 15 15 15
17 14 15 15 15 15 15
17 15 15 15 15 15 15
17 16 15 15 15 15 15
17 17 15 15 15 15 15
17 18 15 15 15 15 15
17 19 15 15 15 15 15
17 21 15 15 15 15 15
17 22 15 15 15 15 15
17 23 15 15 15 15 15
17 24 15 15 15 15 15
17 25 15 15 15 15 15
17 26 15 15 15 15 15
17 27 15 15 15 15 15
17 28 15 15 15 15 15
17 29 15 15 15 15 15
17 30 15 15 15 15 15
17 31 15 15 15 15 15
17 32 15 15 15 15 15
17 33 15 15 15 15 15
17 34 15 15 15 15 15
17 35 15 15 15 15 15
17 36 15 15 15 15 15
17 37 15 15 15 15 15
17 38 15 15 15 15 15
17 39 15 15 15 15 15
17 40 15 15 15 15 15
17 41 15 15 15 15 15
18 1 15 15 15 15 15
18 2 15 15 15 15 15
18 3 15 15 15 15 15
18 4 15 15 15 15 15
18 5 15 15 15 15 15
18 6 15 15 15 15 15
18 7 15 15 15 15 15
18 8 15 15 15 15 15
18 9 15 15 15 15 15
18 10 15 15 15 15 15
18 11 15 15 15 15 15
18 12 15 15 15 15 15
18 13 15 15 15 15 15
18 14 15 15 15 15 15
18 15 15 15 15 15 15
18 16 15 15 15 15 15
18 17 15 15 15 15 15
18 18 15 15 15 15 15
18 19 15 15 15 15 15
18 20 15 15 15 15 15
18 22 15 15 15 15 15
18 23 15 15 15 15 15
18 24 15 15 15 15 15
18 25 15 15 15 15 15
18 26 15 15 15 15 15
18 27 15 15 15 15 15
18 28 15 15 15 15 15
18 29 15 15 15 15 15
18 30 15 15 15 15 15
18 31 15 15 15 15 15
18 32 15 15 15 15 15
18 33 15 15 15 15 15
18 34 15 15 15 15 15
18 35 15 15 15 15 15
18 36 15 15 15 15 15
18 37 15 15 15 15 15
18 38 15 15 15 15 15
18 39 15 15 15 15 15
18 40 15 15 15 15 15
18 41 15 15 15 15 15
19 1 15 15 15 15 15
19 2 15 15 15 15 15
19 3 15 15 15 15 15
19 4 15 15 15 15 15
19 5 15 15 15 15 15
19 6 15 15 15 15 15
19 7 15 15 15 15 15
19 8 15 15 15 15 15
19 9 15 15 15 15 15
19 10 15 15 15 15 15
19 11 15 15 15 15 15
19 12 15 15 15 15 15
19 13 15 15 15 15 15
19 14 15 15 15 15 15
19 15 15 15 15 15 15
19 16 15 15 15 15 15
19 17 15 15 15 15 15
19 18 15 15 15 15 15
19 19 15 15 15 15 15
19 20 15 15 15 15 15
19 21 15 15 15 15 15
19 22 15 15 15 15 15
19 24 15 15 15 15 15
19 25 15 15 15 15 15
19 26 15 15 15 15 15
19 27 15 15 15 15 15
19 28 15 15 15 15 15
19 29 15 15 15 15 15
19 30 15 15 15 15 15
19 31 15 15 15 15 15
19 32 15 15 15 15 15
19 33 15 15 15 15 15
19 34 15 15 15 15 15
19 35 15 15 15 15 15
19 36 15 15 15 15 15
19 37 15 15 15 15 15
19 38 15 15 15 15 15
19 39 15 15 15 15 15
19 40 15 15 15 15 15
19 41 15 15 15 15 15
20 1 15 15 15 15 15
20 2 15 15 15 15 15
20 3 15 15 15 15 15
20 4 15 15 15 15 15
20 5 15 15 15 15 15
20 6 15 15 15 15 15
20 7 15 15 15 15 15
20 8 15 15 15 15 15
20 9 15 15 15 15 15
20 10 15 15 15 15 15
20 11 15 15 15 15 15
20 12 15 15 15 15 15
20 13 15 15 15 15 15
20 14 15 15 15 15 15
20 15 15 15 15 15 15
20 16 15 15 15 15 15
20 17 15 15 15 15 15
20 18 15 15 15 15 15
20 19 15 15 15 15 15
20 20 15 15 15 15 15
20 21 15 15 15 15 15
20 22 15 15 15 15 15
20 23 15 15 15 15 15
20 24 15 15 15 15 15
20 25 15 15 15 15 15
20 26 15 15 15 15 15
20 27 15 15 15 15 15
20 28 15 15 15 15 15
20 29 15 15 15 15 15
20 30 15 15 15 15 15
20 31 15 15 15 15 15
20 32 15 15 15 15 15
20 33 15 15 15 15 15
20 34 15 15 15 15 15
20 35 15 15 15 15 15
20 36 15 15 15 15 15
20 37 15 15 15 15 15
20 38 15 15 15 15 15
20 39 15 15 15 15 15
20 40 15 15 15 15 15
20 41 15 15 15 15 15
21 1 15 15 15 15 15
21 2 15 15 15 15 15
21 3 15 15 15 15 15
21 4 15 15 15 15 15
21 5 15 15 15 15 15
21 6 15 15 15 15 15
21 7 15 15 15 15 15
21 8 15 15 15 15 15
21 9 15 15 15 15 15
21 10 15 15 15 15 15
21 11 15 15 15 15 15
21 12 15 15 15 15 15
21 13 15 15 15 15 15
21 14 15 15 15 15 15
21 15 15 15 15 15 15
21 16 15 15 15 15 15
21 17 15 15 15 15 15
21 18 15 15 15 15 15
21 19 15 15 15 15 15
21 20 15 15 15 15 15
21 21 15 15 15 15 15
21 22 15 15 15 15 15
21 23 15 15 15 15 15
21 24 15 15 15 15 15
21 25 15 15 15 15 15
21 26 15 15 15 15 15
21 28 15 15 15 15 15
21 29 15 15 15 15 15
21 30 15 15 15 15 15
21 31 15 15 15 15 15
21 32 15 15 15 15 15
21 33 15 15 15 15 15
21 34 15 15 15 15 15
21 35 15 15 15 15 15
21 36 15 15 15 15 15
21 37 15 15 15 15 15
21 38 15 15 15 15 15
21 39 15 15 15 15 15
21 40 15 15 15 15 15
21 41 15 15 15 15 15
22 1 15 15 15 15 15
22 2 15 15 15 15 15
22 3 15 15 15 15 15
22 4 15 15 15 15 15
22 5 15 15 15 15 15
22 6 15 15 15 15 15
22 7 15 15 15 15 15
22 8 15 15 15 15 15
22 9 15 15 15 15 15
22 10 15 15 15 15 15
22 11 15 15 15 15 15
22 12 15 15 15 15 15
22 13 15 15 15 15 15
22 14 15 15 15 15 15
22 15 15 15 15 15 15
22 16 15 15 15 15 15
22 17 15 15 15 15 15
22 18 15 15 15 15 15
22 19 15 15 15 15 15
22 20 15 15 15 15 15
22 21 15 15 15 15 15
22 22 15 15 15 15 15
22 23 15 15 15 15 15
22 24 15 15 15 15 15
22 25 15 15 15 15 15
22 26 15 15 15 15 15
22 27 15 15 15 15 15
22 28 15 15 15 15 15
22 30 15 15 15 15 15
22 31 15 15 15 15 15
22 32 15 15 15 15 15
22 33 15 15 15 15 15
22 34 15 15 15 15 15
22 35 15 15 15 15 15
22 36 15 15 15 15 15
22 37 15 15 15 15 15
22 38 15 15 15 15 15
22 39 15 15 15 15 15
22 40 15 15 15 15 15
22 41 15 15 15 15 15
23 1 15 15 15 15 15
23 2 15 15 15 15 15
23 3 15 15 15 15 15
23 4 15 15 15 15 15
23 5 15 15 15 15 15
23 6 15 15 15 15 15
23 7 15 15 15 15 15
23 8 15 15 15 15 15
23 9 15 15 15 15 15
23 10 15 15 15 15 15
23 11 15 15 15 15 15
23 12 15 15 15 15 15
23 13 15 15 15 15 15
23 14 15 15 15 15 15
23 15 15 15 15 15 15
23 16 15 15 15 15 15
23 17 15 15 15 15 15
23 18 15 15 15 15 15
23 19 15 15 15 15 15
23 20 15 15 15 15 15
23 21 15 15 15 15 15
23 22 15 15 15 15 15
23 23 15 15 15 15 15
23 24 15 15 15 15 15
23 25 15 15 15 15 15
23 26 15 15 15 15 15
23 27 15 15 15 15 15
23 28 15 15 15 15 15
23 29 15 15 15 15 15
23 30 15 15 15 15 15
23 31 15 15 15 15 15
23 32 15 15 15 15 15
23 33 15 15 15 15 15
23 34 15 15 15 15 15
23 35 15 15 15 15 15
23 36 15 15 15 15 15
23 37 15 15 15 15 15
23 38 15 15 15 15 15
23 39 15 15 15 15 15
23 40 15 15 15 15 15
23 41 15 15 15 15 15
24 1 15 15 15 15 15
24 2 15 15 15 15 15
24 3 15 15 15 15 15
24 4 15 15 15 15 15
24 5 15 15 15 15 15
24 6 15 15 15 15 15
24 7 15 15 15 15 15
24 8 15 15 15 15 15
24 9 15 15 15 15 15
24 10 15 15 15 15 15
24 11 15 15 15 15 15
24 12 15 15 15 15 15
24 13 15 15 15 15 15
24 14 15 15 15 15 15
24 15 15 15 15 15 15
24 16 15 15 15 15 15
24 17 15 15 15 15 15
24 18 15 15 15 15 15
24 19 15 15 15 15 15
24 20 15 15 15 15 15
24 21 15 15 15 15 15
24 22 15 15 15 15 15
24 23 15 15 15 15 15
24 24 15 15 15 15 15
24 25 15 15 15 15 15
24 26 15 15 15 15 15
24 27 15 15 15 15 15
24 28 15 15 15 15 15
24 29 15 15 15 15 15
24 30 15 15 15 15 15
24 31 15 15 15 15 15
24 32 15 15 15 15 15
24 33 15 15 15 15 15
24 34 15 15 15 15 15
24 35 15 15 15 15 15
24 36 15 15 15 15 15
24 37 15 15 15 15 15
24 38 15 15 15 15 15
24 39 15 15 15 15 15
24 40 15 15 15 15 15
24 41 15 15 15 15 15
25 1 15 15 15 15 15
25 2 15 15 15 15 15
25 3 15 15 15 15 15
25 4 15 15 15 15 15
25 5 15 15 15 15 15
25 6 15 15 15 15 15
25 7 15 15 15 15 15
25 8 15 15 15 15 15
25 9 15 15 15 15 15
25 10 15 15 15 15 15
25 11 15 15 15 15 15
25 12 15 15 15 15 15
25 13 15 15 15 15 15
25 14 15 15 15 15 15
25 15 15 15 15 15 15
25 16 15 15 15 15 15
25 17 15 15 15 15 15
25 18 15 15 15 15 15
25 19 15 15 15 15 15
25 20 15 15 15 15 15
25 21 15 15 15 15 15
25 22 15 15 15 15 15
25 23 15 15 15 15 15
25 24 15 15 15 15 15
25 25 15 15 15 15 15
25 26 15 15 15 15 15
25 27 15 15 15 15 15
25 28 15 15 15 15 15
25 29 15 15 15 15 15
25 31 15 15 15 15 15
25 32 15 15 15 15 15
25 33 15 15 15 15 15
25 34 15 15 15 15 15
25 35 15 15 15 15 15
25 36 15 15 15 15 15
25 37 15 15 15 15 15
25 38 15 15 15 15 15
25 39 15 15 15 15 15
25 40 15 15 15 15 15
25 41 15 15 15 15 15
26 1 15 15 15 15 15
26 2 15 15 15 15 15
26 3 15 15 15 15 15
26 4 15 15 15 15 15
26 5 15 15 15 15 15
26 6 15 15 15 15 15
26 7 15 15 15 15 15
26 8 15 15 15 15 15
26 9 15 15 15 15 15
26 10 15 15 15 15 15
26 11 15 15 15 15 15
26 12 15 15 15 15 15
26 13 15 15 15 15 15
26 14 15 15 15 15 15
26 15 15 15 15 15 15
26 16 15 15 15 15 15
26 17 15 15 15 15 15
26 18 15 15 15 15 15
26 19 15 15 15 15 15
26 20 15 15 15 15 15
26 21 15 15 15 15 15
26 22 15 15 15 15 15
26 23 15 15 15 15 15
26 24 15 15 15 15 15
26 25 15 15 15 15 15
26 26 15 15 15 15 15
26 27 15 15 15 15 15
26 28 15 15 15 15 15
26 29 15 15 15 15 15
26 30 15 15 15 15 15
26 31 15 15 15 15 15
26 32 15 15 15 15 15
26 33 15 15 15 15 15
26 34 15 15 15 15 15
26 35 15 15 15 15 15
26 36 15 15 15 15 15
26 37 15 15 15 15 15
26 38 15 15 15 15 15
26 39 15 15 15 15 15
26 40 15 15 15 15 15
26 41 15 15 15 15 15
27 1 15 15 15 15 15
27 2 15 15 15 15 15
27 3 15 15 15 15 15
27 4 15 15 15 15 15
27 5 15 15 15 15 15
27 6 15 15 15 15 15
27 7 15 15 15 15 15
27 8 15 15 15 15 15
27 9 15 15 15 15 15
27 10 15 15 15 15 15
27 11 15 15 15 15 15
27 12 15 15 15 15 15
27 13 15 15 15 15 15
27 14 15 15 15 15 15
27 15 15 15 15 15 15
27 16 15 15 15 15 15
27 17 15 15 15 15 15
27 18 15 15 15 15 15
27 19 15 15 15 15 15
27 20 15 15 15 15 15
27 21 15 15 15 15 15
27 22 15 15 15 15 15
27 23 15 15 15 15 15
27 24 15 15 15 15 15
27 25 15 15 15 15 15
27 26 15 15 15 15 15
27 27 15 15 15 15 15
27 28 15 15 15 15 15
27 29 15 15 15 15 15
27 30 15 15 15 15 15
27 31 15 15 15 15 15
27 32 15 15 15 15 15
27 33 15 15 15 15 15
27 34 15 15 15 15 15
27 35 15 15 15 15 15
27 36 15 15 15 15 15
27 37 15 15 15 15 15
27 38 15 15 15 15 15
27 39 15 15 15 15 15
27 40 15 15 15 15 15
27 41 15 15 15 15 15
28 1 15 15 15 15 15
28 2 15 15 15 15 15
28 3 15 15 15 15 15
28 4 15 15 15 15 15
28 5 15 15 15 15 15
28 6 15 15 15 15 15
28 7 15 15 15 15 15
28 8 15 15 15 15 15
28 9 15 15 15 15 15
28 10 15 15 15 15 15
28 11 15 15 15 15 15
28 12 15 15 15 15 15
28 13 15 15 15 15 15
28 14 15 15 15 15 15
28 15 15 15 15 15 15
28 16 15 15 15 15 15
28 17 15 15 15 15 15
28 18 15 15 15 15 15
28 19 15 15 15 15 15
28 20 15 15 15 15 15
28 21 15 15 15 15 15
28 22 15 15 15 15 15
28 23 15 15 15 15 15
28 24 15 15 15 15 15
28 25 15 15 15 15 15
28 26 15 15 15 15 15
28 27 15 15 15 15 15
28 28 15 15 15 15 15
28 29 15 15 15 15 15
28 30 15 15 15 15 15
28 31 15 15 15 15 15
28 33 15 15 15 15 15
28 34 15 15 15 15 15
28 35 15 15 15 15 15
28 36 15 15 15 15 15
28 37 15 15 15 15 15
28 38 15 15 15 15 15
28 39 15 15 15 15 15
28 40 15 15 15 15 15
28 41 15 15 15 15 15
29 1 15 15 15 15 15
29 2 15 15 15 15 15
29 3 15 15 15 15 15
29 4 15 15 15 15 15
29 5 15 15 15 15 15
29 6 15 15 15 15 15
29 7 15 15 15 15 15
29 8 15 15 15 15 15
29 9 15 15 15 15 15
29 10 15 15 15 15 15
29 11 15 15 15 15 15
29 12 15 15 15 15 15
29 13 15 15 15 15 15
29 14 15 15 15 15 15
29 15 15 15 15 15 15
29 16 15 15 15 15 15
29 17 15 15 15 15 15
29 18 15 15 15 15 15
29 19 15 15 15 15 15
29 20 15 15 15 15 15
29 21 15 15 15 15 15
29 22 15 15 15 15 15
29 23 15 15 15 15 15
29 24 15 15 15 15 15
29 25 15 15 15 15 15
29 26 15 15 15 15 15
29 27 15 15 15 15 15
29 28 15 15 15 15 15
29 29 15 15 15 15 15
29 30 15 15 15 15 15
29 31 15 15 15 15 15
29 32 15 15 15 15 15
29 33 15 15 15 15 15
29 34 15 15 15 15 15
29 35 15 15 15 15 15
29 36 15 15 15 15 15
29 37 15 15 15 15 15
29 38 15 15 15 15 15
29 39 15 15 15 15 15
29 40 15 15 15 15 15
29 41 15 15 15 15 15
30 1 15 15 15 15 15
30 2 15 15 15 15 15
30 3 15 15 15 15 15
30 4 15 15 15 15 15
30 5 15 15 15 15 15
30 6 15 15 15 15 15
30 7 15 15 15 15 15
30 8 15 15 15 15 15
30 9 15 15 15 15 15
30 10 15 15 15 15 15
30 11 15 15 15 15 15
30 12 15 15 15 15 15
30 13 15 15 15 15 15
30 14 15 15 15 15 15
30 15 15 15 15 15 15
30 16 15 15 15 15 15
30 17 15 15 15 15 15
30 18 15 15 15 15 15
30 19 15 15 15 15 15
30 20 15 15 15 15 15
30 21 15 15 15 15 15
30 22 15 15 15 15 15
30 23 15 15 15 15 15
30 24 15 15 15 15 15
30 25 15 15 15 15 15
30 26 15 15 15 15 15
30 27 15 15 15 15 15
30 28 15 15 15 15 15
30 29 15 15 15 15 15
30 30 15 15 15 15 15
30 31 15 15 15 15 15
30 32 15 15 15 15 15
30 33 15 15 15 15 15
30 34 15 15 15 15 15
30 35 15 15 15 15 15
30 36 15 15 15 15 15
30 37 15 15 15 15 15
30 38 15 15 15 15 15
30 39 15 15 15 15 15
30 40 15 15 15 15 15
30 41 15 15 15 15 15
31 1 15 15 15 15 15
31 2 15 15 15 15 15
31 3 15 15 15 15 15
31 4 15 15 15 15 15
31 5 15 15 15 15 15
31 6 15 15 15 15 15
31 7 15 15 15 15 15
31 8 15 15 15 15 15
31 9 15 15 15 15 15
31 10 15 15 15 15 15
31 11 15 15 15 15 15
31 12 15 15 15 15 15
31 13 15 15 15 15 15
31 14 15 15 15 15 15
31 15 15 15 15 15 15
31 16 15 15 15 15 15
31 17 15 15 15 15 15
31 18 15 15 15 15 15
31 19 15 15 15 15 15
31 20 15 15 15 15 15
31 21 15 15 15 15 15
31 22 15 15 15 15 15
31 23 15 15 15 15 15
31 24 15 15 15 15 15
31 25 15 15 15 15 15
31 26 15 15 15 15 15
31 27 15 15 15 15 15
31 28 15 15 15 15 15
31 29 15 15 15 15 15
31 30 15 15 15 15 15
31 31 15 15 15 15 15
31 32 15 15 15 15 15
31 33 15 15 15 15 15
31 34 15 15 15 15 15
31 35 15 15 15 15 15
31 36 15 15 15 15 15
31 37 15 15 15 15 15
31 38 15 15 15 15 15
31 39 15 15 15 15 15
31 40 15 15 15 15 15
31 41 15 15 15 15 15
32 1 15 15 15 15 15
32 2 15 15 15 15 15
32 3 15 15 15 15 15
32 4 15 15 15 15 15
32 5 15 15 15 15 15
32 6 15 15 15 15 15
32 7 15 15 15 15 15
32 8 15 15 15 15 15
32 9 15 15 15 15 15
32 10 15 15 15 15 15
32 11 15 15 15 15 15
32 12 15 15 15 15 15
32 13 15 15 15 15 15
32 14 15 15 15 15 15
32 15 15 15 15 15 15
32 16 15 15 15 15 15
32 17 15 15 15 15 15
32 18 15 15 15 15 15
32 19 15 15 15 15 15
32 20 15 15 15 15 15
32 21 15 15 15 15 15
32 22 15 15 15 15 15
32 23 15 15 15 15 15
32 24 15 15 15 15 15
32 25 15 15 15 15 15
32 26 15 15 15 15 15
32 27 15 15 15 15 15
32 28 15 15 15 15 15
32 29 15 15 15 15 15
32 30 15 15 15 15 15
32 31 15 15 15 15 15
32 32 15 15 15 15 15
32 33 15 15 15 15 15
32 34 15 15 15 15 15
32 35 15 15 15 15 15
32 36 15 15 15 15 15
32 37 15 15 15 15 15
32 38 15 15 15 15 15
32 39 15 15 15 15 15
32 40 15 15 15 15 15
32 41 15 15 15 15 15
33 1 15 15 15 15 15
33 2 15 15 15 15 15
33 3 15 15 15 15 15
33 4 15 15 15 15 15
33 5 15 15 15 15 15
33 6 15 15 15 15 15
33 7 15 15 15 15 15
33 8 15 15 15 15 15
33 9 15 15 15 15 15
33 10 15 15 15 15 15
33 11 15 15 15 15 15
33 12 15 15 15 15 15
33 13 15 15 15 15 15
33 14 15 15 15 15 15
33 15 15 15 15 15 15
33 16 15 15 15 15 15
33 17 15 15 15 15 15
33 18 15 15 15 15 15
33 19 15 15 15 15 15
33 20 15 15 15 15 15
33 21 15 15 15 15 15
33 22 15 15 15 15 15
33 23 15 15 15 15 15
33 24 15 15 15 15 15
33 25 15 15 15 15 15
33 26 15 15 15 15 15
33 27 15 15 15 15 15
33 28 15 15 15 15 15
33 29 15 15 15 15 15
33 30 15 15 15 15 15
33 31 15 15 15 15 15
33 32 15 15 15 15 15
33 33 15 15 15 15 15
33 34 15 15 15 15 15
33 35 15 15 15 15 15
33 36 15 15 15 15 15
33 37 15 15 15 15 15
33 38 15 15 15 15 15
33 39 15 15 15 15 15
33 40 15 15 15 15 15
33 41 15 15 15 15 15
34 1 15 15 15 15 15
34 2 15 15 15 15 15
34 3 15 15 15 15 15
34 4 15 15 15 15 15
34 5 15 15 15 15 15
34 6 15 15 15 15 15
34 7 15 15 15 15 15
34 8 15 15 15 15 15
34 9 15 15 15 15 15
34 10 15 15 15 15 15
34 11 15 15 15 15 15
34 12 15 15 15 15 15
34 13 15 15 15 15 15
34 14 15 15 15 15 15
34 15 15 15 15 15 15
34 16 15 15 15 15 15
34 17 15 15 15 15 15
34 18 15 15 15 15 15
34 19 15 15 15 15 15
34 20 15 15 15 15 15
34 21 15 15 15 15 15
34 22 15 15 15 15 15
34 23 15 15 15 15 15
34 24 15 15 15 15 15
34 25 15 15 15 15 15
34 26 15 15 15 15 15
34 27 15 15 15 15 15
34 28 15 15 15 15 15
34 29 15 15 15 15 15
34 30 15 15 15 15 15
34 31 15 15 15 15 15
34 32 15 15 15 15 15
34 33 15 15 15 15 15
34 34 15 15 15 15 15
34 35 15 15 15 15 15
34 36 15 15 15 15 15
34 38 15 15 15 15 15
34 39 15 15 15 15 15
34 40 15 15 15 15 15
34 41 15 15 15 15 15
35 1 15 15 15 15 15
35 2 15 15 15 15 15
35 3 15 15 15 15 15
35 4 15 15 15 15 15
35 5 15 15 15 15 15
35 6 15 15 15 15 15
35 7 15 15 15 15 15
35 8 15 15 15 15 15
35 9 15 15 15 15 15
35 10 15 15 15 15 15
35 11 15 15 15 15 15
35 12 15 15 15 15 15
35 13 15 15 15 15 15
35 14 15 15 15 15 15
35 15 15 15 15 15 15
35 16 15 15 15 15 15
35 17 15 15 15 15 15
35 18 15 15 15 15 15
35 19 15 15 15 15 15
35 20 15 15 15 15 15
35 21 15 15 15 15 15
35 22 15 15 15 15 15
35 23 15 15 15 15 15
35 24 15 15 15 15 15
35 25 15 15 15 15 15
35 26 15 15 15 15 15
35 27 15 15 15 15 15
35 28 15 15 15 15 15
35 29 15 15 15 15 15
35 30 15 15 15 15 15
35 31 15 15 15 15 15
35 32 15 15 15 15 15
35 33 15 15 15 15 15
35 34 15 15 15 15 15
35 35 15 15 15 15 15
35 36 15 15 15 15 15
35 37 15 15 15 15 15
35 38 15 15 15 15 15
35 39 15 15 15 15 15
35 40 15 15 15 15 15
35 41 15 15 15 15 15
36 1 15 15 15 15 15
36 2 15 15 15 15 15
36 3 15 15 15 15 15
36 4 15 15 15 15 15
36 5 15 15 15 15 15
36 6 15 15 15 15 15
36 7 15 15 15 15 15
36 8 15 15 15 15 15
36 9 15 15 15 15 15
36 10 15 15 15 15 15
36 11 15 15 15 15 15
36 12 15 15 15 15 15
36 13 15 15 15 15 15
36 14 15 15 15 15 15
36 15 15 15 15 15 15
36 16 15 15 15 15 15
36 17 15 15 15 15 15
36 18 15 15 15 15 15
36 19 15 15 15 15 15
36 20 15 15 15 15 15
36 21 15 15 15 15 15
36 22 15 15 15 15 15
36 23 15 15 15 15 15
36 24 15 15 15 15 15
36 25 15 15 15 15 15
36 26 15 15 15 15 15
36 27 15 15 15 15 15
36 28 15 15 15 15 15
36 29 15 15 15 15 15
36 30 15 15 15 15 15
36 31 15 15 15 15 15
36 32 15 15 15 15 15
36 33 15 15 15 15 15
36 34 15 15 15 15 15
36 35 15 15 15 15 15
36 36 15 15 15 15 15
36 37 15 15 15 15 15
36 38 15 15 15 15 15
36 39 15 15 15 15 15
36 40 15 15 15 15 15
36 41 15 15 15 15 15
37 1 15 15 15 15 15
37 2 15 15 15 15 15
37 3 15 15 15 15 15
37 4 15 15 15 15 15
37 5 15 15 15 15 15
37 6 15 15 15 15 15
37 7 15 15 15 15 15
37 8 15 15 15 15 15
37 9 15 15 15 15 15
37 10 15 15 15 15 15
37 11 15 15 15 15 15
37 12 15 15 15 15 15
37 13 15 15 15 15 15
37 14 15 15 15 15 15
37 15 15 15 15 15 15
37 16 15 15 15 15 15
37 17 15 15 15 15 15
37 18 15 15 15 15 15
37 19 15 15 15 15 15
37 20 15 15 15 15 15
37 21 15 15 15 15 15
37 22 15 15 15 15 15
37 23 15 15 15 15 15
37 24 15 15 15 15 15
37 25 15 15 15 15 15
37 26 15 15 15 15 15
37 27 15 15 15 15 15
37 28 15 15 15 15 15
37 29 15 15 15 15 15
37 30 15 15 15 15 15
37 31 15 15 15 15 15
37 32 15 15 15 15 15
37 33 15 15 15 15 15
37 34 15 15 15 15 15
37 35 15 15 15 15 15
37 36 15 15 15 15 15
37 37 15 15 15 15 15
37 39 15 15 15 15 15
37 40 15 15 15 15 15
37 41 15 15 15 15 15
38 1 15 15 15 15 15
38 2 15 15 15 15 15
38 3 15 15 15 15 15
38 4 15 15 15 15 15
38 5 15 15 15 15 15
38 6 15 15 15 15 15
38 7 15 15 15 15 15
38 8 15 15 15 15 15
38 9 15 15 15 15 15
38 10 15 15 15 15 15
38 11 15 15 15 15 15
38 12 15 15 15 15 15
38 13 15 15 15 15 15
38 14 15 15 15 15 15
38 15 15 15 15 15 15
38 16 15 15 15 15 15
38 17 15 15 15 15 15
38 18 15 15 15 15 15
38 19 15 15 15 15 15
38 20 15 15 15 15 15
38 21 15 15 15 15 15
38 22 15 15 15 15 15
38 23 15 15 15 15 15
38 24 15 15 15 15 15
38 25 15 15 15 15 15
38 26 15 15 15 15 15
38 27 15 15 15 15 15
38 28 15 15 15 15 15
38 29 15 15 15 15 15
38 30 15 15 15 15 15
38 31 15 15 15 15 15
38 32 15 15 15 15 15
38 33 15 15 15 15 15
38 34 15 15 15 15 15
38 35 15 15 15 15 15
38 36 15 15 15 15 15
38 37 15 15 15 15 15
38 38 15 15 15 15 15
38 39 15 15 15 15 15
38 40 15 15 15 15 15
38 41 15 15 15 15 15
39 1 15 15 15 15 15
39 2 15 15 15 15 15
39 3 15 15 15 15 15
39 4 15 15 15 15 15
39 5 15 15 15 15 15
39 6 15 15 15 15 15
39 7 15 15 15 15 15
39 8 15 15 15 15 15
39 9 15 15 15 15 15
39 10 15 15 15 15 15
39 11 15 15 15 15 15
39 12 15 15 15 15 15
39 13 15 15 15 15 15
39 14 15 15 15 15 15
39 15 15 15 15 15 15
39 16 15 15 15 15 15
39 17 15 15 15 15 15
39 18 15 15 15 15 15
39 19 15 15 15 15 15
39 20 15 15 15 15 15
39 21 15 15 15 15 15
39 22 15 15 15 15 15
39 23 15 15 15 15 15
39 24 15 15 15 15 15
39 25 15 15 15 15 15
39 26 15 15 15 15 15
39 27 15 15 15 15 15
39 28 15 15 15 15 15
39 29 15 15 15 15 15
39 30 15 15 15 15 15
39 31 15 15 15 15 15
39 32 15 15 15 15 15
39 33 15 15 15 15 15
39 34 15 15 15 15 15
39 35 15 15 15 15 15
39 36 15 15 15 15 15
39 37 15 15 15 15 15
39 38 15 15 15 15 15
39 39 15 15 15 15 15
39 40 15 15 15 15 15
39 41 15 15 15 15 15
40 1 15 15 15 15 15
40 2 15 15 15 15 15
40 3 15 15 15 15 15
40 4 15 15 15 15 15
40 5 15 15 15 15 15
40 6 15 15 15 15 15
40 7 15 15 15 15 15
40 8 15 15 15 15 15
40 9 15 15 15 15 15
40 10 15 15 15 15 15
40 11 15 15 15 15 15
40 12 15 15 15 15 15
40 13 15 15 15 15 15
40 14 15 15 15 15 15
40 15 15 15 15 15 15
40 16 15 15 15 15 15
40 17 15 15 15 15 15
40 18 15 15 15 15 15
40 19 15 15 15 15 15
40 20 15 15 15 15 15
40 21 15 15 15 15 15
40 22 15 15 15 15 15
40 23 15 15 15 15 15
40 24 15 15 15 15 15
40 25 15 15 15 15 15
40 26 15 15 15 15 15
40 27 15 15 15 15 15
40 28 15 15 15 15 15
40 29 15 15 15 15 15
40 30 15 15 15 15 15
40 31 15 15 15 15 15
40 32 15 15 15 15 15
40 33 15 15 15 15 15
40 34 15 15 15 15 15
40 35 15 15 15 15 15
40 36 15 15 15 15 15
40 37 15 15 15 15 15
40 38 15 15 15 15 15
40 39 15 15 15 15 15
40 40 15 15 15 15 15
40 41 15 15 15 15 15
41 1 15 15 15 15 15
41 2 15 15 15 15 15
41 3 15 15 15 15 15
41 4 15 15 15 15 15
41 5 15 15 15 15 15
41 6 15 15 15 15 15
41 7 15 15 15 15 15
41 8 15 15 15 15 15
41 9 15 15 15 15 15
41 10 15 15 15 15 15
41 11 15 15 15 15 15
41 12 15 15 15 15 15
41 13 15 15 15 15 15
41 14 15 15 15 15 15
41 15 15 15 15 15 15
41 16 15 15 15 15 15
41 17 15 15 15 15 15
41 18 15 15 15 15 15
41 19 15 15 15 15 15
41 20 15 15 15 15 15
41 21 15 15 15 15 15
41 22 15 15 15 15 15
41 23 15 15 15 15 15
41 24 15 15 15 15 15
41 25 15 15 15 15 15
41 26 15 15 15 15 15
41 27 15 15 15 15 15
41 28 15 15 15 15 15
41 29 15 15 15 15 15
41 30 15 15 15 15 15
41 31 15 15 15 15 15
41 32 15 15 15 15 15
41 33 15 15 15 15 15
41 34 15 15 15 15 15
41 35 15 15 15 15 15
41 36 15 15 15 15 15
41 37 15 15 15 15 15
41 38 15 15 15 15 15
41 39 15 15 15 15 15
41 40 15 15 15 15 15
