# EdgeID FromNodeId ToNodeId
1 1 2
2 2 1
3 1 11
4 11 1
5 2 3
6 3 2
7 2 12
8 12 2
9 3 4
10 4 3
11 3 13
12 13 3
13 4 5
14 5 4
15 4 14
16 14 4
17 5 6
18 6 5
19 5 15
20 15 5
21 6 7
22 7 6
23 6 16
24 16 6
25 7 8
26 8 7
27 7 17
28 17 7
29 8 9
30 9 8
31 8 18
32 18 8
33 9 10
34 10 9
35 9 19
36 19 9
37 10 20
38 20 10
39 11 12
40 12 11
41 11 21
42 21 11
43 12 13
44 13 12
45 12 22
46 22 12
47 13 14
48 14 13
49 13 23
50 23 13
51 14 15
52 15 14
53 14 24
54 24 14
55 15 16
56 16 15
57 15 25
58 25 15
59 16 17
60 17 16
61 16 26
62 26 16
63 17 18
64 18 17
65 17 27
66 27 17
67 18 19
68 19 18
69 18 28
70 28 18
71 19 20
72 20 19
73 19 29
74 29 19
75 20 30
76 30 20
77 21 22
78 22 21
79 21 31
80 31 21
81 22 23
82 23 22
83 22 32
84 32 22
85 23 24
86 24 23
87 23 33
88 33 23
89 24 25
90 25 24
91 24 34
92 34 24
93 25 26
94 26 25
95 25 35
96 35 25
97 26 27
98 27 26
99 26 36
100 36 26
101 27 28
102 28 27
103 27 37
104 37 27
105 28 29
106 29 28
107 28 38
108 38 28
109 29 30
110 30 29
111 29 39
112 39 29
113 30 40
114 40 30
115 31 32
116 32 31
117 31 41
118 41 31
119 32 33
120 33 32
121 32 42
122 42 32
123 33 34
124 34 33
125 33 43
126 43 33
127 34 35
128 35 34
129 34 44
130 44 34
131 35 36
132 36 35
133 35 45
134 45 35
135 36 37
136 37 36
137 36 46
138 46 36
139 37 38
140 38 37
141 37 47
142 47 37
143 38 39
144 39 38
145 38 48
146 48 38
147 39 40
148 40 39
149 39 49
150 49 39
151 40 50
152 50 40
153 41 42
154 42 41
155 41 51
156 51 41
157 42 43
158 43 42
159 42 52
160 52 42
161 43 44
162 44 43
163 43 53
164 53 43
165 44 45
166 45 44
167 44 54
168 54 44
169 45 46
170 46 45
171 45 55
172 55 45
173 46 47
174 47 46
175 46 56
176 56 46
177 47 48
178 48 47
179 47 57
180 57 47
181 48 49
182 49 48
183 48 58
184 58 48
185 49 50
186 50 49
187 49 59
188 59 49
189 50 60
190 60 50
191 51 52
192 52 51
193 51 61
194 61 51
195 52 53
196 53 52
197 52 62
198 62 52
199 53 54
200 54 53
201 53 63
202 63 53
203 54 55
204 55 54
205 54 64
206 64 54
207 55 56
208 56 55
209 55 65
210 65 55
211 56 57
212 57 56
213 56 66
214 66 56
215 57 58
216 58 57
217 57 67
218 67 57
219 58 59
220 59 58
221 58 68
222 68 58
223 59 60
224 60 59
225 59 69
226 69 59
227 60 70
228 70 60
229 61 62
230 62 61
231 61 71
232 71 61
233 62 63
234 63 62
235 62 72
236 72 62
237 63 64
238 64 63
239 63 73
240 73 63
241 64 65
242 65 64
243 64 74
244 74 64
245 65 66
246 66 65
247 65 75
248 75 65
249 66 67
250 67 66
251 66 76
252 76 66
253 67 68
254 68 67
255 67 77
256 77 67
257 68 69
258 69 68
259 68 78
260 78 68
261 69 70
262 70 69
263 69 79
264 79 69
265 70 80
266 80 70
267 71 72
268 72 71
269 71 81
270 81 71
271 72 73
272 73 72
273 72 82
274 82 72
275 73 74
276 74 73
277 73 83
278 83 73
279 74 75
280 75 74
281 74 84
282 84 74
283 75 76
284 76 75
285 75 85
286 85 75
287 76 77
288 77 76
289 76 86
290 86 76
291 77 78
292 78 77
293 77 87
294 87 77
295 78 79
296 79 78
297 78 88
298 88 78
299 79 80
300 80 79
301 79 89
302 89 79
303 80 90
304 90 80
305 81 82
306 82 81
307 81 91
308 91 81
309 82 83
310 83 82
311 82 92
312 92 82
313 83 84
314 84 83
315 83 93
316 93 83
317 84 85
318 85 84
319 84 94
320 94 84
321 85 86
322 86 85
323 85 95
324 95 85
325 86 87
326 87 86
327 86 96
328 96 86
329 87 88
330 88 87
331 87 97
332 97 87
333 88 89
334 89 88
335 88 98
336 98 88
337 89 90
338 90 89
339 89 99
340 99 89
341 90 100
342 100 90
343 91 92
344 92 91
345 92 93
346 93 92
347 93 94
348 94 93
349 94 95
350 95 94
351 95 96
352 96 95
353 96 97
354 97 96
355 97 98
356 98 97
357 98 99
358 99 98
359 99 100
360 100 99
361 101 1
362 102 5
363 7 103
364 9 104
365 10 105
366 11 106
367 107 12
368 13 108
369 109 14
370 16 110
371 111 17
372 17 112
373 18 113
374 20 114
375 21 115
376 116 22
377 22 117
378 118 23
379 23 119
380 120 24
381 121 25
382 26 122
383 123 27
384 124 29
385 125 30
386 126 31
387 32 127
388 128 33
389 35 129
390 130 37
391 37 131
392 38 132
393 133 39
394 39 134
395 41 135
396 136 42
397 42 137
398 138 43
399 43 139
400 46 140
401 141 47
402 47 142
403 143 48
404 49 144
405 50 145
406 51 146
407 147 53
408 53 148
409 54 149
410 150 58
411 58 151
412 152 59
413 153 60
414 154 61
415 61 155
416 156 65
417 157 66
418 67 158
419 159 68
420 68 160
421 71 161
422 72 162
423 163 75
424 164 76
425 77 165
426 166 78
427 167 79
428 168 82
429 85 169
430 170 86
431 86 171
432 172 87
433 173 88
434 174 89
435 89 175
436 176 90
437 177 91
438 92 178
439 94 179
440 180 95
441 181 100
442 100 182
