#Origin_ID <-> node_ID
1026 524
516 281
1034 528
514 267
1038 529
1046 531
29 12
1058 535
1062 536
43 22
1073 540
1074 542
989 512
1078 544
820 402
1089 545
83 54
821 403
614 302
1126 547
107 99
1139 549
1142 550
874 462
1154 554
875 463
1159 555
1166 557
1170 560
1902 1223
397 244
367 202
669 307
670 308
1185 562
717 309
1196 564
1197 565
184 112
884 473
1210 567
1211 568
1224 573
802 384
1231 574
1233 576
803 386
1237 577
1244 585
737 317
1250 586
379 241
229 115
1259 587
749 328
1265 588
1267 589
756 329
366 201
1271 590
760 330
1274 591
895 476
1276 594
1279 595
1282 596
1283 597
773 332
774 333
1287 598
776 334
778 338
1291 599
784 340
1297 600
1298 602
787 369
1302 605
1303 606
282 156
1307 629
1308 630
1314 631
1315 632
806 394
1319 633
1320 634
1323 635
812 396
1325 636
1326 637
1327 638
1332 639
990 521
1334 640
1336 641
825 404
1342 643
1343 646
994 522
1359 647
855 438
725 316
860 440
1380 649
1384 651
1898 1220
1387 652
387 242
1390 653
1391 654
1392 666
883 470
984 510
373 240
888 474
890 475
831 407
1406 667
1407 672
896 482
747 326
1413 674
392 243
1420 675
909 483
1427 677
1428 679
1429 680
1430 682
235 147
1436 683
1440 684
1442 685
1443 698
1444 702
1445 703
934 492
1447 723
1448 724
372 239
1450 750
1454 751
943 498
1456 754
1457 755
1459 800
1460 804
950 500
441 264
1469 805
1470 946
1475 947
1476 949
966 502
967 505
1481 951
1482 972
1483 1019
1484 1020
975 507
1488 1021
1489 1025
1495 1111
1496 1114
1497 1116
1501 1117
1502 1119
1506 1124
1507 1169
488 265
489 266
935 494
426 245
#Dest_ID <-> node_ID
2048 1602
2049 1603
2050 1604
2051 1605
2052 1606
2053 1607
2054 1608
2055 1609
2056 1610
2057 1611
2058 1612
2059 1613
2060 1614
2061 1615
2062 1616
2063 1617
2064 1618
2065 1619
2067 1620
2068 1621
2069 1622
2070 1623
2071 1624
2072 1625
2073 1626
2074 1627
2075 1628
2076 1629
2077 1630
2078 1631
2079 1632
2080 1633
2081 1634
2082 1635
2083 1636
2084 1637
2085 1638
1064 539
91 86
613 301
1168 559
668 304
183 111
718 315
738 322
748 327
1897 1219
1901 1222
1921 1243
1922 1245
1923 1248
1924 1255
1925 1264
1926 1268
1927 1269
1928 1305
1929 1310
1930 1346
1931 1347
1932 1348
1933 1354
1934 1355
1935 1356
1936 1369
1937 1371
1938 1372
1939 1373
1940 1374
1941 1386
1942 1400
1943 1401
1944 1408
1945 1410
1946 1411
1947 1417
1948 1418
1949 1419
1950 1421
1951 1424
1952 1425
1953 1426
1954 1509
1955 1510
1956 1511
1957 1512
1958 1513
1959 1514
1960 1515
1961 1516
1962 1517
1963 1518
1964 1519
1965 1520
1966 1521
1967 1522
1968 1523
1969 1524
1970 1525
1971 1526
1972 1527
1973 1528
1974 1529
1975 1530
1976 1531
1977 1532
1978 1533
1979 1534
1980 1535
1981 1536
1982 1537
1983 1538
1984 1539
1985 1540
1986 1541
1987 1542
1988 1543
1989 1544
1990 1545
1991 1546
1992 1547
1993 1548
1994 1549
1995 1550
1996 1551
1997 1552
1998 1553
1999 1554
2000 1555
2001 1556
2002 1557
2003 1558
2004 1559
2005 1560
2006 1561
2007 1562
2008 1563
2009 1564
2010 1565
2011 1566
2012 1567
2013 1568
2014 1569
2015 1570
2017 1571
2018 1572
2019 1573
2020 1574
2021 1575
2022 1576
2023 1577
2024 1578
2025 1579
2026 1580
2027 1581
2028 1582
2029 1583
2030 1584
2031 1585
2032 1586
2033 1587
2034 1588
2035 1589
2036 1590
2037 1591
2038 1592
2039 1593
2040 1594
2041 1595
2042 1596
2043 1597
2044 1598
2045 1599
2046 1600
2047 1601
