#ID Type LEN(mile) FFS(mile/h) Cap(v/hour) RHOJ(v/miles) Lane
1 CTM 0.0731524 45.0 1800.0 200.0 5
2 CTM 0.141 50.0 1800.0 200.0 2
3 CTM 0.0609756 35.0 1800.0 180.0 2
5 CTM 0.183 35.0 1800.0 180.0 2
6 CTM 0.22893 60.0 1800.0 200.0 1
7 CTM 0.035 60.0 1800.0 180.0 1
8 CTM 0.0819259 55.0 1800.0 200.0 1
9 CTM 0.167 60.0 2400.0 200.0 3
10 CTM 0.537 60.0 2400.0 200.0 3
11 CTM 0.019 55.0 1800.0 180.0 1
12 CTM 0.156 60.0 1800.0 180.0 1
13 CTM 0.011 35.0 1800.0 200.0 1
14 CTM 0.011552 40.0 1800.0 200.0 3
15 CTM 0.143795 40.0 1800.0 200.0 3
16 CTM 0.139652 40.0 1800.0 200.0 4
17 CTM 0.107 55.0 1800.0 180.0 1
18 CTM 0.0905762 45.0 1800.0 200.0 3
19 CTM 0.373 65.0 2400.0 200.0 4
20 CTM 0.025 35.0 1800.0 180.0 1
21 CTM 0.0609756 35.0 1800.0 180.0 2
22 CTM 0.054 55.0 1800.0 180.0 1
23 CTM 0.087 25.0 2000.0 180.0 1
24 PQ 1 99999 9999999 99999 1
25 CTM 0.08 25.0 2000.0 180.0 1
26 PQ 1 99999 9999999 99999 1
27 CTM 2.289 65.0 2400.0 180.0 2
28 CTM 0.304 65.0 2400.0 200.0 3
29 CTM 2.289 65.0 2400.0 180.0 2
30 CTM 0.0609756 25.0 1800.0 180.0 1
31 CTM 0.2 65.0 2400.0 200.0 4
32 CTM 1.966 65.0 2400.0 180.0 2
33 CTM 0.091 65.0 2400.0 200.0 3
34 CTM 1.966 65.0 2400.0 180.0 2
35 CTM 0.125073 40.0 1800.0 200.0 5
36 CTM 0.397436 40.0 1800.0 200.0 3
37 CTM 0.149156 40.0 1800.0 200.0 2
38 CTM 0.137 40.0 1800.0 180.0 2
39 CTM 0.139652 40.0 1800.0 200.0 3
40 CTM 0.178997 40.0 1800.0 200.0 2
41 CTM 0.137 40.0 1800.0 180.0 2
42 CTM 0.148819 40.0 1800.0 200.0 2
43 CTM 0.167 50.0 1800.0 180.0 1
44 CTM 0.0450131 40.0 1800.0 200.0 3
45 CTM 0.0355482 40.0 1800.0 200.0 3
46 CTM 0.254 50.0 1800.0 180.0 1
47 CTM 0.19 45.0 1800.0 180.0 1
48 CTM 0.173 60.0 2400.0 200.0 3
49 CTM 0.297866 45.0 1800.0 180.0 1
50 CTM 0.0609756 25.0 1800.0 180.0 1
51 PQ 1 99999 9999999 99999 1
52 CTM 0.16 40.0 1800.0 180.0 2
54 CTM 0.258 65.0 2400.0 200.0 4
55 CTM 0.180028 45.0 1800.0 200.0 3
57 CTM 0.105793 40.0 1800.0 180.0 1
58 CTM 0.126969 45.0 1800.0 200.0 3
59 CTM 0.145427 50.0 1800.0 180.0 1
60 CTM 0.0545732 45.0 1800.0 180.0 1
61 CTM 0.232317 45.0 1800.0 180.0 2
62 CTM 0.161 45.0 1800.0 180.0 2
63 CTM 0.0852604 40.0 1800.0 200.0 3
64 CTM 0.106425 40.0 1800.0 200.0 3
65 CTM 0.157 50.0 1800.0 180.0 1
66 CTM 0.166927 40.0 1800.0 200.0 2
67 CTM 0.141768 50.0 1800.0 180.0 1
68 CTM 0.128214 40.0 1800.0 200.0 2
69 CTM 0.154 35.0 1800.0 200.0 1
70 CTM 0.282927 45.0 1800.0 180.0 2
71 PQ 1 99999 9999999 99999 1
72 CTM 0.411332 40.0 1800.0 200.0 2
73 CTM 0.215244 35.0 1800.0 180.0 1
74 CTM 0.148645 40.0 1800.0 200.0 3
75 CTM 0.347107 40.0 1800.0 200.0 2
76 CTM 0.02 40.0 1800.0 180.0 1
77 CTM 0.124091 40.0 1800.0 200.0 2
78 CTM 0.256 65.0 2400.0 200.0 3
79 CTM 0.102 50.0 1800.0 180.0 1
80 CTM 0.140244 50.0 1800.0 180.0 1
81 CTM 0.143 50.0 2000.0 180.0 1
82 CTM 0.254 35.0 1800.0 200.0 2
83 CTM 0.156 40.0 1800.0 180.0 1
84 CTM 0.111076 40.0 1800.0 200.0 4
85 CTM 0.100419 40.0 1800.0 200.0 3
86 CTM 0.0488445 30.0 1800.0 200.0 1
87 CTM 0.0963058 40.0 1800.0 200.0 3
88 CTM 0.197866 40.0 1800.0 180.0 2
89 CTM 0.163 45.0 1800.0 180.0 2
90 CTM 0.0450131 40.0 1800.0 200.0 3
91 CTM 0.207175 40.0 1800.0 200.0 3
92 CTM 0.107 50.0 1800.0 180.0 2
93 CTM 0.182317 25.0 1800.0 180.0 1
94 CTM 0.103808 40.0 1800.0 200.0 3
95 CTM 0.0534363 35.0 1800.0 200.0 2
96 CTM 0.079443 40.0 1800.0 200.0 2
97 CTM 0.176829 25.0 1800.0 180.0 2
98 CTM 0.154 45.0 1800.0 180.0 2
99 CTM 0.103059 40.0 1800.0 200.0 2
100 CTM 0.0738235 40.0 1800.0 200.0 2
101 CTM 0.1 25.0 2000.0 180.0 1
102 CTM 0.0733787 40.0 1800.0 200.0 2
103 CTM 0.22561 40.0 1800.0 180.0 2
104 CTM 0.13811 40.0 1800.0 180.0 2
105 CTM 0.24939 45.0 1800.0 180.0 1
106 CTM 0.403963 60.0 1800.0 180.0 2
107 CTM 0.180793 50.0 1800.0 180.0 1
108 CTM 0.0726896 35.0 1800.0 200.0 2
109 CTM 0.103059 40.0 1800.0 200.0 3
110 CTM 0.10708 40.0 1800.0 200.0 4
111 CTM 0.497256 60.0 1800.0 180.0 2
112 CTM 0.115244 20.0 1800.0 180.0 2
113 PQ 1 99999 9999999 99999 1
114 CTM 0.487195 60.0 1800.0 180.0 2
115 CTM 0.592 65.0 2400.0 180.0 2
116 CTM 0.385 65.0 2400.0 200.0 4
117 CTM 0.534756 60.0 1800.0 180.0 2
118 CTM 0.126 65.0 2400.0 200.0 2
119 CTM 0.232622 60.0 1800.0 180.0 1
120 CTM 0.253 65.0 2400.0 200.0 3
121 CTM 0.142 65.0 2400.0 200.0 3
122 CTM 0.471 60.0 2400.0 180.0 2
123 CTM 0.38 65.0 2400.0 200.0 3
124 CTM 0.951 60.0 2400.0 180.0 2
125 CTM 0.352 65.0 2400.0 200.0 2
126 CTM 0.801829 60.0 1800.0 180.0 2
127 CTM 0.318 65.0 2400.0 200.0 2
128 CTM 0.610366 60.0 1800.0 180.0 1
129 CTM 0.379268 40.0 1800.0 180.0 1
130 CTM 0.255 65.0 2400.0 200.0 3
131 CTM 0.123171 55.0 1800.0 180.0 2
132 CTM 0.351 65.0 2400.0 200.0 2
133 CTM 0.613415 50.0 1800.0 180.0 2
134 CTM 0.638 65.0 2400.0 200.0 3
135 CTM 0.319207 45.0 1800.0 180.0 1
136 CTM 0.470122 60.0 1800.0 180.0 2
137 CTM 0.156098 25.0 1800.0 180.0 1
138 CTM 0.296646 55.0 1800.0 180.0 1
139 CTM 0.183841 40.0 1800.0 180.0 2
140 CTM 0.121646 45.0 1800.0 180.0 2
141 CTM 0.116539 45.0 1800.0 200.0 3
142 CTM 0.151994 45.0 1800.0 200.0 3
143 PQ 1 99999 9999999 99999 1
144 PQ 1 99999 9999999 99999 1
145 CTM 0.14618 35.0 1800.0 200.0 1
146 CTM 0.133629 45.0 1800.0 200.0 3
147 PQ 1 99999 9999999 99999 1
148 CTM 0.067 15.0 1800.0 200.0 2
150 CTM 0.0736893 45.0 1800.0 200.0 3
151 CTM 0.067 15.0 1800.0 180.0 2
152 CTM 0.07 15.0 1800.0 200.0 1
153 CTM 0.07 15.0 1800.0 180.0 1
154 CTM 0.019 15.0 1800.0 200.0 1
155 CTM 0.019 15.0 1800.0 200.0 1
156 CTM 0.0609756 25.0 1800.0 180.0 1
157 CTM 0.0609756 25.0 1800.0 180.0 1
158 PQ 1 99999 9999999 99999 1
159 PQ 1 99999 9999999 99999 1
160 CTM 0.429 65.0 2400.0 200.0 2
161 PQ 1 99999 9999999 99999 1
162 PQ 1 99999 9999999 99999 1
164 CTM 0.763 60.0 2000.0 180.0 2
165 CTM 0.101743 45.0 1800.0 200.0 2
166 CTM 0.234 30.0 1800.0 200.0 1
167 CTM 0.0609756 25.0 1800.0 180.0 1
168 CTM 0.0609756 35.0 1800.0 180.0 1
169 CTM 0.184 65.0 2400.0 200.0 2
170 CTM 0.278 50.0 2000.0 180.0 1
171 CTM 0.556 60.0 2000.0 180.0 2
172 CTM 0.389756 45.0 1800.0 200.0 2
173 CTM 0.122781 45.0 1800.0 200.0 5
178 CTM 0.0704268 25.0 1800.0 180.0 2
179 CTM 0.0704268 25.0 1800.0 180.0 2
180 CTM 0.279 65.0 2400.0 200.0 2
181 CTM 0.0609756 30.0 1800.0 180.0 1
182 CTM 0.0609756 30.0 1800.0 180.0 1
183 CTM 0.0609756 30.0 1800.0 180.0 1
184 CTM 0.0609756 30.0 1800.0 180.0 1
185 CTM 0.0609756 25.0 1800.0 180.0 1
186 CTM 0.0609756 25.0 1800.0 180.0 1
187 PQ 1 99999 9999999 99999 1
188 PQ 1 99999 9999999 99999 1
189 CTM 0.290086 40.0 1800.0 200.0 2
190 CTM 0.114306 40.0 1800.0 200.0 4
191 PQ 1 99999 9999999 99999 1
192 CTM 0.249 65.0 2400.0 200.0 2
193 PQ 1 99999 9999999 99999 1
194 CTM 0.167856 45.0 1800.0 200.0 2
195 CTM 0.099 65.0 2400.0 200.0 3
196 CTM 0.0609756 25.0 1800.0 180.0 1
197 CTM 0.184 65.0 2400.0 200.0 3
198 CTM 0.125 65.0 2400.0 200.0 2
200 CTM 0.0572887 40.0 1800.0 200.0 3
201 CTM 0.0609756 25.0 1800.0 180.0 1
202 PQ 1 99999 9999999 99999 1
204 PQ 1 99999 9999999 99999 1
205 PQ 1 99999 9999999 99999 1
210 CTM 0.158 65.0 2400.0 200.0 3
211 CTM 0.29 65.0 2400.0 200.0 4
214 CTM 0.0609756 25.0 1800.0 180.0 1
215 CTM 0.29 65.0 2400.0 200.0 3
216 CTM 0.332988 60.0 1800.0 200.0 2
217 CTM 0.149 65.0 2400.0 200.0 2
218 CTM 0.0609756 25.0 1800.0 180.0 1
219 CTM 0.0609756 25.0 1800.0 180.0 1
220 CTM 0.0609756 25.0 1800.0 180.0 1
221 PQ 1 99999 9999999 99999 1
222 PQ 1 99999 9999999 99999 1
223 PQ 1 99999 9999999 99999 1
224 CTM 0.142465 35.0 1800.0 200.0 1
225 CTM 0.103808 40.0 1800.0 200.0 3
226 CTM 0.0326814 40.0 1800.0 200.0 5
227 PQ 1 99999 9999999 99999 1
228 CTM 0.0609756 30.0 1800.0 180.0 1
229 CTM 0.0609756 30.0 1800.0 180.0 1
230 CTM 0.0609756 30.0 1800.0 180.0 1
231 CTM 0.141 35.0 1800.0 180.0 2
232 CTM 0.0609756 30.0 1800.0 180.0 1
233 PQ 1 99999 9999999 99999 1
234 CTM 0.183 25.0 1800.0 200.0 2
235 PQ 1 99999 9999999 99999 1
236 CTM 0.0609756 30.0 1800.0 180.0 1
237 PQ 1 99999 9999999 99999 1
238 PQ 1 99999 9999999 99999 1
239 CTM 0.11251 40.0 1800.0 200.0 3
240 CTM 0.28 65.0 2400.0 200.0 2
241 CTM 0.0609756 30.0 1800.0 180.0 1
242 CTM 0.228 65.0 2400.0 200.0 3
243 CTM 0.124 65.0 2400.0 200.0 3
244 CTM 0.0609756 30.0 1800.0 180.0 1
245 CTM 0.0609756 30.0 1800.0 180.0 1
246 PQ 1 99999 9999999 99999 1
247 CTM 0.091 65.0 2400.0 200.0 4
248 PQ 1 99999 9999999 99999 1
249 CTM 0.657 65.0 2400.0 200.0 2
250 CTM 0.382 65.0 2400.0 200.0 2
251 PQ 1 99999 9999999 99999 1
252 PQ 1 99999 9999999 99999 1
253 PQ 1 99999 9999999 99999 1
254 CTM 0.089136 45.0 1800.0 200.0 3
255 CTM 0.0609756 30.0 1800.0 180.0 1
256 CTM 0.0609756 30.0 1800.0 180.0 1
257 CTM 0.104965 50.0 1800.0 200.0 3
258 CTM 0.0720399 30.0 1800.0 200.0 1
259 CTM 0.14161 50.0 1800.0 200.0 4
260 CTM 0.0609756 30.0 1800.0 180.0 1
261 CTM 0.0771561 50.0 1800.0 200.0 3
262 CTM 0.104965 50.0 1800.0 200.0 4
263 CTM 0.0609756 30.0 1800.0 180.0 1
264 PQ 1 99999 9999999 99999 1
265 PQ 1 99999 9999999 99999 1
266 PQ 1 99999 9999999 99999 1
267 PQ 1 99999 9999999 99999 1
270 CTM 0.108661 50.0 1800.0 200.0 3
271 CTM 0.131098 35.0 1800.0 200.0 2
272 CTM 0.131098 35.0 1800.0 200.0 2
273 CTM 0.0609756 30.0 1800.0 180.0 1
274 CTM 0.0609756 30.0 1800.0 180.0 1
275 CTM 0.0609756 30.0 1800.0 180.0 1
276 CTM 0.0609756 30.0 1800.0 180.0 1
277 PQ 1 99999 9999999 99999 1
278 PQ 1 99999 9999999 99999 1
279 CTM 0.0767552 60.0 1800.0 200.0 1
280 PQ 1 99999 9999999 99999 1
281 PQ 1 99999 9999999 99999 1
282 CTM 0.0609756 30.0 1800.0 180.0 1
283 CTM 0.0609756 30.0 1800.0 180.0 1
284 CTM 0.0609756 30.0 1800.0 180.0 1
285 CTM 0.0677012 25.0 1800.0 200.0 1
286 CTM 0.141397 50.0 1800.0 200.0 4
287 CTM 0.0609756 30.0 1800.0 180.0 1
288 PQ 1 99999 9999999 99999 1
289 CTM 0.100916 50.0 1800.0 200.0 3
290 PQ 1 99999 9999999 99999 1
292 CTM 0.10845 50.0 1800.0 200.0 3
293 PQ 1 99999 9999999 99999 1
294 PQ 1 99999 9999999 99999 1
295 CTM 0.0609756 30.0 1800.0 180.0 1
296 CTM 0.0609756 30.0 1800.0 180.0 1
297 CTM 0.0609756 30.0 1800.0 180.0 1
298 CTM 0.015 65.0 1800.0 180.0 2
299 CTM 0.0609756 30.0 1800.0 180.0 1
300 PQ 1 99999 9999999 99999 1
301 PQ 1 99999 9999999 99999 1
302 CTM 0.100916 50.0 1800.0 200.0 3
303 CTM 0.122651 50.0 1800.0 200.0 6
304 PQ 1 99999 9999999 99999 1
305 PQ 1 99999 9999999 99999 1
306 CTM 0.0609756 30.0 1800.0 180.0 1
307 CTM 0.0609756 30.0 1800.0 180.0 1
308 CTM 0.0609756 30.0 1800.0 180.0 1
309 PQ 1 99999 9999999 99999 1
311 PQ 1 99999 9999999 99999 1
312 CTM 0.0975256 45.0 1800.0 200.0 2
313 PQ 1 99999 9999999 99999 1
314 CTM 0.122651 50.0 1800.0 200.0 3
315 CTM 0.122751 45.0 1800.0 200.0 2
316 PQ 1 99999 9999999 99999 1
317 CTM 0.158014 50.0 1800.0 200.0 3
318 CTM 0.0609756 30.0 1800.0 180.0 1
319 CTM 0.15844 50.0 1800.0 200.0 3
320 CTM 0.10502 45.0 1800.0 200.0 3
321 CTM 0.0609756 30.0 1800.0 180.0 1
322 CTM 0.0801402 50.0 1800.0 200.0 3
323 CTM 0.109382 45.0 1800.0 200.0 3
324 CTM 0.0353518 35.0 1800.0 200.0 1
325 CTM 0.0414963 40.0 1800.0 200.0 3
326 CTM 0.01 65.0 1800.0 180.0 2
327 CTM 0.0609756 30.0 1800.0 180.0 1
328 CTM 0.479 65.0 2400.0 200.0 3
329 CTM 0.478 65.0 2400.0 200.0 3
330 PQ 1 99999 9999999 99999 1
331 CTM 0.177467 45.0 1800.0 200.0 1
332 CTM 0.183 65.0 2400.0 200.0 2
333 PQ 1 99999 9999999 99999 1
334 CTM 0.516 65.0 2400.0 200.0 5
335 PQ 1 99999 9999999 99999 1
336 PQ 1 99999 9999999 99999 1
337 CTM 0.101299 45.0 1800.0 200.0 1
338 CTM 0.352 65.0 2400.0 200.0 3
339 CTM 0.0609756 30.0 1800.0 180.0 1
340 CTM 0.0609756 30.0 1800.0 180.0 1
341 CTM 0.016 65.0 1800.0 180.0 2
342 CTM 0.0609756 30.0 1800.0 180.0 1
343 PQ 1 99999 9999999 99999 1
344 PQ 1 99999 9999999 99999 1
345 PQ 1 99999 9999999 99999 1
346 PQ 1 99999 9999999 99999 1
347 CTM 0.0609756 30.0 1800.0 180.0 1
348 CTM 0.0609756 30.0 1800.0 180.0 1
349 CTM 0.0609756 30.0 1800.0 180.0 1
350 CTM 0.0609756 30.0 1800.0 180.0 1
351 CTM 0.315 65.0 2400.0 200.0 2
352 PQ 1 99999 9999999 99999 1
353 PQ 1 99999 9999999 99999 1
354 PQ 1 99999 9999999 99999 1
355 PQ 1 99999 9999999 99999 1
356 CTM 0.429 65.0 2400.0 200.0 2
357 PQ 1 99999 9999999 99999 1
358 CTM 0.0609756 30.0 1800.0 180.0 2
360 CTM 0.19 65.0 2400.0 200.0 2
361 PQ 1 99999 9999999 99999 1
362 CTM 0.18569 45.0 1800.0 200.0 1
363 CTM 0.187 65.0 2400.0 200.0 2
364 PQ 1 99999 9999999 99999 1
365 CTM 0.0609756 30.0 1800.0 180.0 1
366 CTM 0.167 60.0 1800.0 200.0 1
367 CTM 0.0609756 30.0 1800.0 180.0 1
368 CTM 0.0609756 30.0 1800.0 180.0 1
369 CTM 0.0609756 30.0 1800.0 180.0 1
370 CTM 0.11 65.0 2400.0 200.0 3
371 PQ 1 99999 9999999 99999 1
372 PQ 1 99999 9999999 99999 1
373 CTM 0.347 65.0 2400.0 200.0 3
374 PQ 1 99999 9999999 99999 1
375 CTM 0.113 65.0 2400.0 200.0 3
376 CTM 0.497 65.0 2400.0 200.0 3
377 PQ 1 99999 9999999 99999 1
378 CTM 0.254 65.0 2400.0 200.0 3
379 PQ 1 99999 9999999 99999 1
380 CTM 0.173 65.0 2400.0 200.0 3
381 CTM 0.194817 15.0 1800.0 200.0 1
382 CTM 0.0838415 35.0 1800.0 200.0 2
383 CTM 0.489 65.0 2400.0 200.0 3
384 CTM 0.391 65.0 2400.0 200.0 3
385 CTM 0.0838415 35.0 1800.0 200.0 2
386 CTM 0.089464 45.0 1800.0 200.0 3
387 CTM 0.0913582 25.0 1800.0 200.0 1
389 CTM 0.0801402 50.0 1800.0 200.0 5
390 CTM 0.0773354 50.0 1800.0 200.0 3
391 CTM 0.158014 50.0 1800.0 200.0 6
392 CTM 0.251314 50.0 1800.0 200.0 3
395 CTM 0.318 65.0 2400.0 200.0 3
397 CTM 0.142 65.0 2400.0 200.0 3
399 CTM 0.201409 40.0 1800.0 200.0 2
400 CTM 0.32075 40.0 1800.0 200.0 2
402 CTM 0.125 65.0 2400.0 200.0 3
403 CTM 0.094 65.0 2400.0 200.0 5
406 CTM 0.0877945 40.0 1800.0 200.0 3
408 CTM 0.267 65.0 2400.0 200.0 2
409 CTM 0.452 65.0 2400.0 200.0 3
411 CTM 0.325 65.0 2400.0 200.0 4
413 CTM 0.147853 50.0 1800.0 200.0 2
414 CTM 0.23 65.0 2400.0 200.0 3
416 CTM 0.129 65.0 2400.0 200.0 2
418 CTM 0.16 60.0 2400.0 200.0 2
419 CTM 0.193165 65.0 1800.0 200.0 4
422 CTM 0.206 65.0 2400.0 200.0 2
424 CTM 0.303 65.0 2400.0 200.0 2
426 PQ 1 99999 9999999 99999 1
428 CTM 0.302 65.0 2400.0 200.0 2
430 CTM 0.249 65.0 2400.0 200.0 4
433 CTM 0.515 65.0 2400.0 200.0 5
434 CTM 0.152 65.0 2400.0 200.0 4
437 PQ 1 99999 9999999 99999 1
439 CTM 0.45 65.0 2400.0 200.0 3
441 CTM 0.142 65.0 2400.0 200.0 5
443 PQ 1 99999 9999999 99999 1
445 CTM 0.208 45.0 2400.0 200.0 2
447 CTM 0.098 45.0 2400.0 200.0 2
448 CTM 0.365 55.0 2400.0 200.0 2
450 CTM 0.126 65.0 2400.0 200.0 2
453 CTM 0.319 65.0 2400.0 200.0 3
455 CTM 0.284 65.0 2400.0 200.0 2
456 CTM 0.135 65.0 2400.0 200.0 2
458 CTM 0.078 65.0 2400.0 200.0 2
465 CTM 0.444 65.0 2400.0 200.0 2
467 CTM 0.628 65.0 2400.0 200.0 2
468 CTM 0.085 65.0 2400.0 200.0 2
471 CTM 0.461 65.0 2400.0 200.0 4
473 CTM 0.38 65.0 2400.0 200.0 2
476 CTM 0.126 65.0 2400.0 200.0 3
478 CTM 0.121 65.0 2400.0 200.0 2
480 CTM 0.172926 45.0 1800.0 200.0 1
481 CTM 0.306 65.0 2400.0 200.0 4
482 CTM 0.198 65.0 2400.0 200.0 3
484 CTM 0.0733966 55.0 1800.0 200.0 1
485 CTM 0.235 65.0 2400.0 200.0 5
489 CTM 0.31 65.0 2400.0 200.0 3
491 CTM 0.125539 45.0 1800.0 200.0 3
492 CTM 0.122781 40.0 1800.0 200.0 2
493 CTM 0.101528 45.0 1800.0 200.0 3
495 CTM 0.134859 45.0 1800.0 200.0 2
496 CTM 0.242255 50.0 1800.0 200.0 2
502 CTM 0.100419 40.0 1800.0 200.0 2
503 CTM 0.0195637 35.0 1800.0 200.0 3
504 CTM 0.0540665 40.0 1800.0 200.0 2
507 CTM 0.238498 40.0 1800.0 200.0 3
509 CTM 0.109479 40.0 1800.0 200.0 2
510 CTM 0.274995 40.0 1800.0 200.0 3
512 CTM 0.104255 40.0 1800.0 200.0 2
514 CTM 0.0887713 25.0 1800.0 200.0 1
515 CTM 0.638 65.0 2400.0 200.0 3
517 CTM 0.148819 40.0 1800.0 200.0 4
518 CTM 0.291831 40.0 1800.0 200.0 2
520 CTM 0.391 65.0 2400.0 200.0 3
522 CTM 0.257 65.0 2400.0 200.0 3
523 CTM 0.348 65.0 2400.0 200.0 3
525 CTM 0.46 65.0 2400.0 200.0 3
527 CTM 0.20026 45.0 1800.0 200.0 3
529 CTM 0.114306 40.0 1800.0 200.0 2
530 CTM 0.3019 40.0 1800.0 200.0 3
532 CTM 0.127086 40.0 1800.0 200.0 2
534 CTM 0.108 65.0 2400.0 200.0 3
535 PQ 1 99999 9999999 99999 1
537 CTM 0.0637982 40.0 1800.0 200.0 3
539 CTM 0.283886 40.0 1800.0 200.0 2
541 CTM 0.125073 40.0 1800.0 200.0 3
542 CTM 0.162058 40.0 1800.0 200.0 2
543 CTM 0.097461 40.0 1800.0 200.0 4
546 CTM 0.0812381 40.0 1800.0 200.0 2
547 CTM 0.296504 40.0 1800.0 200.0 3
549 CTM 0.111052 40.0 1800.0 200.0 2
550 CTM 0.130724 40.0 1800.0 200.0 3
551 CTM 0.116453 40.0 1800.0 200.0 3
552 CTM 0.69375 40.0 1800.0 200.0 2
553 CTM 0.0691979 40.0 1800.0 200.0 2
554 CTM 0.0738235 40.0 1800.0 200.0 3
555 PQ 1 99999 9999999 99999 1
556 CTM 0.077864 35.0 1800.0 200.0 2
557 CTM 0.110452 45.0 1800.0 200.0 3
559 CTM 0.067939 45.0 1800.0 200.0 2
561 CTM 0.1564 45.0 1800.0 200.0 3
564 CTM 0.119 65.0 2400.0 200.0 2
580 CTM 0.628 65.0 2400.0 200.0 3
582 CTM 0.062 65.0 2400.0 200.0 2
584 CTM 0.19 60.0 1800.0 200.0 1
587 CTM 0.744 65.0 2400.0 200.0 3
588 CTM 0.067 65.0 2400.0 200.0 3
591 CTM 0.073 65.0 2400.0 200.0 3
593 CTM 0.115 65.0 2400.0 200.0 3
594 CTM 0.593 65.0 2400.0 200.0 3
597 CTM 0.194235 55.0 1800.0 200.0 1
598 CTM 0.274 65.0 2400.0 200.0 3
600 CTM 0.382 65.0 2400.0 200.0 3
601 CTM 0.033 65.0 2400.0 200.0 3
604 CTM 0.493 65.0 2400.0 200.0 3
605 CTM 0.105 65.0 2400.0 200.0 3
607 CTM 0.376 65.0 2400.0 200.0 3
610 CTM 0.387 65.0 2400.0 200.0 3
611 CTM 0.161979 55.0 1800.0 200.0 1
612 CTM 0.497 65.0 2400.0 200.0 3
614 CTM 0.519 60.0 2400.0 200.0 3
617 CTM 0.873 65.0 2400.0 200.0 3
619 CTM 0.226 65.0 2400.0 200.0 3
621 CTM 0.498 65.0 2400.0 200.0 3
623 CTM 0.172 65.0 2400.0 200.0 3
624 CTM 0.192 65.0 2400.0 200.0 3
626 CTM 0.250042 55.0 1800.0 200.0 1
628 CTM 0.129 60.0 2400.0 200.0 3
629 CTM 0.418 60.0 2400.0 200.0 3
631 CTM 0.167 60.0 2400.0 200.0 3
635 CTM 0.215 60.0 2400.0 200.0 4
636 CTM 0.142 60.0 2400.0 200.0 3
638 CTM 0.152316 65.0 1800.0 200.0 3
640 CTM 0.305 45.0 1800.0 200.0 1
641 CTM 0.184 65.0 2400.0 200.0 4
643 CTM 0.301065 60.0 1800.0 200.0 2
645 CTM 0.259258 60.0 1800.0 200.0 2
646 CTM 0.087 65.0 2400.0 200.0 2
647 CTM 0.545 65.0 2400.0 200.0 3
652 PQ 1 99999 9999999 99999 1
653 CTM 0.279 65.0 2400.0 200.0 2
655 CTM 0.284 65.0 2400.0 200.0 2
657 CTM 0.656 65.0 2400.0 200.0 2
659 CTM 0.627 65.0 2400.0 200.0 2
661 CTM 0.445 65.0 2400.0 200.0 2
663 CTM 0.379 65.0 2400.0 200.0 2
665 CTM 0.159 65.0 2400.0 200.0 3
667 CTM 0.296 65.0 2400.0 200.0 2
669 CTM 0.182 65.0 2400.0 200.0 2
671 CTM 0.0987473 60.0 1800.0 200.0 2
672 CTM 0.126 65.0 2400.0 200.0 3
674 CTM 0.299 65.0 2400.0 200.0 2
677 CTM 0.124 65.0 2400.0 200.0 2
679 CTM 0.383 65.0 2400.0 200.0 3
680 CTM 0.121 65.0 2400.0 200.0 3
683 CTM 0.142 65.0 2400.0 200.0 3
686 CTM 0.152 65.0 2400.0 200.0 3
688 CTM 0.28 65.0 2400.0 200.0 3
695 CTM 0.106663 60.0 1800.0 200.0 1
708 CTM 0.105 60.0 2400.0 200.0 1
710 CTM 0.152 60.0 2400.0 200.0 2
713 CTM 0.176266 55.0 1800.0 200.0 1
714 CTM 0.508 60.0 2400.0 200.0 3
716 CTM 0.193 65.0 2400.0 200.0 4
720 CTM 0.094 65.0 2400.0 200.0 5
728 CTM 0.0676006 60.0 1800.0 200.0 1
730 CTM 0.184304 60.0 1800.0 200.0 4
733 CTM 0.172 60.0 2400.0 200.0 4
735 CTM 0.079 60.0 2400.0 200.0 4
740 CTM 0.17 60.0 2400.0 200.0 2
742 CTM 0.183168 60.0 1800.0 200.0 1
743 CTM 0.205 60.0 2400.0 200.0 2
756 CTM 0.217 60.0 2400.0 200.0 2
766 CTM 0.145877 40.0 1800.0 200.0 1
767 CTM 0.0816345 60.0 1800.0 200.0 2
772 CTM 0.361585 60.0 1800.0 200.0 1
784 CTM 0.122 60.0 2400.0 200.0 2
786 CTM 0.184 65.0 2400.0 200.0 4
792 CTM 0.112 65.0 2400.0 200.0 5
801 CTM 0.152 60.0 2400.0 200.0 2
805 PQ 1 99999 9999999 99999 1
807 CTM 0.305762 65.0 1800.0 200.0 4
810 CTM 0.32 65.0 2400.0 200.0 3
812 CTM 0.115 50.0 2400.0 200.0 2
813 CTM 0.274 65.0 2400.0 200.0 2
814 CTM 0.055 50.0 2400.0 200.0 2
816 CTM 0.0316732 30.0 1800.0 200.0 2
818 CTM 0.123829 30.0 1800.0 200.0 2
819 CTM 0.247174 30.0 1800.0 200.0 2
820 CTM 0.565 65.0 2400.0 200.0 3
823 CTM 0.160998 45.0 1800.0 200.0 1
824 CTM 0.326 65.0 2400.0 200.0 3
826 CTM 0.164623 30.0 1800.0 200.0 2
827 CTM 0.0719088 30.0 1800.0 200.0 2
828 CTM 0.0666817 30.0 1800.0 200.0 1
832 CTM 0.132754 30.0 1800.0 200.0 2
833 CTM 0.0697655 30.0 1800.0 200.0 2
834 PQ 1 99999 9999999 99999 1
835 PQ 1 99999 9999999 99999 1
840 CTM 0.131073 35.0 1800.0 200.0 2
842 CTM 0.220641 55.0 1800.0 200.0 1
843 CTM 0.154 65.0 2400.0 200.0 3
845 PQ 1 99999 9999999 99999 1
846 PQ 1 99999 9999999 99999 1
847 CTM 0.123829 30.0 1800.0 200.0 2
848 CTM 0.120652 30.0 1800.0 200.0 1
850 CTM 0.245766 30.0 1800.0 200.0 1
851 CTM 0.0463561 30.0 1800.0 200.0 2
852 CTM 0.0552555 30.0 1800.0 200.0 1
853 CTM 0.0719088 30.0 1800.0 200.0 1
856 CTM 0.169492 30.0 1800.0 200.0 2
857 CTM 0.0585125 30.0 1800.0 200.0 1
858 CTM 0.132754 30.0 1800.0 200.0 1
859 CTM 0.245766 30.0 1800.0 200.0 1
861 CTM 0.241937 30.0 1800.0 200.0 1
862 CTM 0.111398 30.0 1800.0 200.0 1
864 CTM 0.142917 30.0 1800.0 200.0 1
865 PQ 1 99999 9999999 99999 1
867 CTM 0.185106 45.0 1800.0 200.0 1
871 CTM 0.0592412 20.0 1800.0 200.0 1
872 CTM 0.133995 30.0 1800.0 200.0 3
873 CTM 0.156332 45.0 1800.0 200.0 1
876 CTM 0.109956 60.0 1800.0 200.0 1
879 PQ 1 99999 9999999 99999 1
880 CTM 0.0387055 30.0 1800.0 200.0 1
881 CTM 0.0263865 30.0 1800.0 200.0 1
882 CTM 0.0255205 25.0 1800.0 200.0 1
885 CTM 0.0249909 40.0 1800.0 200.0 1
886 CTM 0.132375 30.0 1800.0 200.0 1
887 CTM 0.103769 35.0 1800.0 200.0 1
889 CTM 0.105317 25.0 1800.0 200.0 1
890 PQ 1 99999 9999999 99999 1
894 CTM 0.0975485 30.0 1800.0 200.0 1
897 PQ 1 99999 9999999 99999 1
899 CTM 0.118936 30.0 1800.0 200.0 1
900 CTM 0.0373262 30.0 1800.0 200.0 1
902 CTM 0.142917 30.0 1800.0 200.0 1
903 CTM 0.241937 30.0 1800.0 200.0 1
905 CTM 0.0439726 30.0 1800.0 200.0 2
908 CTM 0.0524015 30.0 1800.0 200.0 2
909 CTM 0.0431366 35.0 1800.0 200.0 2
917 CTM 0.108 65.0 2400.0 200.0 3
920 CTM 0.0524015 30.0 1800.0 200.0 2
921 CTM 0.0289382 35.0 1800.0 200.0 2
926 CTM 0.051304 30.0 1800.0 200.0 2
928 CTM 0.0673491 20.0 1800.0 200.0 2
929 CTM 0.0355204 30.0 1800.0 200.0 2
930 CTM 0.0428509 30.0 1800.0 200.0 1
931 CTM 0.0627805 30.0 1800.0 200.0 2
932 CTM 0.0557784 35.0 1800.0 200.0 1
933 CTM 0.147708 30.0 1800.0 200.0 2
936 CTM 0.0483427 30.0 1800.0 200.0 3
940 CTM 0.102369 45.0 1800.0 200.0 1
941 CTM 0.113873 35.0 1800.0 200.0 1
942 CTM 0.135752 30.0 1800.0 200.0 2
944 CTM 0.0768881 30.0 1800.0 200.0 2
946 CTM 0.113944 45.0 1800.0 200.0 2
947 CTM 0.102138 30.0 1800.0 200.0 3
948 CTM 0.0278512 35.0 1800.0 200.0 2
951 CTM 0.0938564 35.0 1800.0 200.0 2
952 CTM 0.0926637 30.0 1800.0 200.0 1
955 CTM 0.0756902 30.0 1800.0 200.0 3
956 CTM 0.0227951 35.0 1800.0 200.0 1
958 CTM 0.217446 30.0 1800.0 200.0 2
959 CTM 0.0587284 25.0 1800.0 200.0 2
960 CTM 0.0603765 30.0 1800.0 200.0 2
963 CTM 0.0711204 30.0 1800.0 200.0 2
965 CTM 0.038697 30.0 1800.0 200.0 2
969 CTM 0.0385378 30.0 1800.0 200.0 2
970 CTM 0.0712869 30.0 1800.0 200.0 2
974 CTM 0.124726 55.0 1800.0 200.0 1
975 PQ 1 99999 9999999 99999 1
977 CTM 0.0755341 35.0 1800.0 200.0 3
978 CTM 0.0699418 30.0 1800.0 200.0 2
979 CTM 0.0805082 30.0 1800.0 200.0 1
980 CTM 0.217446 30.0 1800.0 200.0 2
982 CTM 0.0864101 35.0 1800.0 200.0 2
983 CTM 0.0939512 20.0 1800.0 200.0 3
984 CTM 0.0444226 35.0 1800.0 200.0 2
985 CTM 0.0774095 25.0 1800.0 200.0 2
987 CTM 0.0876741 35.0 1800.0 200.0 1
990 CTM 0.31 65.0 2400.0 200.0 3
991 CTM 0.072086 25.0 1800.0 200.0 4
993 CTM 0.2 65.0 2400.0 200.0 4
996 CTM 0.198 65.0 2400.0 200.0 3
997 CTM 0.0415823 25.0 1800.0 200.0 1
999 CTM 0.0667503 25.0 1800.0 200.0 1
1006 CTM 0.0886988 60.0 1800.0 200.0 1
1008 PQ 1 99999 9999999 99999 1
1009 CTM 0.107156 25.0 1800.0 200.0 1
1010 CTM 0.0667241 30.0 1800.0 200.0 2
1011 CTM 0.0532646 30.0 1800.0 200.0 2
1012 CTM 0.0367537 35.0 1800.0 200.0 2
1013 CTM 0.18013 30.0 1800.0 200.0 2
1014 CTM 0.0627805 30.0 1800.0 200.0 3
1017 CTM 0.130591 30.0 1800.0 200.0 2
1020 CTM 0.102594 60.0 1800.0 200.0 1
1021 CTM 0.0732442 35.0 1800.0 200.0 3
1023 CTM 0.0597509 30.0 1800.0 200.0 3
1025 CTM 0.0805082 30.0 1800.0 200.0 1
1026 CTM 0.0428509 30.0 1800.0 200.0 2
1027 CTM 0.11832 30.0 1800.0 200.0 1
1028 CTM 0.118936 30.0 1800.0 200.0 1
1030 CTM 0.0487421 30.0 1800.0 200.0 1
1031 CTM 0.0249909 40.0 1800.0 200.0 1
1032 CTM 0.184706 30.0 1800.0 200.0 1
1033 CTM 0.184706 30.0 1800.0 200.0 1
1034 CTM 0.0552555 30.0 1800.0 200.0 2
1035 CTM 0.073657 30.0 1800.0 200.0 1
1036 CTM 0.0475604 20.0 1800.0 200.0 1
1037 CTM 0.0263865 40.0 1800.0 200.0 1
1038 CTM 0.107019 30.0 1800.0 200.0 1
1039 CTM 0.049439 30.0 1800.0 200.0 1
1040 CTM 0.0372732 30.0 1800.0 200.0 1
1041 CTM 0.132375 30.0 1800.0 200.0 1
1042 CTM 0.0704948 30.0 1800.0 200.0 1
1043 CTM 0.107019 30.0 1800.0 200.0 1
1044 CTM 0.0829201 30.0 1800.0 200.0 1
1045 CTM 0.120652 30.0 1800.0 200.0 1
1046 CTM 0.0704948 30.0 1800.0 200.0 1
1047 CTM 0.0387055 30.0 1800.0 200.0 2
1048 CTM 0.0345515 15.0 1800.0 200.0 1
1049 CTM 0.0372732 30.0 1800.0 200.0 1
1050 CTM 0.0829201 30.0 1800.0 200.0 1
1052 CTM 0.142711 55.0 1800.0 200.0 1
1056 CTM 0.121726 45.0 1800.0 200.0 1
1061 CTM 0.0758424 35.0 1800.0 200.0 1
1063 CTM 0.107696 40.0 1800.0 200.0 2
1065 CTM 0.248582 40.0 1800.0 200.0 2
1068 CTM 0.1 65.0 2400.0 200.0 3
1069 CTM 0.069 60.0 2400.0 200.0 2
1071 CTM 0.0415302 35.0 1800.0 200.0 2
1072 CTM 0.167012 40.0 1800.0 200.0 3
1075 CTM 0.108172 40.0 1800.0 200.0 3
1076 CTM 0.0932966 40.0 1800.0 200.0 4
1080 CTM 0.124091 40.0 1800.0 200.0 4
1081 CTM 0.324159 40.0 1800.0 200.0 2
1092 CTM 0.0388067 40.0 1800.0 200.0 3
1095 CTM 0.080982 40.0 1800.0 200.0 2
1097 CTM 0.0846027 40.0 1800.0 200.0 5
1098 CTM 0.187672 40.0 1800.0 200.0 3
1100 CTM 0.0469738 20.0 1800.0 200.0 1
1101 CTM 0.062725 40.0 1800.0 200.0 3
1104 CTM 0.0412241 30.0 1800.0 200.0 1
1105 CTM 0.0541683 40.0 1800.0 200.0 2
1106 CTM 0.163 35.0 1800.0 200.0 3
1115 CTM 0.426 60.0 2400.0 200.0 3
1116 CTM 0.53 60.0 2400.0 200.0 3
1118 CTM 0.0596631 20.0 1800.0 200.0 1
1119 CTM 0.140549 40.0 1800.0 200.0 3
1121 PQ 1 99999 9999999 99999 1
1122 PQ 1 99999 9999999 99999 1
1123 CTM 0.0612555 25.0 1800.0 200.0 2
1124 CTM 0.0790646 40.0 1800.0 200.0 3
1126 CTM 0.117381 35.0 1800.0 200.0 1
1127 CTM 0.0846027 40.0 1800.0 200.0 3
1136 CTM 0.0606457 40.0 1800.0 200.0 4
1138 CTM 0.0506643 40.0 1800.0 200.0 2
1139 CTM 0.0598082 40.0 1800.0 200.0 3
1141 CTM 0.0897085 40.0 1800.0 200.0 2
1142 CTM 0.0676738 40.0 1800.0 200.0 3
1147 CTM 0.107275 60.0 1800.0 200.0 1
1150 CTM 0.103629 40.0 1800.0 200.0 2
1152 CTM 0.0643073 40.0 1800.0 200.0 2
1153 CTM 0.0924558 40.0 1800.0 200.0 2
1155 CTM 0.0658823 40.0 1800.0 200.0 2
1161 CTM 0.0938143 60.0 1800.0 200.0 1
1166 CTM 0.120998 30.0 1800.0 200.0 3
1172 CTM 0.125508 55.0 1800.0 200.0 1
1173 CTM 0.39 65.0 2400.0 200.0 3
1183 PQ 1 99999 9999999 99999 1
1184 CTM 0.174537 40.0 1800.0 200.0 2
1186 CTM 0.10708 40.0 1800.0 200.0 2
1187 CTM 0.131501 40.0 1800.0 200.0 2
1189 CTM 0.116453 40.0 1800.0 200.0 2
1190 PQ 1 99999 9999999 99999 1
1191 CTM 0.107 65.0 2400.0 200.0 3
1204 CTM 0.102 60.0 1800.0 200.0 1
1207 CTM 0.0651585 35.0 1800.0 200.0 3
1209 CTM 0.131197 45.0 1800.0 200.0 2
1222 CTM 0.215376 40.0 1800.0 200.0 3
1223 CTM 0.26106 40.0 1800.0 200.0 3
1225 CTM 0.130259 40.0 1800.0 200.0 3
1226 CTM 0.115821 40.0 1800.0 200.0 3
1228 CTM 0.14441 40.0 1800.0 200.0 3
1230 CTM 0.262033 40.0 1800.0 200.0 3
1231 CTM 0.0324887 35.0 1800.0 200.0 3
1245 CTM 0.157 60.0 1800.0 200.0 1
1254 CTM 0.0112964 60.0 1800.0 200.0 1
1257 CTM 0.161 35.0 1800.0 200.0 2
1266 CTM 0.246978 55.0 1800.0 200.0 1
1267 CTM 0.167 65.0 2400.0 200.0 3
1274 CTM 0.11088 55.0 1800.0 200.0 1
1284 CTM 0.0676165 60.0 1800.0 200.0 1
1286 CTM 0.158063 45.0 1800.0 200.0 1
1287 CTM 0.0442942 40.0 1800.0 200.0 3
1290 CTM 0.143795 40.0 1800.0 200.0 2
1295 CTM 0.155734 35.0 1800.0 200.0 2
1304 CTM 0.166731 55.0 1800.0 200.0 1
1305 CTM 0.173 65.0 2400.0 200.0 3
1306 CTM 0.173 65.0 2400.0 200.0 3
1309 CTM 0.0827503 60.0 1800.0 200.0 1
1314 CTM 0.185108 50.0 1800.0 200.0 1
1319 CTM 0.083193 45.0 1800.0 200.0 1
1321 CTM 0.16 30.0 1800.0 200.0 3
1323 CTM 0.144417 55.0 1800.0 200.0 1
1324 CTM 0.113 65.0 2400.0 200.0 3
1327 CTM 0.149128 35.0 1800.0 200.0 3
1331 CTM 0.115586 45.0 1800.0 200.0 6
1346 CTM 0.127574 45.0 1800.0 200.0 5
1347 CTM 0.131906 45.0 1800.0 200.0 6
1372 CTM 0.148 65.0 2400.0 200.0 3
1375 CTM 0.43 65.0 2400.0 200.0 4
1376 CTM 0.156 65.0 2400.0 200.0 4
1379 CTM 0.152 65.0 2400.0 200.0 4
1380 CTM 0.428 65.0 2400.0 200.0 3
1383 PQ 1 99999 9999999 99999 1
1385 PQ 1 99999 9999999 99999 1
1386 CTM 0.639 65.0 2400.0 200.0 4
1389 CTM 0.152 65.0 2400.0 200.0 4
1390 CTM 0.206 65.0 2400.0 200.0 4
1393 CTM 0.181 65.0 2400.0 200.0 5
1394 CTM 0.098 65.0 2400.0 200.0 4
1397 CTM 0.206 65.0 2400.0 200.0 5
1398 CTM 0.276596 60.0 1800.0 200.0 2
1399 CTM 0.47 65.0 2400.0 200.0 3
1403 CTM 0.097 65.0 2400.0 200.0 5
1404 CTM 0.167 65.0 2400.0 200.0 3
1407 CTM 0.47 65.0 2400.0 200.0 3
1408 CTM 0.15 65.0 2400.0 200.0 3
1411 CTM 0.167 65.0 2400.0 200.0 3
1412 PQ 1 99999 9999999 99999 1
1416 CTM 0.179363 60.0 1800.0 200.0 2
1417 CTM 0.215 65.0 2400.0 200.0 3
1452 CTM 0.116947 60.0 1800.0 200.0 2
1455 CTM 0.0934655 60.0 1800.0 200.0 2
1466 CTM 0.458 65.0 2400.0 200.0 4
1469 PQ 1 99999 9999999 99999 1
1474 CTM 0.368 65.0 2400.0 200.0 3
1475 PQ 1 99999 9999999 99999 1
1478 CTM 0.19 65.0 2400.0 200.0 4
1479 CTM 0.129 65.0 2400.0 200.0 4
1483 CTM 0.128 65.0 2400.0 200.0 4
1484 CTM 0.368 65.0 2400.0 200.0 4
1487 CTM 0.248597 55.0 1800.0 200.0 1
1488 CTM 0.358 65.0 2400.0 200.0 3
1489 CTM 0.19 65.0 2400.0 200.0 3
1492 CTM 0.159 65.0 2400.0 200.0 3
1494 CTM 0.358 65.0 2400.0 200.0 3
1498 CTM 0.212 65.0 2400.0 200.0 4
1505 PQ 1 99999 9999999 99999 1
1506 PQ 1 99999 9999999 99999 1
1508 PQ 1 99999 9999999 99999 1
1517 CTM 0.196646 60.0 1800.0 200.0 1
1537 CTM 0.202109 30.0 1800.0 200.0 1
1539 CTM 0.0373262 30.0 1800.0 200.0 2
1540 CTM 0.111398 30.0 1800.0 200.0 1
1541 CTM 0.0666817 30.0 1800.0 200.0 2
1542 CTM 0.0316732 30.0 1800.0 200.0 2
1543 CTM 0.073657 30.0 1800.0 200.0 1
1544 CTM 0.0487421 30.0 1800.0 200.0 2
1545 CTM 0.049439 30.0 1800.0 200.0 2
1546 CTM 0.0975485 30.0 1800.0 200.0 1
1547 CTM 0.02321 55.0 1800.0 200.0 2
1549 CTM 0.285 65.0 2400.0 200.0 3
1552 CTM 0.227 65.0 2400.0 200.0 3
1553 CTM 0.128214 40.0 1800.0 200.0 3
1554 CTM 0.148645 40.0 1800.0 200.0 3
1555 CTM 0.0774265 40.0 1800.0 200.0 3
1560 CTM 0.154 60.0 1800.0 200.0 1
1565 CTM 0.0563098 40.0 1800.0 200.0 2
1566 CTM 0.0472296 40.0 1800.0 200.0 3
1569 CTM 0.248 65.0 2400.0 200.0 3
1570 CTM 0.38 65.0 2400.0 200.0 3
1576 CTM 0.134 65.0 2400.0 200.0 3
1578 CTM 0.169 65.0 2400.0 200.0 3
1580 CTM 0.213 65.0 2400.0 200.0 3
1582 CTM 0.121 65.0 2400.0 200.0 3
1584 CTM 0.518 65.0 2400.0 200.0 4
1586 CTM 0.32 65.0 2400.0 200.0 3
1590 CTM 0.335 65.0 2400.0 200.0 3
1592 CTM 0.171239 65.0 1800.0 200.0 4
1594 CTM 0.304 50.0 2400.0 200.0 4
1596 CTM 0.517 65.0 2400.0 200.0 4
1598 CTM 0.12207 65.0 1800.0 200.0 4
1600 CTM 0.213 65.0 2400.0 200.0 3
1601 PQ 1 99999 9999999 99999 1
1604 CTM 0.133 65.0 2400.0 200.0 4
1605 CTM 0.335082 65.0 1800.0 200.0 3
1607 CTM 0.238 60.0 2400.0 200.0 2
1609 CTM 0.123 65.0 2400.0 200.0 3
1615 PQ 1 99999 9999999 99999 1
1616 CTM 0.157673 45.0 1800.0 200.0 6
1619 CTM 0.136942 45.0 1800.0 200.0 5
1620 CTM 0.0688015 45.0 1800.0 200.0 5
1621 CTM 0.0613122 45.0 1800.0 200.0 2
1624 CTM 0.077864 35.0 1800.0 200.0 4
1625 CTM 0.0783957 40.0 1800.0 200.0 2
1626 CTM 0.144444 45.0 1800.0 200.0 3
1628 CTM 0.0890341 40.0 1800.0 200.0 2
1629 CTM 0.449073 50.0 1800.0 200.0 3
1632 CTM 0.109235 45.0 1800.0 200.0 5
1633 CTM 0.092168 45.0 1800.0 200.0 2
1636 CTM 0.149039 45.0 1800.0 200.0 2
1638 CTM 0.133376 45.0 1800.0 200.0 3
1641 CTM 0.144124 50.0 1800.0 200.0 3
1643 CTM 0.109643 45.0 1800.0 200.0 3
1646 CTM 0.0783957 40.0 1800.0 200.0 5
1647 PQ 1 99999 9999999 99999 1
1649 CTM 0.0890341 40.0 1800.0 200.0 5
1650 CTM 0.17689 40.0 1800.0 200.0 2
1651 CTM 0.313808 50.0 1800.0 200.0 3
1653 CTM 0.135816 50.0 1800.0 200.0 6
1656 CTM 0.259921 50.0 1800.0 200.0 2
1657 CTM 0.0812433 40.0 1800.0 200.0 2
1659 CTM 0.155332 50.0 1800.0 200.0 3
1661 CTM 0.117997 50.0 1800.0 200.0 5
1663 CTM 0.494518 50.0 1800.0 200.0 3
1664 CTM 0.12275 50.0 1800.0 200.0 4
1666 CTM 0.0812433 40.0 1800.0 200.0 3
1667 CTM 0.569896 40.0 1800.0 200.0 2
1668 PQ 1 99999 9999999 99999 1
1670 PQ 1 99999 9999999 99999 1
1675 PQ 1 99999 9999999 99999 1
1683 PQ 1 99999 9999999 99999 1
1685 CTM 0.137795 45.0 1800.0 200.0 2
1686 CTM 0.113788 45.0 1800.0 200.0 5
1689 CTM 0.134349 45.0 1800.0 200.0 2
1690 CTM 0.290104 45.0 1800.0 200.0 2
1692 CTM 0.118795 45.0 1800.0 200.0 2
1693 CTM 0.124041 45.0 1800.0 200.0 2
1695 CTM 0.0882936 45.0 1800.0 200.0 4
1697 CTM 0.078539 45.0 1800.0 200.0 4
1699 CTM 0.134564 45.0 1800.0 200.0 2
1701 CTM 0.216981 45.0 1800.0 200.0 1
1702 CTM 0.0780149 45.0 1800.0 200.0 2
1704 CTM 0.133251 45.0 1800.0 200.0 5
1705 CTM 0.123695 45.0 1800.0 200.0 4
1708 CTM 0.108677 45.0 1800.0 200.0 2
1709 CTM 0.168234 45.0 1800.0 200.0 2
1710 CTM 0.0532476 25.0 1800.0 200.0 2
1711 CTM 0.092603 45.0 1800.0 200.0 2
1713 CTM 0.134859 40.0 1800.0 200.0 5
1714 CTM 0.168996 45.0 1800.0 200.0 2
1716 CTM 0.11426 45.0 1800.0 200.0 4
1717 CTM 0.128186 45.0 1800.0 200.0 5
1720 CTM 0.0958378 25.0 1800.0 200.0 2
1721 CTM 0.283 45.0 1800.0 200.0 2
1723 CTM 0.0592271 25.0 1800.0 200.0 2
1724 CTM 0.276614 45.0 1800.0 200.0 2
1725 CTM 0.118795 45.0 1800.0 200.0 5
1726 CTM 0.330448 45.0 1800.0 200.0 2
1727 PQ 1 99999 9999999 99999 1
1728 PQ 1 99999 9999999 99999 1
1729 CTM 0.0606152 25.0 1800.0 200.0 2
1731 PQ 1 99999 9999999 99999 1
1732 CTM 0.0592271 25.0 1800.0 200.0 2
1734 PQ 1 99999 9999999 99999 1
1735 CTM 0.206754 15.0 1800.0 200.0 2
1736 CTM 0.0958378 25.0 1800.0 200.0 3
1738 CTM 0.116795 45.0 1800.0 200.0 5
1739 CTM 0.122046 45.0 1800.0 200.0 5
1741 CTM 0.277762 45.0 1800.0 200.0 2
1743 CTM 0.112904 30.0 1800.0 200.0 2
1744 CTM 0.185854 45.0 1800.0 200.0 2
1746 CTM 0.128737 40.0 1800.0 200.0 2
1747 CTM 0.128737 40.0 1800.0 200.0 3
1749 PQ 1 99999 9999999 99999 1
1750 CTM 0.0867107 30.0 1800.0 200.0 2
1751 CTM 0.0395963 30.0 1800.0 200.0 1
1752 CTM 0.184633 45.0 1800.0 200.0 2
1754 CTM 0.0336561 25.0 1800.0 200.0 1
1755 CTM 0.0871595 45.0 1800.0 200.0 2
1757 CTM 0.0609226 15.0 1800.0 200.0 2
1758 PQ 1 99999 9999999 99999 1
1759 CTM 0.118221 45.0 1800.0 200.0 5
1762 CTM 0.120406 45.0 1800.0 200.0 4
1763 CTM 0.0499646 30.0 1800.0 200.0 2
1764 CTM 0.0904067 30.0 1800.0 200.0 2
1765 CTM 0.14629 30.0 1800.0 200.0 2
1766 CTM 0.0499646 30.0 1800.0 200.0 1
1767 CTM 0.0395963 30.0 1800.0 200.0 2
1768 CTM 0.112904 30.0 1800.0 200.0 3
1769 CTM 0.133463 45.0 1800.0 200.0 3
1772 CTM 0.030037 25.0 1800.0 200.0 1
1774 CTM 0.119316 40.0 1800.0 200.0 2
1775 CTM 0.256734 45.0 1800.0 200.0 3
1777 CTM 0.054564 15.0 1800.0 200.0 2
1778 CTM 0.118194 45.0 1800.0 200.0 3
1779 CTM 0.167883 30.0 1800.0 200.0 3
1780 CTM 0.148605 30.0 1800.0 200.0 1
1781 CTM 0.258543 45.0 1800.0 200.0 3
1783 CTM 0.0509293 30.0 1800.0 200.0 1
1784 CTM 0.133566 45.0 1800.0 200.0 3
1786 CTM 0.167883 30.0 1800.0 200.0 1
1788 CTM 0.127169 45.0 1800.0 200.0 5
1789 CTM 0.12559 45.0 1800.0 200.0 6
1791 CTM 0.153932 15.0 1800.0 200.0 2
1792 CTM 0.206753 15.0 1800.0 200.0 2
1796 CTM 0.0815595 15.0 1800.0 200.0 2
1798 PQ 1 99999 9999999 99999 1
1799 PQ 1 99999 9999999 99999 1
1806 PQ 1 99999 9999999 99999 1
1808 CTM 0.119316 40.0 1800.0 200.0 4
1811 CTM 0.152405 15.0 1800.0 200.0 2
1816 CTM 0.054564 15.0 1800.0 200.0 4
1817 CTM 0.081503 15.0 1800.0 200.0 2
1818 PQ 1 99999 9999999 99999 1
1820 CTM 0.0509293 30.0 1800.0 200.0 3
1821 CTM 0.0613622 45.0 1800.0 200.0 3
1823 CTM 0.0633 25.0 1800.0 200.0 1
1824 CTM 0.272311 45.0 1800.0 200.0 3
1826 CTM 0.0682439 25.0 1800.0 200.0 1
1827 CTM 0.0522409 45.0 1800.0 200.0 4
1829 CTM 0.0327317 45.0 1800.0 200.0 4
1832 CTM 0.061922 45.0 1800.0 200.0 4
1833 CTM 0.0415814 45.0 1800.0 200.0 5
1836 CTM 0.135546 45.0 1800.0 200.0 6
1837 PQ 1 99999 9999999 99999 1
1838 PQ 1 99999 9999999 99999 1
1839 CTM 0.0682439 25.0 1800.0 200.0 2
1842 CTM 0.0633 25.0 1800.0 200.0 1
1843 CTM 0.24644 45.0 1800.0 200.0 3
1845 PQ 1 99999 9999999 99999 1
1847 CTM 0.0688564 25.0 1800.0 200.0 1
1848 CTM 0.1293 45.0 1800.0 200.0 4
1851 CTM 0.117017 45.0 1800.0 200.0 5
1853 CTM 0.159009 45.0 1800.0 200.0 2
1854 CTM 0.0609226 15.0 1800.0 200.0 3
1856 PQ 1 99999 9999999 99999 1
1858 CTM 0.0829921 35.0 1800.0 200.0 2
1859 CTM 0.344061 45.0 1800.0 200.0 3
1861 CTM 0.070025 35.0 1800.0 200.0 2
1862 CTM 0.0933207 45.0 1800.0 200.0 3
1863 CTM 0.124509 45.0 1800.0 200.0 6
1866 CTM 0.0924619 45.0 1800.0 200.0 5
1867 CTM 0.140711 45.0 1800.0 200.0 5
1869 CTM 0.0859149 45.0 1800.0 200.0 4
1871 CTM 0.146552 50.0 1800.0 200.0 3
1872 CTM 0.221629 50.0 1800.0 200.0 3
1873 CTM 0.221629 50.0 1800.0 200.0 3
1874 CTM 0.15844 50.0 1800.0 200.0 6
1875 CTM 0.126053 50.0 1800.0 200.0 3
1876 CTM 0.146551 50.0 1800.0 200.0 3
1878 CTM 0.126053 50.0 1800.0 200.0 3
1879 CTM 0.0801402 50.0 1800.0 200.0 6
1880 CTM 0.0801402 50.0 1800.0 200.0 3
1882 CTM 0.389756 45.0 1800.0 200.0 2
1883 CTM 0.330448 45.0 1800.0 200.0 2
1885 CTM 0.569896 40.0 1800.0 200.0 2
1887 CTM 0.100617 50.0 1800.0 200.0 2
1890 PQ 1 99999 9999999 99999 1
1891 CTM 0.251389 50.0 1800.0 200.0 3
1894 CTM 0.0666268 35.0 1800.0 200.0 1
1895 CTM 0.130938 40.0 1800.0 200.0 2
1897 CTM 0.0591332 25.0 1800.0 200.0 1
1898 CTM 0.289521 45.0 1800.0 200.0 2
1899 CTM 0.0954799 45.0 1800.0 200.0 3
1901 CTM 0.145845 45.0 1800.0 200.0 5
1905 CTM 0.311424 45.0 1800.0 200.0 2
1908 CTM 0.0729488 45.0 1800.0 200.0 2
1910 CTM 0.188451 45.0 1800.0 200.0 2
1911 CTM 0.12132 40.0 1800.0 200.0 4
1913 CTM 0.118676 40.0 1800.0 200.0 4
1915 PQ 1 99999 9999999 99999 1
1916 CTM 0.0591332 25.0 1800.0 200.0 2
1918 CTM 0.0889683 35.0 1800.0 200.0 2
1919 CTM 0.233091 35.0 1800.0 200.0 1
1920 CTM 0.233091 35.0 1800.0 200.0 1
1921 CTM 0.0666268 35.0 1800.0 200.0 2
1922 CTM 0.070025 35.0 1800.0 200.0 3
1924 PQ 1 99999 9999999 99999 1
1926 CTM 0.171725 35.0 1800.0 200.0 2
1927 CTM 0.171725 35.0 1800.0 200.0 2
1928 CTM 0.0829921 35.0 1800.0 200.0 3
1929 CTM 0.127086 40.0 1800.0 200.0 4
1930 CTM 0.048357 40.0 1800.0 200.0 4
1931 CTM 0.0544207 25.0 1800.0 200.0 1
1932 CTM 0.048357 40.0 1800.0 200.0 2
1933 CTM 0.0283054 25.0 1800.0 200.0 1
1934 CTM 0.111076 40.0 1800.0 200.0 2
1936 CTM 0.0877442 35.0 1800.0 200.0 2
1937 CTM 0.0916918 40.0 1800.0 200.0 3
1939 CTM 0.0771945 40.0 1800.0 200.0 2
1940 CTM 0.122491 40.0 1800.0 200.0 3
1942 CTM 0.0251555 40.0 1800.0 200.0 3
1944 CTM 0.0761296 25.0 1800.0 200.0 1
1945 CTM 0.298739 40.0 1800.0 200.0 3
1946 CTM 0.100739 40.0 1800.0 200.0 5
1948 CTM 0.097632 40.0 1800.0 200.0 4
1951 CTM 0.290086 40.0 1800.0 200.0 2
1953 CTM 0.0859146 45.0 1800.0 200.0 5
1954 CTM 0.291831 40.0 1800.0 200.0 2
1957 CTM 0.10195 40.0 1800.0 200.0 2
1958 CTM 0.202552 40.0 1800.0 200.0 2
1960 CTM 0.100186 40.0 1800.0 200.0 2
1961 CTM 0.341991 40.0 1800.0 200.0 2
1962 CTM 0.0821088 40.0 1800.0 200.0 3
1964 PQ 1 99999 9999999 99999 1
1965 PQ 1 99999 9999999 99999 1
1967 CTM 0.0272931 25.0 1800.0 200.0 1
1969 CTM 0.0544207 25.0 1800.0 200.0 1
1970 CTM 0.0283054 25.0 1800.0 200.0 2
1971 CTM 0.0272931 25.0 1800.0 200.0 1
1972 CTM 0.17689 40.0 1800.0 200.0 2
1975 CTM 0.0597159 40.0 1800.0 200.0 3
1976 CTM 0.118355 40.0 1800.0 200.0 3
1979 CTM 0.0628753 25.0 1800.0 200.0 1
1980 CTM 0.0972488 40.0 1800.0 200.0 2
1982 CTM 0.04695 25.0 1800.0 200.0 1
1983 CTM 0.181045 40.0 1800.0 200.0 2
1984 PQ 1 99999 9999999 99999 1
1985 PQ 1 99999 9999999 99999 1
1987 CTM 0.0628753 25.0 1800.0 200.0 2
1988 CTM 0.152828 25.0 1800.0 200.0 1
1990 CTM 0.04695 25.0 1800.0 200.0 2
1991 CTM 0.152828 25.0 1800.0 200.0 1
1992 PQ 1 99999 9999999 99999 1
1993 CTM 0.0859183 40.0 1800.0 200.0 4
1995 PQ 1 99999 9999999 99999 1
1996 CTM 0.0761296 25.0 1800.0 200.0 2
1997 CTM 0.102472 25.0 1800.0 200.0 1
1998 CTM 0.130202 40.0 1800.0 200.0 4
2000 CTM 0.102472 25.0 1800.0 200.0 1
2002 CTM 0.126716 40.0 1800.0 200.0 4
2004 PQ 1 99999 9999999 99999 1
2005 PQ 1 99999 9999999 99999 1
2006 CTM 0.119715 40.0 1800.0 200.0 3
2009 CTM 0.0526863 25.0 1800.0 200.0 1
2010 CTM 0.113715 40.0 1800.0 200.0 3
2012 CTM 0.0440875 25.0 1800.0 200.0 1
2013 CTM 0.141208 40.0 1800.0 200.0 3
2014 CTM 0.0209552 25.0 1800.0 200.0 1
2016 CTM 0.0440875 25.0 1800.0 200.0 2
2017 CTM 0.035271 25.0 1800.0 200.0 1
2018 CTM 0.035271 25.0 1800.0 200.0 1
2019 CTM 0.0209552 25.0 1800.0 200.0 1
2020 CTM 0.146479 40.0 1800.0 200.0 4
2022 CTM 0.163753 40.0 1800.0 200.0 4
2024 CTM 0.200591 35.0 1800.0 200.0 1
2025 CTM 0.115686 35.0 1800.0 200.0 2
2026 CTM 0.115686 35.0 1800.0 200.0 2
2027 CTM 0.0877442 35.0 1800.0 200.0 3
2028 CTM 0.554905 40.0 1800.0 200.0 2
2029 CTM 0.10195 40.0 1800.0 200.0 4
2031 CTM 0.0771945 40.0 1800.0 200.0 4
2033 CTM 0.0380122 40.0 1800.0 200.0 2
2034 CTM 0.152119 40.0 1800.0 200.0 6
2036 PQ 1 99999 9999999 99999 1
2037 CTM 0.0266476 25.0 1800.0 200.0 1
2038 CTM 0.0526863 25.0 1800.0 200.0 2
2040 CTM 0.0266476 25.0 1800.0 200.0 1
2041 CTM 0.138865 40.0 1800.0 200.0 4
2044 CTM 0.304437 40.0 1800.0 200.0 2
2046 CTM 0.100186 40.0 1800.0 200.0 4
2047 CTM 0.304437 40.0 1800.0 200.0 2
2048 CTM 0.0875674 40.0 1800.0 200.0 3
2051 CTM 0.200591 35.0 1800.0 200.0 2
2052 CTM 0.151196 40.0 1800.0 200.0 6
2055 CTM 0.215376 40.0 1800.0 200.0 3
2056 CTM 0.397436 40.0 1800.0 200.0 3
2058 CTM 0.0652351 40.0 1800.0 200.0 3
2061 CTM 0.0624835 35.0 1800.0 200.0 1
2062 CTM 0.127424 40.0 1800.0 200.0 3
2064 CTM 0.110342 40.0 1800.0 200.0 2
2065 CTM 0.138758 40.0 1800.0 200.0 3
2066 CTM 0.131468 40.0 1800.0 200.0 6
2068 CTM 0.129135 40.0 1800.0 200.0 5
2070 CTM 0.143464 40.0 1800.0 200.0 5
2072 CTM 0.111052 40.0 1800.0 200.0 4
2074 CTM 0.0472421 40.0 1800.0 200.0 2
2075 CTM 0.0906497 40.0 1800.0 200.0 2
2077 CTM 0.0663061 40.0 1800.0 200.0 2
2078 CTM 0.165214 40.0 1800.0 200.0 2
2080 CTM 0.0604665 40.0 1800.0 200.0 2
2081 CTM 0.24137 40.0 1800.0 200.0 2
2083 CTM 0.205555 30.0 1800.0 200.0 1
2084 CTM 0.115813 40.0 1800.0 200.0 2
2086 CTM 0.030904 25.0 1800.0 200.0 2
2087 CTM 0.159289 40.0 1800.0 200.0 4
2090 CTM 0.116905 40.0 1800.0 200.0 3
2091 CTM 0.0772808 40.0 1800.0 200.0 4
2093 CTM 0.0616268 40.0 1800.0 200.0 3
2095 CTM 0.0701128 40.0 1800.0 200.0 3
2097 CTM 0.0761329 40.0 1800.0 200.0 3
2099 PQ 1 99999 9999999 99999 1
2100 PQ 1 99999 9999999 99999 1
2102 CTM 0.34104 35.0 1800.0 200.0 1
2103 CTM 0.34104 35.0 1800.0 200.0 1
2104 CTM 0.0624835 35.0 1800.0 200.0 2
2105 CTM 0.110342 40.0 1800.0 200.0 3
2106 CTM 0.147108 40.0 1800.0 200.0 2
2107 CTM 0.170357 40.0 1800.0 200.0 2
2108 CTM 0.0663061 40.0 1800.0 200.0 3
2109 CTM 0.117413 40.0 1800.0 200.0 5
2111 CTM 0.50786 40.0 1800.0 200.0 2
2113 CTM 0.0604665 40.0 1800.0 200.0 3
2114 CTM 0.50786 40.0 1800.0 200.0 2
2115 PQ 1 99999 9999999 99999 1
2120 CTM 0.205555 30.0 1800.0 200.0 1
2125 CTM 0.030904 25.0 1800.0 200.0 2
2128 PQ 1 99999 9999999 99999 1
2131 CTM 0.20386 40.0 1800.0 200.0 1
2132 CTM 0.201409 40.0 1800.0 200.0 1
2134 CTM 0.20386 40.0 1800.0 200.0 1
2135 CTM 0.32075 40.0 1800.0 200.0 2
2136 CTM 0.0812381 40.0 1800.0 200.0 3
2137 CTM 0.304758 40.0 1800.0 200.0 3
2139 CTM 0.0996976 35.0 1800.0 200.0 1
2140 CTM 0.235484 40.0 1800.0 200.0 3
2142 CTM 0.112234 35.0 1800.0 200.0 2
2143 CTM 0.244 40.0 1800.0 200.0 3
2145 CTM 0.0613381 30.0 1800.0 200.0 1
2146 CTM 0.267968 40.0 1800.0 200.0 3
2148 CTM 0.0651338 30.0 1800.0 200.0 1
2149 CTM 0.159086 40.0 1800.0 200.0 5
2152 CTM 0.106769 40.0 1800.0 200.0 5
2153 CTM 0.103034 40.0 1800.0 200.0 5
2156 CTM 0.140012 40.0 1800.0 200.0 5
2157 CTM 0.131527 40.0 1800.0 200.0 2
2159 CTM 0.0837677 40.0 1800.0 200.0 3
2160 CTM 0.116218 40.0 1800.0 200.0 2
2162 CTM 0.0914143 40.0 1800.0 200.0 2
2163 CTM 0.111591 40.0 1800.0 200.0 2
2165 CTM 0.0801665 40.0 1800.0 200.0 2
2166 CTM 0.124559 40.0 1800.0 200.0 2
2168 CTM 0.0635655 40.0 1800.0 200.0 2
2169 CTM 0.0738424 40.0 1800.0 200.0 3
2171 CTM 0.0680527 40.0 1800.0 200.0 3
2173 CTM 0.69375 40.0 1800.0 200.0 2
2175 PQ 1 99999 9999999 99999 1
2176 PQ 1 99999 9999999 99999 1
2177 CTM 0.0651338 30.0 1800.0 200.0 2
2180 CTM 0.340509 30.0 1800.0 200.0 1
2181 CTM 0.340509 30.0 1800.0 200.0 1
2182 CTM 0.0613381 30.0 1800.0 200.0 2
2184 CTM 0.0610445 35.0 1800.0 200.0 3
2185 CTM 0.0190049 40.0 1800.0 200.0 2
2188 CTM 0.112234 35.0 1800.0 200.0 3
2190 CTM 0.0487534 35.0 1800.0 200.0 3
2191 CTM 0.374994 40.0 1800.0 200.0 2
2192 CTM 0.0801665 40.0 1800.0 200.0 3
2193 PQ 1 99999 9999999 99999 1
2195 CTM 0.0996976 35.0 1800.0 200.0 2
2196 CTM 0.0996976 35.0 1800.0 200.0 1
2197 CTM 0.0996976 35.0 1800.0 200.0 3
2198 CTM 0.177963 40.0 1800.0 200.0 3
2202 CTM 0.131959 40.0 1800.0 200.0 4
2204 CTM 0.172975 40.0 1800.0 200.0 4
2206 CTM 0.202302 40.0 1800.0 200.0 3
2208 CTM 0.044939 25.0 1800.0 200.0 2
2210 CTM 0.130906 40.0 1800.0 200.0 3
2213 CTM 0.12016 40.0 1800.0 200.0 5
2216 CTM 0.141831 40.0 1800.0 200.0 4
2217 PQ 1 99999 9999999 99999 1
2218 CTM 0.0621445 40.0 1800.0 200.0 3
2220 CTM 0.336082 40.0 1800.0 200.0 2
2222 CTM 0.0635655 40.0 1800.0 200.0 3
2223 CTM 0.336082 40.0 1800.0 200.0 2
2224 CTM 0.0684058 40.0 1800.0 200.0 4
2225 CTM 0.0790567 40.0 1800.0 200.0 3
2226 PQ 1 99999 9999999 99999 1
2227 PQ 1 99999 9999999 99999 1
2229 CTM 0.655732 40.0 1800.0 200.0 2
2230 CTM 0.655732 40.0 1800.0 200.0 2
2231 CTM 0.0897399 40.0 1800.0 200.0 2
2232 CTM 0.0867564 45.0 1800.0 200.0 1
2234 CTM 0.239984 45.0 1800.0 200.0 1
2235 PQ 1 99999 9999999 99999 1
2236 CTM 0.0298166 15.0 1800.0 200.0 1
2238 CTM 0.0547049 45.0 1800.0 200.0 2
2241 CTM 0.239984 45.0 1800.0 200.0 1
2243 CTM 0.0730363 40.0 1800.0 200.0 2
2244 CTM 0.0506643 40.0 1800.0 200.0 3
2246 CTM 0.0897305 40.0 1800.0 200.0 2
2247 CTM 0.0884668 20.0 1800.0 200.0 1
2248 CTM 0.0730213 40.0 1800.0 200.0 3
2250 CTM 0.0569226 25.0 1800.0 200.0 1
2252 CTM 0.0676348 40.0 1800.0 200.0 4
2253 CTM 0.0908418 20.0 1800.0 200.0 1
2254 CTM 0.118213 25.0 1800.0 200.0 1
2255 CTM 0.0897085 40.0 1800.0 200.0 3
2257 CTM 0.0684058 40.0 1800.0 200.0 2
2258 CTM 0.337637 40.0 1800.0 200.0 3
2260 CTM 0.0829887 40.0 1800.0 200.0 2
2261 CTM 0.364872 40.0 1800.0 200.0 3
2263 CTM 0.0711485 40.0 1800.0 200.0 2
2264 CTM 0.109552 40.0 1800.0 200.0 4
2266 CTM 0.0661046 40.0 1800.0 200.0 4
2267 CTM 0.160627 20.0 1800.0 200.0 1
2269 CTM 0.0790567 40.0 1800.0 200.0 3
2270 CTM 0.0790646 40.0 1800.0 200.0 4
2272 CTM 0.299714 40.0 1800.0 200.0 3
2274 CTM 0.24418 40.0 1800.0 200.0 3
2276 CTM 0.202349 25.0 1800.0 200.0 1
2277 CTM 0.33029 40.0 1800.0 200.0 3
2279 CTM 0.200081 25.0 1800.0 200.0 1
2281 CTM 0.0604287 40.0 1800.0 200.0 5
2282 CTM 0.102689 40.0 1800.0 200.0 2
2284 CTM 0.201487 25.0 1800.0 200.0 1
2285 CTM 0.101395 40.0 1800.0 200.0 2
2287 CTM 0.311265 25.0 1800.0 200.0 1
2288 CTM 0.0747186 40.0 1800.0 200.0 3
2290 CTM 0.0658805 40.0 1800.0 200.0 3
2292 CTM 0.080982 40.0 1800.0 200.0 3
2293 CTM 0.0837677 40.0 1800.0 200.0 4
2294 CTM 0.0914143 40.0 1800.0 200.0 4
2295 CTM 0.101596 40.0 1800.0 200.0 2
2297 CTM 0.0612555 25.0 1800.0 200.0 3
2298 CTM 0.249033 40.0 1800.0 200.0 2
2300 CTM 0.0694491 25.0 1800.0 200.0 1
2301 CTM 0.0336561 25.0 1800.0 200.0 1
2302 CTM 0.0377174 15.0 1800.0 200.0 1
2311 CTM 0.0937832 40.0 1800.0 200.0 3
2312 CTM 0.0627247 25.0 1800.0 200.0 1
2313 CTM 0.044939 25.0 1800.0 200.0 2
2315 CTM 0.101596 40.0 1800.0 200.0 3
2316 CTM 0.249033 40.0 1800.0 200.0 2
2318 PQ 1 99999 9999999 99999 1
2319 CTM 0.066196 40.0 1800.0 200.0 5
2322 CTM 0.349884 25.0 1800.0 200.0 1
2323 CTM 0.349884 25.0 1800.0 200.0 1
2324 CTM 0.202349 25.0 1800.0 200.0 1
2326 CTM 0.0735101 40.0 1800.0 200.0 5
2328 CTM 0.204934 25.0 1800.0 200.0 1
2330 CTM 0.20037 25.0 1800.0 200.0 1
2331 CTM 0.200081 25.0 1800.0 200.0 1
2332 CTM 0.204934 25.0 1800.0 200.0 1
2333 CTM 0.20037 25.0 1800.0 200.0 1
2334 CTM 0.201487 25.0 1800.0 200.0 1
2335 PQ 1 99999 9999999 99999 1
2336 CTM 0.311265 25.0 1800.0 200.0 1
2338 CTM 0.0623582 40.0 1800.0 200.0 3
2340 CTM 0.0719006 40.0 1800.0 200.0 4
2342 PQ 1 99999 9999999 99999 1
2344 CTM 0.444018 40.0 1800.0 200.0 2
2345 CTM 0.444018 40.0 1800.0 200.0 2
2346 CTM 0.0829887 40.0 1800.0 200.0 3
2347 CTM 0.342226 40.0 1800.0 200.0 3
2349 CTM 0.0766009 25.0 1800.0 200.0 1
2350 CTM 0.291529 40.0 1800.0 200.0 3
2352 CTM 0.0699137 40.0 1800.0 200.0 5
2355 CTM 0.0472588 40.0 1800.0 200.0 4
2356 CTM 0.336543 40.0 1800.0 200.0 2
2357 CTM 0.0643073 40.0 1800.0 200.0 3
2358 CTM 0.0711485 40.0 1800.0 200.0 3
2359 CTM 0.332695 40.0 1800.0 200.0 2
2360 PQ 1 99999 9999999 99999 1
2361 CTM 0.283729 40.0 1800.0 200.0 2
2363 CTM 0.0658823 40.0 1800.0 200.0 3
2364 CTM 0.283729 40.0 1800.0 200.0 2
2365 CTM 0.100648 30.0 1800.0 200.0 1
2366 CTM 0.0505369 40.0 1800.0 200.0 2
2367 CTM 0.103955 30.0 1800.0 200.0 1
2368 CTM 0.0584884 40.0 1800.0 200.0 2
2369 CTM 0.103989 40.0 1800.0 200.0 2
2371 CTM 0.0758448 40.0 1800.0 200.0 2
2372 CTM 0.0812884 40.0 1800.0 200.0 2
2373 CTM 0.0929485 40.0 1800.0 200.0 2
2375 CTM 0.269834 40.0 1800.0 200.0 2
2376 CTM 0.0758448 40.0 1800.0 200.0 3
2377 CTM 0.0543915 40.0 1800.0 200.0 3
2379 CTM 0.0812884 40.0 1800.0 200.0 4
2380 CTM 0.277034 40.0 1800.0 200.0 2
2381 CTM 0.104255 40.0 1800.0 200.0 4
2382 CTM 0.245946 40.0 1800.0 200.0 2
2383 CTM 0.245946 40.0 1800.0 200.0 2
2384 CTM 0.0505369 40.0 1800.0 200.0 3
2385 CTM 0.0584884 40.0 1800.0 200.0 3
2386 CTM 0.269834 40.0 1800.0 200.0 2
2388 CTM 0.10883 40.0 1800.0 200.0 5
2389 PQ 1 99999 9999999 99999 1
2391 CTM 0.171131 25.0 1800.0 200.0 1
2392 CTM 0.171131 25.0 1800.0 200.0 1
2393 CTM 0.0766009 25.0 1800.0 200.0 2
2394 CTM 0.161893 40.0 1800.0 200.0 4
2396 PQ 1 99999 9999999 99999 1
2397 CTM 0.178588 40.0 1800.0 200.0 2
2400 CTM 0.298649 40.0 1800.0 200.0 2
2404 PQ 1 99999 9999999 99999 1
2407 CTM 0.104746 40.0 1800.0 200.0 4
2409 CTM 0.0935473 40.0 1800.0 200.0 3
2410 CTM 0.123698 40.0 1800.0 200.0 4
2413 CTM 0.0637787 40.0 1800.0 200.0 3
2415 CTM 0.306232 40.0 1800.0 200.0 2
2416 CTM 0.108707 40.0 1800.0 200.0 2
2418 CTM 0.324159 40.0 1800.0 200.0 2
2420 PQ 1 99999 9999999 99999 1
2421 PQ 1 99999 9999999 99999 1
2422 CTM 0.0496241 40.0 1800.0 200.0 2
2424 CTM 0.0271065 40.0 1800.0 200.0 2
2426 CTM 0.103955 30.0 1800.0 200.0 1
2429 CTM 0.100648 30.0 1800.0 200.0 1
2430 PQ 1 99999 9999999 99999 1
2432 CTM 0.400284 40.0 1800.0 200.0 2
2433 CTM 0.400284 40.0 1800.0 200.0 2
2434 CTM 0.109709 40.0 1800.0 200.0 4
2435 CTM 0.267709 40.0 1800.0 200.0 3
2438 CTM 0.0496253 40.0 1800.0 200.0 4
2439 CTM 0.179613 40.0 1800.0 200.0 3
2442 CTM 0.289161 40.0 1800.0 200.0 3
2443 CTM 0.0945948 40.0 1800.0 200.0 5
2446 CTM 0.0505436 35.0 1800.0 200.0 1
2447 CTM 0.0761982 40.0 1800.0 200.0 2
2448 CTM 0.0524646 25.0 1800.0 200.0 1
2450 CTM 0.0815701 30.0 1800.0 200.0 2
2451 CTM 0.351284 40.0 1800.0 200.0 3
2452 CTM 0.0638424 30.0 1800.0 200.0 2
2454 CTM 0.0742082 40.0 1800.0 200.0 4
2456 PQ 1 99999 9999999 99999 1
2457 CTM 0.0472296 40.0 1800.0 200.0 2
2458 CTM 0.0717649 40.0 1800.0 200.0 2
2459 CTM 0.049929 40.0 1800.0 200.0 2
2460 CTM 0.0547869 40.0 1800.0 200.0 2
2462 CTM 0.128375 30.0 1800.0 200.0 1
2463 CTM 0.128375 30.0 1800.0 200.0 1
2464 CTM 0.0815701 30.0 1800.0 200.0 2
2465 CTM 0.0441302 40.0 1800.0 200.0 2
2466 CTM 0.0948878 40.0 1800.0 200.0 2
2467 CTM 0.065561 40.0 1800.0 200.0 2
2468 CTM 0.107826 40.0 1800.0 200.0 2
2469 CTM 0.10834 40.0 1800.0 200.0 2
2470 CTM 0.025822 35.0 1800.0 200.0 2
2471 CTM 0.0615884 40.0 1800.0 200.0 3
2472 CTM 0.0512668 30.0 1800.0 200.0 2
2474 CTM 0.0636009 40.0 1800.0 200.0 2
2475 CTM 0.0642171 30.0 1800.0 200.0 3
2476 CTM 0.0512683 30.0 1800.0 200.0 3
2477 CTM 0.0636058 40.0 1800.0 200.0 2
2478 CTM 0.0655537 40.0 1800.0 200.0 2
2479 CTM 0.0474006 40.0 1800.0 200.0 4
2481 CTM 0.105294 40.0 1800.0 200.0 3
2483 CTM 0.0680857 40.0 1800.0 200.0 4
2484 CTM 0.0417625 15.0 1800.0 200.0 1
2486 CTM 0.163365 40.0 1800.0 200.0 3
2487 CTM 0.052553 25.0 1800.0 200.0 1
2489 CTM 0.243486 40.0 1800.0 200.0 3
2490 CTM 0.108543 25.0 1800.0 200.0 1
2494 CTM 0.0482098 40.0 1800.0 200.0 3
2495 CTM 0.108543 25.0 1800.0 200.0 1
2496 CTM 0.0620003 40.0 1800.0 200.0 4
2499 CTM 0.0741927 40.0 1800.0 200.0 5
2500 CTM 0.0524646 25.0 1800.0 200.0 2
2501 CTM 0.052553 25.0 1800.0 200.0 1
2502 CTM 0.10647 40.0 1800.0 200.0 3
2503 CTM 0.0482534 25.0 1800.0 200.0 1
2505 CTM 0.0609155 35.0 1800.0 200.0 1
2507 CTM 0.0814805 40.0 1800.0 200.0 3
2508 CTM 0.0482692 25.0 1800.0 200.0 1
2509 CTM 0.0482692 25.0 1800.0 200.0 1
2510 CTM 0.0482534 25.0 1800.0 200.0 2
2515 CTM 0.120261 20.0 1800.0 200.0 1
2516 CTM 0.0505436 25.0 1800.0 200.0 1
2522 CTM 0.13588 40.0 1800.0 200.0 3
2528 CTM 0.14019 50.0 1800.0 200.0 1
2533 CTM 0.0736997 25.0 1800.0 200.0 1
2534 CTM 0.185444 25.0 1800.0 200.0 1
2535 CTM 0.0609155 35.0 1800.0 200.0 1
2539 CTM 0.0757399 25.0 1800.0 200.0 1
2540 CTM 0.10698 40.0 1800.0 200.0 3
2546 CTM 0.293902 60.0 1800.0 200.0 1
2547 PQ 1 99999 9999999 99999 1
2548 CTM 0.0657555 35.0 1800.0 200.0 2
2549 CTM 0.0916579 35.0 1800.0 200.0 2
2550 CTM 0.0705893 35.0 1800.0 200.0 2
2551 CTM 0.0901363 35.0 1800.0 200.0 2
2552 CTM 0.142134 40.0 1800.0 200.0 2
2553 CTM 0.0717649 40.0 1800.0 200.0 3
2554 CTM 0.0547869 40.0 1800.0 200.0 4
2555 CTM 0.146859 40.0 1800.0 200.0 2
2556 CTM 0.049929 40.0 1800.0 200.0 3
2557 CTM 0.023578 40.0 1800.0 200.0 2
2558 CTM 0.146859 40.0 1800.0 200.0 2
2559 CTM 0.200422 40.0 1800.0 200.0 2
2560 CTM 0.347832 40.0 1800.0 200.0 2
2561 CTM 0.0525808 40.0 1800.0 200.0 3
2562 CTM 0.191161 40.0 1800.0 200.0 3
2563 CTM 0.0466799 35.0 1800.0 200.0 2
2564 CTM 0.13248 20.0 1800.0 200.0 3
2566 CTM 0.0621704 35.0 1800.0 200.0 2
2567 CTM 0.325948 40.0 1800.0 200.0 3
2568 CTM 0.0459753 30.0 1800.0 200.0 1
2570 CTM 0.106229 30.0 1800.0 200.0 1
2572 CTM 0.122426 30.0 1800.0 200.0 1
2573 CTM 0.204487 40.0 1800.0 200.0 3
2574 CTM 0.0459832 30.0 1800.0 200.0 1
2575 CTM 0.0687896 40.0 1800.0 200.0 4
2577 CTM 0.0852116 40.0 1800.0 200.0 4
2578 CTM 0.0468341 30.0 1800.0 200.0 2
2580 CTM 0.103429 30.0 1800.0 200.0 2
2582 CTM 0.0614735 30.0 1800.0 200.0 2
2583 CTM 0.398707 40.0 1800.0 200.0 3
2584 CTM 0.0468186 30.0 1800.0 200.0 2
2585 PQ 1 99999 9999999 99999 1
2586 CTM 0.10915 35.0 1800.0 200.0 2
2587 CTM 0.0916579 35.0 1800.0 200.0 3
2588 CTM 0.10343 30.0 1800.0 200.0 2
2589 CTM 0.105836 35.0 1800.0 200.0 2
2590 PQ 1 99999 9999999 99999 1
2592 CTM 0.0594287 35.0 1800.0 200.0 2
2594 CTM 0.0565256 35.0 1800.0 200.0 2
2595 CTM 0.309287 35.0 1800.0 200.0 2
2596 CTM 0.140872 35.0 1800.0 200.0 2
2597 CTM 0.0901363 35.0 1800.0 200.0 3
2598 CTM 0.309287 35.0 1800.0 200.0 2
2599 CTM 0.0461768 35.0 1800.0 200.0 2
2600 CTM 0.10915 35.0 1800.0 200.0 2
2601 CTM 0.331201 35.0 1800.0 200.0 2
2602 CTM 0.0988649 30.0 1800.0 200.0 1
2603 CTM 0.0695848 35.0 1800.0 200.0 2
2604 CTM 0.202109 30.0 1800.0 200.0 1
2605 CTM 0.0705893 35.0 1800.0 200.0 3
2606 CTM 0.331201 35.0 1800.0 200.0 2
2607 CTM 0.0573101 40.0 1800.0 200.0 2
2608 CTM 0.0657555 35.0 1800.0 200.0 3
2609 CTM 0.103429 35.0 1800.0 200.0 3
2610 CTM 0.10343 30.0 1800.0 200.0 2
2611 CTM 0.0468186 30.0 1800.0 200.0 3
2612 CTM 0.0468341 30.0 1800.0 200.0 3
2613 CTM 0.189982 30.0 1800.0 200.0 2
2614 CTM 0.0614735 30.0 1800.0 200.0 2
2616 CTM 0.189982 30.0 1800.0 200.0 2
2617 PQ 1 99999 9999999 99999 1
2618 CTM 0.302937 30.0 1800.0 200.0 1
2619 CTM 0.0988649 30.0 1800.0 200.0 1
2621 CTM 0.122426 30.0 1800.0 200.0 1
2622 CTM 0.106229 30.0 1800.0 200.0 1
2623 CTM 0.206649 30.0 1800.0 200.0 1
2624 CTM 0.0982204 35.0 1800.0 200.0 2
2625 CTM 0.0244706 25.0 1800.0 200.0 1
2626 PQ 1 99999 9999999 99999 1
2627 CTM 0.148372 35.0 1800.0 200.0 2
2628 CTM 0.0982204 35.0 1800.0 200.0 2
2629 CTM 0.0621704 35.0 1800.0 200.0 3
2630 CTM 0.148372 35.0 1800.0 200.0 2
2631 CTM 0.0444226 35.0 1800.0 200.0 2
2632 CTM 0.0466799 35.0 1800.0 200.0 3
2633 CTM 0.0939951 35.0 1800.0 200.0 2
2634 CTM 0.126186 25.0 1800.0 200.0 1
2635 CTM 0.0864101 35.0 1800.0 200.0 2
2636 CTM 0.0743799 35.0 1800.0 200.0 2
2637 CTM 0.0940226 35.0 1800.0 200.0 2
2639 CTM 0.0743863 35.0 1800.0 200.0 2
2640 PQ 1 99999 9999999 99999 1
2642 CTM 0.126186 25.0 1800.0 200.0 1
2643 CTM 0.119555 20.0 1800.0 200.0 3
2649 PQ 1 99999 9999999 99999 1
2652 CTM 0.0632061 40.0 1800.0 200.0 4
2653 CTM 0.0695848 35.0 1800.0 200.0 3
2654 CTM 0.0704402 35.0 1800.0 200.0 2
2655 CTM 0.0414576 20.0 1800.0 200.0 1
2657 CTM 0.132695 30.0 1800.0 200.0 2
2659 CTM 0.107156 25.0 1800.0 200.0 2
2660 CTM 0.0818177 35.0 1800.0 200.0 3
2661 CTM 0.0708284 35.0 1800.0 200.0 3
2662 CTM 0.0502884 15.0 1800.0 200.0 1
2663 CTM 0.0532646 30.0 1800.0 200.0 2
2664 CTM 0.0306857 30.0 1800.0 200.0 2
2665 CTM 0.0367537 35.0 1800.0 200.0 4
2667 CTM 0.0708317 35.0 1800.0 200.0 2
2668 CTM 0.0306857 30.0 1800.0 200.0 3
2669 CTM 0.0699418 30.0 1800.0 200.0 2
2670 CTM 0.132695 30.0 1800.0 200.0 2
2671 CTM 0.0662543 35.0 1800.0 200.0 3
2672 CTM 0.0662543 30.0 1800.0 200.0 2
2673 CTM 0.0667241 30.0 1800.0 200.0 4
2674 CTM 0.0805082 30.0 1800.0 200.0 1
2675 CTM 0.0805082 30.0 1800.0 200.0 1
2677 CTM 0.18013 30.0 1800.0 200.0 2
2678 CTM 0.0835509 40.0 1800.0 200.0 2
2679 CTM 0.182071 35.0 1800.0 200.0 2
2681 CTM 0.1052 35.0 1800.0 200.0 2
2682 CTM 0.100248 40.0 1800.0 200.0 2
2683 PQ 1 99999 9999999 99999 1
2684 CTM 0.0913905 40.0 1800.0 200.0 4
2685 CTM 0.249182 40.0 1800.0 200.0 2
2686 CTM 0.23248 40.0 1800.0 200.0 2
2688 CTM 0.100248 40.0 1800.0 200.0 3
2689 CTM 0.23248 40.0 1800.0 200.0 2
2690 CTM 0.105177 35.0 1800.0 200.0 2
2692 CTM 0.1052 35.0 1800.0 200.0 3
2693 CTM 0.105177 35.0 1800.0 200.0 2
2694 CTM 0.0573223 40.0 1800.0 200.0 3
2695 CTM 0.263997 40.0 1800.0 200.0 2
2696 CTM 0.263997 40.0 1800.0 200.0 2
2697 CTM 0.0835509 40.0 1800.0 200.0 4
2699 CTM 0.0846826 35.0 1800.0 200.0 2
2700 CTM 0.0704561 35.0 1800.0 200.0 2
2701 CTM 0.0980963 25.0 1800.0 200.0 1
2702 CTM 0.0818177 35.0 1800.0 200.0 2
2703 CTM 0.108346 25.0 1800.0 200.0 1
2704 CTM 0.0704402 35.0 1800.0 200.0 2
2705 CTM 0.0704561 35.0 1800.0 200.0 3
2706 PQ 1 99999 9999999 99999 1
2707 PQ 1 99999 9999999 99999 1
2708 CTM 0.108346 25.0 1800.0 200.0 1
2711 CTM 0.0980963 25.0 1800.0 200.0 1
2712 CTM 0.0653625 40.0 1800.0 200.0 3
2713 CTM 0.383046 40.0 1800.0 200.0 2
2714 CTM 0.331604 40.0 1800.0 200.0 2
2716 CTM 0.0525808 40.0 1800.0 200.0 2
2717 CTM 0.0803869 40.0 1800.0 200.0 2
2718 CTM 0.0653625 40.0 1800.0 200.0 2
2719 CTM 0.0895713 35.0 1800.0 200.0 3
2720 CTM 0.348762 35.0 1800.0 200.0 2
2721 CTM 0.0912457 40.0 1800.0 200.0 2
2722 CTM 0.101643 35.0 1800.0 200.0 2
2723 CTM 0.0913905 40.0 1800.0 200.0 2
2724 CTM 0.0895713 35.0 1800.0 200.0 2
2725 CTM 0.0451256 35.0 1800.0 200.0 2
2726 CTM 0.101643 35.0 1800.0 200.0 4
2727 CTM 0.320643 40.0 1800.0 200.0 2
2728 CTM 0.0645387 40.0 1800.0 200.0 2
2729 CTM 0.0654485 40.0 1800.0 200.0 2
2730 CTM 0.0912457 40.0 1800.0 200.0 4
2731 CTM 0.0803869 40.0 1800.0 200.0 3
2732 CTM 0.320643 40.0 1800.0 200.0 2
2733 CTM 0.383046 40.0 1800.0 200.0 2
2735 CTM 0.348762 35.0 1800.0 200.0 2
2737 PQ 1 99999 9999999 99999 1
2738 PQ 1 99999 9999999 99999 1
2739 CTM 0.249182 40.0 1800.0 200.0 2
2740 CTM 0.0613527 40.0 1800.0 200.0 3
2741 CTM 0.0613527 40.0 1800.0 200.0 2
2742 CTM 0.196395 30.0 1800.0 200.0 1
2743 CTM 0.0573223 40.0 1800.0 200.0 2
2744 CTM 0.223608 30.0 1800.0 200.0 1
2746 CTM 0.196395 30.0 1800.0 200.0 1
2747 CTM 0.223608 30.0 1800.0 200.0 1
2750 CTM 0.208368 30.0 1800.0 200.0 1
2751 CTM 0.0256846 30.0 1800.0 200.0 3
2752 CTM 0.11832 30.0 1800.0 200.0 1
2754 CTM 0.208368 30.0 1800.0 200.0 1
2756 CTM 0.0993875 45.0 1800.0 200.0 3
2763 CTM 0.095472 45.0 1800.0 200.0 3
2764 CTM 0.0998448 25.0 1800.0 200.0 1
2768 PQ 1 99999 9999999 99999 1
2769 CTM 0.0598018 45.0 1800.0 200.0 4
2771 CTM 0.0667729 25.0 1800.0 200.0 1
2772 CTM 0.0667729 25.0 1800.0 200.0 1
2775 CTM 0.106074 25.0 1800.0 200.0 1
2776 CTM 0.0713686 45.0 1800.0 200.0 2
2778 CTM 0.118769 45.0 1800.0 200.0 2
2781 CTM 0.0800085 25.0 1800.0 200.0 1
2782 CTM 0.113306 45.0 1800.0 200.0 2
2785 CTM 0.114065 25.0 1800.0 200.0 1
2786 CTM 0.0579655 45.0 1800.0 200.0 2
2787 PQ 1 99999 9999999 99999 1
2789 CTM 0.106074 25.0 1800.0 200.0 1
2790 PQ 1 99999 9999999 99999 1
2791 CTM 0.0800085 25.0 1800.0 200.0 1
2794 CTM 0.052464 45.0 1800.0 200.0 3
2795 CTM 0.030037 25.0 1800.0 200.0 1
2796 CTM 0.0268427 20.0 1800.0 200.0 1
2797 PQ 1 99999 9999999 99999 1
2798 CTM 0.0268378 15.0 1800.0 200.0 1
2800 CTM 0.0989851 45.0 1800.0 200.0 3
2801 CTM 0.0946216 25.0 1800.0 200.0 1
2803 CTM 0.0605985 45.0 1800.0 200.0 3
2808 CTM 0.09635 45.0 1800.0 200.0 3
2809 CTM 0.0917427 25.0 1800.0 200.0 1
2813 CTM 0.128316 45.0 1800.0 200.0 3
2818 CTM 0.0888915 45.0 1800.0 200.0 3
2819 CTM 0.0933744 25.0 1800.0 200.0 1
2823 CTM 0.0826811 45.0 1800.0 200.0 3
2826 CTM 0.0232566 25.0 1800.0 200.0 1
2827 CTM 0.0896966 30.0 1800.0 200.0 2
2828 CTM 0.0860518 30.0 1800.0 200.0 1
2829 PQ 1 99999 9999999 99999 1
2831 CTM 0.0232566 25.0 1800.0 200.0 1
2832 CTM 0.164621 45.0 1800.0 200.0 3
2835 CTM 0.0852881 45.0 1800.0 200.0 3
2836 CTM 0.0915216 25.0 1800.0 200.0 1
2841 CTM 0.0618186 45.0 1800.0 200.0 3
2844 CTM 0.190733 45.0 1800.0 200.0 3
2847 CTM 0.130816 45.0 1800.0 200.0 3
2849 CTM 0.0753552 45.0 1800.0 200.0 3
2850 CTM 0.0816247 25.0 1800.0 200.0 1
2854 CTM 0.0950244 45.0 1800.0 200.0 3
2855 CTM 0.0920445 25.0 1800.0 200.0 1
2858 CTM 0.0957107 45.0 1800.0 200.0 3
2859 PQ 1 99999 9999999 99999 1
2860 CTM 0.157452 45.0 1800.0 200.0 3
2861 PQ 1 99999 9999999 99999 1
2862 PQ 1 99999 9999999 99999 1
2863 CTM 0.0980503 45.0 1800.0 200.0 3
2864 CTM 0.0950387 25.0 1800.0 200.0 1
2868 PQ 1 99999 9999999 99999 1
2869 CTM 0.213774 35.0 1800.0 200.0 2
2870 CTM 0.0889683 35.0 1800.0 200.0 2
2877 PQ 1 99999 9999999 99999 1
2878 CTM 0.213774 35.0 1800.0 200.0 2
2880 CTM 0.095375 40.0 1800.0 200.0 2
2881 CTM 0.0858558 25.0 1800.0 200.0 1
2882 PQ 1 99999 9999999 99999 1
2884 CTM 0.20712 40.0 1800.0 200.0 2
2888 CTM 0.134567 40.0 1800.0 200.0 2
2889 PQ 1 99999 9999999 99999 1
2890 PQ 1 99999 9999999 99999 1
2891 PQ 1 99999 9999999 99999 1
2893 PQ 1 99999 9999999 99999 1
2894 CTM 0.11603 40.0 1800.0 200.0 2
2895 CTM 0.0854768 25.0 1800.0 200.0 1
2897 CTM 0.070393 40.0 1800.0 200.0 2
2898 PQ 1 99999 9999999 99999 1
2900 CTM 0.0785863 45.0 1800.0 200.0 3
2901 PQ 1 99999 9999999 99999 1
2902 CTM 0.116909 45.0 1800.0 200.0 3
2903 PQ 1 99999 9999999 99999 1
2906 CTM 0.205851 45.0 1800.0 200.0 2
2908 CTM 0.268153 45.0 1800.0 200.0 3
2910 PQ 1 99999 9999999 99999 1
2911 PQ 1 99999 9999999 99999 1
2912 CTM 0.065489 45.0 1800.0 200.0 3
2913 CTM 0.0649741 25.0 1800.0 200.0 1
2914 PQ 1 99999 9999999 99999 1
2916 PQ 1 99999 9999999 99999 1
2917 CTM 0.228095 45.0 1800.0 200.0 3
2919 PQ 1 99999 9999999 99999 1
2920 PQ 1 99999 9999999 99999 1
2921 CTM 0.134532 45.0 1800.0 200.0 3
2922 CTM 0.065722 45.0 1800.0 200.0 3
2923 CTM 0.0653064 25.0 1800.0 200.0 1
2924 PQ 1 99999 9999999 99999 1
2926 PQ 1 99999 9999999 99999 1
2927 CTM 0.0855277 40.0 1800.0 200.0 3
2928 PQ 1 99999 9999999 99999 1
2929 CTM 0.0578976 45.0 1800.0 200.0 3
2930 PQ 1 99999 9999999 99999 1
2932 CTM 0.0572128 40.0 1800.0 200.0 3
2934 CTM 0.18229 40.0 1800.0 200.0 2
2935 PQ 1 99999 9999999 99999 1
2936 CTM 0.0254135 30.0 1800.0 200.0 1
2937 CTM 0.317829 40.0 1800.0 200.0 2
2938 PQ 1 99999 9999999 99999 1
2939 PQ 1 99999 9999999 99999 1
2940 CTM 0.146192 40.0 1800.0 200.0 2
2943 PQ 1 99999 9999999 99999 1
2944 CTM 0.0254135 30.0 1800.0 200.0 1
2945 CTM 0.178191 40.0 1800.0 200.0 2
2946 PQ 1 99999 9999999 99999 1
2947 PQ 1 99999 9999999 99999 1
2948 CTM 0.159181 40.0 1800.0 200.0 3
2949 PQ 1 99999 9999999 99999 1
2952 CTM 0.150814 40.0 1800.0 200.0 3
2953 PQ 1 99999 9999999 99999 1
2957 CTM 0.0380119 40.0 1800.0 200.0 2
2958 CTM 0.554905 40.0 1800.0 200.0 2
2961 CTM 0.0380122 40.0 1800.0 200.0 3
2962 CTM 0.0380119 40.0 1800.0 200.0 3
2964 CTM 0.0751506 40.0 1800.0 200.0 1
2965 PQ 1 99999 9999999 99999 1
2966 PQ 1 99999 9999999 99999 1
2967 CTM 0.0946482 40.0 1800.0 200.0 3
2968 PQ 1 99999 9999999 99999 1
2969 CTM 0.0696189 40.0 1800.0 200.0 3
2972 CTM 0.0917082 40.0 1800.0 200.0 3
2976 CTM 0.114072 40.0 1800.0 200.0 2
2977 PQ 1 99999 9999999 99999 1
2978 CTM 0.0670643 40.0 1800.0 200.0 3
2980 PQ 1 99999 9999999 99999 1
2981 CTM 0.0234579 25.0 1800.0 200.0 1
2982 CTM 0.26957 40.0 1800.0 200.0 2
2984 PQ 1 99999 9999999 99999 1
2985 CTM 0.201573 40.0 1800.0 200.0 2
2988 PQ 1 99999 9999999 99999 1
2989 CTM 0.0234579 25.0 1800.0 200.0 1
2990 CTM 0.133469 40.0 1800.0 200.0 2
2993 PQ 1 99999 9999999 99999 1
2994 CTM 0.135101 40.0 1800.0 200.0 3
2999 CTM 0.0450131 40.0 1800.0 200.0 4
3000 CTM 0.0687058 40.0 1800.0 200.0 1
3001 CTM 0.0450131 40.0 1800.0 200.0 3
3002 CTM 0.0410232 30.0 1800.0 200.0 1
3004 CTM 0.0488445 30.0 1800.0 200.0 1
3005 CTM 0.0410137 30.0 1800.0 200.0 1
3006 PQ 1 99999 9999999 99999 1
3007 CTM 0.0573872 40.0 1800.0 200.0 3
3008 PQ 1 99999 9999999 99999 1
3010 PQ 1 99999 9999999 99999 1
3011 PQ 1 99999 9999999 99999 1
3012 CTM 0.0874564 40.0 1800.0 200.0 5
3014 PQ 1 99999 9999999 99999 1
3015 CTM 0.0660189 40.0 1800.0 200.0 5
3017 CTM 0.0467985 40.0 1800.0 200.0 4
3019 CTM 0.0593354 40.0 1800.0 200.0 3
3020 PQ 1 99999 9999999 99999 1
3022 CTM 0.0733677 40.0 1800.0 200.0 3
3027 CTM 0.105623 40.0 1800.0 200.0 3
3029 CTM 0.028806 30.0 1800.0 200.0 1
3030 CTM 0.137049 40.0 1800.0 200.0 3
3031 CTM 0.0652421 40.0 1800.0 200.0 4
3033 CTM 0.0633555 40.0 1800.0 200.0 3
3034 CTM 0.0652405 25.0 1800.0 200.0 1
3036 PQ 1 99999 9999999 99999 1
3037 PQ 1 99999 9999999 99999 1
3039 CTM 0.135973 40.0 1800.0 200.0 3
3042 CTM 0.0706518 40.0 1800.0 200.0 3
3050 CTM 0.028806 30.0 1800.0 200.0 1
3052 CTM 0.26106 40.0 1800.0 200.0 3
3053 CTM 0.130259 40.0 1800.0 200.0 6
3054 CTM 0.084682 40.0 1800.0 200.0 3
3055 CTM 0.0864122 25.0 1800.0 200.0 1
3057 CTM 0.0638979 40.0 1800.0 200.0 4
3059 CTM 0.0744759 40.0 1800.0 200.0 3
3065 CTM 0.0620646 40.0 1800.0 200.0 3
3066 CTM 0.0683405 25.0 1800.0 200.0 1
3068 CTM 0.0711595 40.0 1800.0 200.0 4
3069 CTM 0.0773223 25.0 1800.0 200.0 1
3072 CTM 0.0709259 40.0 1800.0 200.0 4
3075 CTM 0.0735027 40.0 1800.0 200.0 4
3077 CTM 0.073554 40.0 1800.0 200.0 5
3080 CTM 0.13553 40.0 1800.0 200.0 3
3083 CTM 0.0836982 40.0 1800.0 200.0 3
3084 CTM 0.070246 40.0 1800.0 200.0 4
3086 CTM 0.0474274 40.0 1800.0 200.0 3
3090 CTM 0.0889378 25.0 1800.0 200.0 1
3091 CTM 0.122696 40.0 1800.0 200.0 3
3095 CTM 0.0581607 40.0 1800.0 200.0 3
3098 CTM 0.128226 40.0 1800.0 200.0 3
3099 CTM 0.0889378 25.0 1800.0 200.0 1
3101 CTM 0.0949152 40.0 1800.0 200.0 3
3111 CTM 0.162035 40.0 1800.0 200.0 2
3112 CTM 0.0606765 40.0 1800.0 200.0 3
3113 CTM 0.164168 40.0 1800.0 200.0 2
3114 CTM 0.17757 40.0 1800.0 200.0 2
3115 CTM 0.0546537 40.0 1800.0 200.0 3
3116 CTM 0.0546537 40.0 1800.0 200.0 2
3118 CTM 0.0606765 40.0 1800.0 200.0 2
3120 CTM 0.164168 40.0 1800.0 200.0 2
3121 CTM 0.098639 40.0 1800.0 200.0 2
3125 CTM 0.195183 40.0 1800.0 200.0 2
3126 CTM 0.038907 40.0 1800.0 200.0 2
3127 CTM 0.195183 40.0 1800.0 200.0 2
3128 CTM 0.0294365 40.0 1800.0 200.0 2
3131 CTM 0.17757 40.0 1800.0 200.0 2
3132 CTM 0.0952043 40.0 1800.0 200.0 2
3135 CTM 0.0472418 40.0 1800.0 200.0 2
3137 CTM 0.0691979 40.0 1800.0 200.0 2
3139 PQ 1 99999 9999999 99999 1
3140 CTM 0.0472421 40.0 1800.0 200.0 3
3141 CTM 0.0472418 40.0 1800.0 200.0 3
3142 CTM 0.0691979 40.0 1800.0 200.0 3
3143 CTM 0.0691979 40.0 1800.0 200.0 2
3144 PQ 1 99999 9999999 99999 1
3145 PQ 1 99999 9999999 99999 1
3146 PQ 1 99999 9999999 99999 1
3148 CTM 0.0810454 40.0 1800.0 200.0 2
3149 CTM 0.0577878 40.0 1800.0 200.0 2
3150 CTM 0.0400137 40.0 1800.0 200.0 3
3152 CTM 0.0880235 40.0 1800.0 200.0 2
3153 CTM 0.0880235 40.0 1800.0 200.0 2
3154 CTM 0.0436162 40.0 1800.0 200.0 2
3156 CTM 0.0810454 40.0 1800.0 200.0 2
3157 CTM 0.0258389 25.0 1800.0 200.0 1
3158 CTM 0.0838436 40.0 1800.0 200.0 2
3159 CTM 0.0336573 25.0 1800.0 200.0 1
3160 CTM 0.270823 40.0 1800.0 200.0 2
3161 CTM 0.0400137 40.0 1800.0 200.0 2
3163 CTM 0.0336573 25.0 1800.0 200.0 1
3166 CTM 0.0258389 25.0 1800.0 200.0 1
3169 CTM 0.0838436 40.0 1800.0 200.0 3
3170 CTM 0.270823 40.0 1800.0 200.0 2
3171 CTM 0.0190049 40.0 1800.0 200.0 2
3173 CTM 0.0315707 40.0 1800.0 200.0 2
3176 CTM 0.0610445 35.0 1800.0 200.0 2
3177 CTM 0.0315707 35.0 1800.0 200.0 3
3178 CTM 0.374994 40.0 1800.0 200.0 2
3179 PQ 1 99999 9999999 99999 1
3180 PQ 1 99999 9999999 99999 1
3183 CTM 0.0487534 35.0 1800.0 200.0 2
3187 CTM 0.203741 40.0 1800.0 200.0 2
3189 CTM 0.212588 40.0 1800.0 200.0 2
3190 PQ 1 99999 9999999 99999 1
3193 CTM 0.126926 40.0 1800.0 200.0 2
3194 CTM 0.0624802 40.0 1800.0 200.0 2
3195 CTM 0.126926 40.0 1800.0 200.0 2
3196 CTM 0.203741 40.0 1800.0 200.0 2
3198 CTM 0.212588 40.0 1800.0 200.0 2
3199 CTM 0.0541994 40.0 1800.0 200.0 2
3206 PQ 1 99999 9999999 99999 1
3209 CTM 0.201483 40.0 1800.0 200.0 2
3211 CTM 0.0370329 40.0 1800.0 200.0 2
3216 CTM 0.201483 40.0 1800.0 200.0 2
3217 CTM 0.0416378 40.0 1800.0 200.0 2
3225 CTM 0.102053 40.0 1800.0 200.0 2
3226 CTM 0.0319402 40.0 1800.0 200.0 2
3229 CTM 0.102298 40.0 1800.0 200.0 2
3230 CTM 0.0391591 40.0 1800.0 200.0 2
3231 CTM 0.102298 40.0 1800.0 200.0 2
3232 CTM 0.102053 40.0 1800.0 200.0 2
3234 CTM 0.332695 40.0 1800.0 200.0 2
3236 CTM 0.336543 40.0 1800.0 200.0 2
3237 CTM 0.303403 40.0 1800.0 200.0 2
3238 CTM 0.103498 40.0 1800.0 200.0 2
3240 PQ 1 99999 9999999 99999 1
3241 CTM 0.201472 40.0 1800.0 200.0 2
3242 CTM 0.0469018 40.0 1800.0 200.0 2
3245 CTM 0.303403 40.0 1800.0 200.0 2
3246 CTM 0.038339 40.0 1800.0 200.0 2
3247 CTM 0.103498 40.0 1800.0 200.0 2
3249 CTM 0.201472 40.0 1800.0 200.0 2
3250 PQ 1 99999 9999999 99999 1
3252 CTM 0.0722262 40.0 1800.0 200.0 3
3254 CTM 0.0575817 40.0 1800.0 200.0 4
3261 CTM 0.060579 40.0 1800.0 200.0 3
3266 CTM 0.0948723 40.0 1800.0 200.0 2
3267 CTM 0.142134 40.0 1800.0 200.0 2
3268 PQ 1 99999 9999999 99999 1
3269 CTM 0.0948878 40.0 1800.0 200.0 2
3270 CTM 0.0948723 40.0 1800.0 200.0 3
3271 CTM 0.0258472 40.0 1800.0 200.0 2
3272 CTM 0.0429421 25.0 1800.0 200.0 1
3273 CTM 0.0441704 35.0 1800.0 200.0 2
3274 CTM 0.0424314 25.0 1800.0 200.0 1
3276 PQ 1 99999 9999999 99999 1
3278 CTM 0.200422 40.0 1800.0 200.0 2
3280 CTM 0.347832 40.0 1800.0 200.0 2
3285 CTM 0.116185 40.0 1800.0 200.0 3
3286 PQ 1 99999 9999999 99999 1
3287 PQ 1 99999 9999999 99999 1
3288 CTM 0.117779 40.0 1800.0 200.0 2
3289 CTM 0.0327271 25.0 1800.0 200.0 1
3290 CTM 0.341259 40.0 1800.0 200.0 2
3291 CTM 0.028814 25.0 1800.0 200.0 1
3292 CTM 0.15343 40.0 1800.0 200.0 2
3293 CTM 0.117779 40.0 1800.0 200.0 2
3294 CTM 0.023578 40.0 1800.0 200.0 2
3295 CTM 0.15343 40.0 1800.0 200.0 2
3296 CTM 0.341259 40.0 1800.0 200.0 2
3297 CTM 0.0573101 40.0 1800.0 200.0 2
3298 CTM 0.241508 40.0 1800.0 200.0 2
3299 CTM 0.0563098 40.0 1800.0 200.0 2
3300 CTM 0.277034 40.0 1800.0 200.0 2
3301 CTM 0.0496241 40.0 1800.0 200.0 3
3302 CTM 0.0271065 40.0 1800.0 200.0 3
3303 CTM 0.0321713 40.0 1800.0 200.0 2
3304 CTM 0.0321713 40.0 1800.0 200.0 2
3305 CTM 0.241508 40.0 1800.0 200.0 2
3306 PQ 1 99999 9999999 99999 1
3307 PQ 1 99999 9999999 99999 1
3308 CTM 0.0615738 40.0 1800.0 200.0 2
3310 CTM 0.0558351 40.0 1800.0 200.0 2
3311 CTM 0.0645387 40.0 1800.0 200.0 2
3312 CTM 0.0624177 40.0 1800.0 200.0 3
3313 CTM 0.0558351 40.0 1800.0 200.0 3
3314 CTM 0.0654485 40.0 1800.0 200.0 2
3315 CTM 0.0624177 40.0 1800.0 200.0 2
3316 CTM 0.0615738 40.0 1800.0 200.0 2
3318 PQ 1 99999 9999999 99999 1
3319 PQ 1 99999 9999999 99999 1
3321 CTM 0.0503189 35.0 1800.0 200.0 2
3322 CTM 0.0487287 35.0 1800.0 200.0 2
3323 CTM 0.0545963 35.0 1800.0 200.0 3
3324 CTM 0.0461768 35.0 1800.0 200.0 2
3325 CTM 0.105836 35.0 1800.0 200.0 2
3326 CTM 0.0503189 35.0 1800.0 200.0 3
3327 CTM 0.0487287 35.0 1800.0 200.0 2
3329 CTM 0.0545963 35.0 1800.0 200.0 2
3330 PQ 1 99999 9999999 99999 1
3331 PQ 1 99999 9999999 99999 1
3334 CTM 0.140872 35.0 1800.0 200.0 2
3335 CTM 0.0594287 35.0 1800.0 200.0 3
3336 CTM 0.0565256 35.0 1800.0 200.0 3
3337 CTM 0.0451256 35.0 1800.0 200.0 2
3339 CTM 0.206649 30.0 1800.0 200.0 1
3341 CTM 0.302937 30.0 1800.0 200.0 1
3344 CTM 0.0399149 25.0 1800.0 200.0 1
3345 CTM 0.0415823 25.0 1800.0 200.0 2
3346 CTM 0.0667503 25.0 1800.0 200.0 2
3347 CTM 0.0227602 20.0 1800.0 200.0 1
3348 CTM 0.0269152 25.0 1800.0 200.0 1
3349 CTM 0.0490991 20.0 1800.0 200.0 2
3350 CTM 0.0227768 20.0 1800.0 200.0 1
3351 CTM 0.0269152 25.0 1800.0 200.0 1
3352 CTM 0.0244706 25.0 1800.0 200.0 2
3353 CTM 0.0399091 25.0 1800.0 200.0 1
3356 PQ 1 99999 9999999 99999 1
3358 CTM 0.150854 40.0 1800.0 200.0 2
3360 CTM 0.169106 40.0 1800.0 200.0 2
3361 CTM 0.147108 40.0 1800.0 200.0 2
3362 CTM 0.150854 40.0 1800.0 200.0 2
3363 CTM 0.169106 40.0 1800.0 200.0 2
3364 CTM 0.170357 40.0 1800.0 200.0 2
3368 CTM 0.0970683 40.0 1800.0 200.0 3
3369 CTM 0.0904747 30.0 1800.0 200.0 1
3370 CTM 0.204671 40.0 1800.0 200.0 3
3371 CTM 0.0904747 30.0 1800.0 200.0 1
3376 CTM 0.0321985 40.0 1800.0 200.0 3
3377 PQ 1 99999 9999999 99999 1
3378 PQ 1 99999 9999999 99999 1
3379 CTM 0.0459832 30.0 1800.0 200.0 1
3380 CTM 0.0459753 30.0 1800.0 200.0 1
4219 PQ 1 99999 9999999 99999 1
4223 CTM 0.0490085 65.0 1800.0 200.0 4
4229 CTM 0.116 65.0 2400.0 200.0 3
4250 CTM 0.10341 40.0 1800.0 200.0 4
4251 CTM 0.0708564 45.0 1800.0 200.0 6
4254 CTM 0.0467732 40.0 1800.0 200.0 5
4256 CTM 0.0463561 30.0 1800.0 200.0 2
4260 CTM 0.0327271 25.0 1800.0 200.0 1
4261 CTM 0.028814 25.0 1800.0 200.0 1
4262 PQ 1 99999 9999999 99999 1
4263 PQ 1 99999 9999999 99999 1
4265 PQ 1 99999 9999999 99999 1
4266 PQ 1 99999 9999999 99999 1
4267 PQ 1 99999 9999999 99999 1
4269 PQ 1 99999 9999999 99999 1
4270 PQ 1 99999 9999999 99999 1
4271 PQ 1 99999 9999999 99999 1
4272 PQ 1 99999 9999999 99999 1
4273 PQ 1 99999 9999999 99999 1
4274 PQ 1 99999 9999999 99999 1
4275 PQ 1 99999 9999999 99999 1
4276 PQ 1 99999 9999999 99999 1
4277 PQ 1 99999 9999999 99999 1
4278 PQ 1 99999 9999999 99999 1
4279 PQ 1 99999 9999999 99999 1
4280 PQ 1 99999 9999999 99999 1
4281 PQ 1 99999 9999999 99999 1
4282 PQ 1 99999 9999999 99999 1
4283 PQ 1 99999 9999999 99999 1
4285 PQ 1 99999 9999999 99999 1
4286 PQ 1 99999 9999999 99999 1
4287 PQ 1 99999 9999999 99999 1
4288 PQ 1 99999 9999999 99999 1
4289 PQ 1 99999 9999999 99999 1
4290 PQ 1 99999 9999999 99999 1
4291 PQ 1 99999 9999999 99999 1
4292 PQ 1 99999 9999999 99999 1
4293 PQ 1 99999 9999999 99999 1
4294 PQ 1 99999 9999999 99999 1
4295 PQ 1 99999 9999999 99999 1
4296 PQ 1 99999 9999999 99999 1
4297 PQ 1 99999 9999999 99999 1
4299 PQ 1 99999 9999999 99999 1
4301 PQ 1 99999 9999999 99999 1
4302 PQ 1 99999 9999999 99999 1
4303 PQ 1 99999 9999999 99999 1
4304 PQ 1 99999 9999999 99999 1
4305 PQ 1 99999 9999999 99999 1
4306 PQ 1 99999 9999999 99999 1
4307 PQ 1 99999 9999999 99999 1
4308 PQ 1 99999 9999999 99999 1
4309 PQ 1 99999 9999999 99999 1
4310 PQ 1 99999 9999999 99999 1
4311 PQ 1 99999 9999999 99999 1
4312 PQ 1 99999 9999999 99999 1
4313 PQ 1 99999 9999999 99999 1
4314 PQ 1 99999 9999999 99999 1
4317 PQ 1 99999 9999999 99999 1
4318 PQ 1 99999 9999999 99999 1
4319 PQ 1 99999 9999999 99999 1
4320 PQ 1 99999 9999999 99999 1
4321 PQ 1 99999 9999999 99999 1
4322 PQ 1 99999 9999999 99999 1
4323 PQ 1 99999 9999999 99999 1
4324 PQ 1 99999 9999999 99999 1
4325 PQ 1 99999 9999999 99999 1
4326 PQ 1 99999 9999999 99999 1
4327 PQ 1 99999 9999999 99999 1
4328 PQ 1 99999 9999999 99999 1
4329 PQ 1 99999 9999999 99999 1
4330 PQ 1 99999 9999999 99999 1
4331 PQ 1 99999 9999999 99999 1
4334 PQ 1 99999 9999999 99999 1
4335 PQ 1 99999 9999999 99999 1
4340 PQ 1 99999 9999999 99999 1
4341 PQ 1 99999 9999999 99999 1
4342 PQ 1 99999 9999999 99999 1
4343 PQ 1 99999 9999999 99999 1
4344 PQ 1 99999 9999999 99999 1
4347 PQ 1 99999 9999999 99999 1
4349 PQ 1 99999 9999999 99999 1
4350 PQ 1 99999 9999999 99999 1
4351 PQ 1 99999 9999999 99999 1
4353 PQ 1 99999 9999999 99999 1
4354 PQ 1 99999 9999999 99999 1
4355 PQ 1 99999 9999999 99999 1
4356 PQ 1 99999 9999999 99999 1
4357 PQ 1 99999 9999999 99999 1
4358 PQ 1 99999 9999999 99999 1
4359 PQ 1 99999 9999999 99999 1
4360 PQ 1 99999 9999999 99999 1
4361 PQ 1 99999 9999999 99999 1
4362 PQ 1 99999 9999999 99999 1
4364 PQ 1 99999 9999999 99999 1
4365 PQ 1 99999 9999999 99999 1
4366 PQ 1 99999 9999999 99999 1
4367 PQ 1 99999 9999999 99999 1
4368 PQ 1 99999 9999999 99999 1
4369 PQ 1 99999 9999999 99999 1
4370 PQ 1 99999 9999999 99999 1
4371 PQ 1 99999 9999999 99999 1
4372 PQ 1 99999 9999999 99999 1
4375 PQ 1 99999 9999999 99999 1
4376 PQ 1 99999 9999999 99999 1
4377 PQ 1 99999 9999999 99999 1
4378 PQ 1 99999 9999999 99999 1
4379 PQ 1 99999 9999999 99999 1
4380 PQ 1 99999 9999999 99999 1
4381 PQ 1 99999 9999999 99999 1
4382 PQ 1 99999 9999999 99999 1
4384 PQ 1 99999 9999999 99999 1
4385 PQ 1 99999 9999999 99999 1
4387 PQ 1 99999 9999999 99999 1
