# EdgeId	FromNodeId	ToNodeId
1 1 1915
2 63 96
3 732 10
5 168 98
6 3 44
7 389 172
8 4 39
9 4 20
10 5 485
11 381 432
12 493 5
13 6 543
14 6 36
15 7 563
16 7 18
17 513 260
18 8 583
19 9 664
20 108 85
21 10 732
22 85 247
23 65 151
24 330 10
25 59 52
26 10 1255
27 604 148
28 13 80
29 149 603
30 1242 11
31 15 434
32 601 604
33 16 15
34 603 671
35 17 230
36 17 919
37 18 1275
38 736 752
39 18 7
40 18 1300
41 753 736
42 18 222
43 73 155
44 19 1328
45 19 6
46 158 33
47 584 248
48 20 320
49 582 119
50 11 1242
51 585 11
52 132 579
54 23 79
55 24 59
57 569 581
58 24 8
59 42 572
60 393 692
61 696 575
62 551 548
63 26 28
64 27 38
65 538 541
66 28 467
67 558 561
68 28 694
69 28 472
70 537 534
71 12 1072
72 30 1065
73 553 556
74 30 694
75 30 1069
76 543 546
77 30 471
78 31 692
79 520 523
80 368 370
81 114 137
82 33 109
83 491 493
84 34 864
85 34 218
86 35 1330
87 35 917
88 508 506
89 484 481
90 35 1328
91 36 136
92 511 513
93 497 499
94 36 94
95 37 520
96 37 27
97 503 504
98 472 697
99 37 41
100 38 234
101 123 225
102 38 100
103 25 466
104 39 40
105 444 401
106 642 644
107 437 439
108 40 464
109 41 37
110 41 515
111 681 676
112 412 413
113 22 195
114 648 645
115 298 139
116 44 187
117 673 678
118 45 185
119 678 627
120 46 223
121 47 225
122 306 310
123 48 158
124 323 331
125 49 151
126 335 318
127 50 154
128 337 339
129 216 71
130 51 228
131 71 314
132 52 67
133 2 71
134 53 13
135 68 303
136 14 3
137 1113 1112
138 664 1113
139 1112 1118
140 1121 1125
141 56 1
142 56 65
143 11 1310
144 630 61
145 57 73
146 57 56
147 61 1526
148 808 801
150 59 56
151 801 808
152 809 808
153 808 809
154 810 808
155 808 810
156 1257 21
157 21 1257
158 587 21
159 21 1417
160 63 52
161 588 32
162 32 1418
164 191 345
165 65 24
166 517 37
167 1252 32
168 32 1252
169 67 78
170 38 257
171 352 349
172 69 842
173 69 214
178 944 948
179 948 944
180 72 189
181 851 55
182 55 851
183 851 60
184 60 851
185 907 61
186 61 907
187 597 55
188 55 1421
189 77 869
190 77 227
191 596 60
192 78 51
193 60 1419
194 79 445
195 79 722
196 907 62
197 80 314
198 81 106
200 82 1050
201 62 907
202 54 871
204 629 62
205 62 1528
210 87 209
211 88 9
214 1031 66
215 89 197
216 89 336
217 90 238
218 66 1031
219 1031 70
220 70 1031
221 682 66
222 66 1573
223 680 70
224 94 538
225 94 36
226 94 1333
227 70 1574
228 1434 74
229 74 1434
230 1434 75
231 96 56
232 75 1434
233 679 74
234 98 24
235 74 1577
236 1075 76
237 677 75
238 75 1578
239 100 37
240 101 300
241 76 1075
242 102 44
243 103 31
244 1075 84
245 84 1075
246 703 76
247 104 186
248 76 1590
249 105 198
250 106 203
251 702 84
252 99 918
253 84 1589
254 108 24
255 1487 92
256 92 1487
257 109 110
258 109 582
259 109 123
260 1487 93
261 110 166
262 110 109
263 93 1487
264 1021 92
265 92 1612
266 1025 93
267 93 1613
270 114 109
271 1270 859
272 859 1270
273 1498 95
274 95 1498
275 1498 97
276 97 1498
277 1117 95
278 95 1635
279 119 46
280 1119 97
281 97 1636
282 1378 116
283 116 1378
284 1378 117
285 122 584
286 122 114
287 117 1378
288 649 116
289 122 129
290 116 1553
292 123 122
293 651 117
294 117 1552
295 1455 118
296 1441 120
297 120 1441
298 1441 121
299 121 1441
300 698 120
301 120 1588
302 129 122
303 129 134
304 685 121
305 121 1587
306 118 1455
307 1455 125
308 125 1455
309 754 118
311 118 1596
312 134 165
313 755 125
314 134 129
315 134 1284
316 125 1597
317 134 167
318 436 126
319 135 838
320 135 1258
321 126 436
322 135 841
323 135 824
324 136 553
325 136 19
326 436 127
327 127 436
328 137 46
329 138 47
330 1114 126
331 138 132
332 139 208
333 126 1621
334 140 180
335 1111 127
336 127 1620
337 141 320
338 142 405
339 1063 128
340 128 1063
341 1063 130
342 130 1063
343 724 128
344 128 1592
345 723 130
346 130 1591
347 1363 131
348 131 1363
349 1363 143
350 143 1363
351 148 63
352 647 131
353 131 1551
354 641 143
355 143 1550
356 151 247
357 1278 1515
358 145 1133
360 153 50
361 560 145
362 154 168
363 154 49
364 912 1537
365 1143 144
366 155 67
367 144 1143
368 1143 146
369 146 1143
370 157 153
371 1020 144
372 144 1608
373 158 297
374 1019 146
375 159 580
376 160 162
377 146 1609
378 161 138
379 1919 1601
380 162 571
381 978 1018
382 1409 1404
383 163 224
384 164 161
385 1404 1409
386 165 1228
387 165 1227
389 166 841
390 166 110
391 167 134
392 167 847
395 169 88
397 170 53
399 171 952
400 171 954
402 172 213
403 173 278
406 174 563
408 175 193
409 176 169
411 177 349
413 178 215
414 178 176
416 179 300
418 180 721
419 180 313
422 181 175
424 182 45
426 112 869
428 185 181
430 186 212
433 187 191
434 188 277
437 189 86
439 190 102
441 191 700
443 192 111
445 193 194
447 194 192
448 195 196
450 196 90
453 197 190
455 198 72
456 199 179
458 200 199
465 203 204
467 204 105
468 205 280
471 206 210
473 207 81
476 208 87
478 209 207
480 210 431
481 210 299
482 211 435
484 211 444
485 212 173
489 213 432
491 214 57
492 214 69
493 214 1241
495 214 768
496 215 2
502 218 34
503 218 696
504 218 174
507 219 1061
509 219 1080
510 219 1084
512 219 1054
514 220 141
515 221 276
517 222 18
518 222 871
520 223 159
522 224 249
523 225 701
525 226 552
527 227 1289
529 227 77
530 227 868
532 227 863
534 228 48
535 115 919
537 230 1331
539 230 929
541 230 17
542 230 1375
543 231 218
546 232 954
547 232 958
549 232 925
550 232 1360
551 233 515
552 233 965
553 234 1389
554 234 38
555 147 840
556 236 729
557 236 733
559 236 728
561 236 735
564 238 200
580 246 270
582 247 149
584 248 701
587 249 252
588 250 246
591 251 250
593 252 254
594 253 271
597 254 526
598 254 255
600 255 257
601 256 253
604 257 259
605 258 256
607 259 261
610 260 517
611 261 484
612 261 262
614 262 5
617 263 260
619 268 164
621 269 268
623 270 570
624 271 251
626 271 537
628 272 509
629 273 486
631 274 273
635 275 312
636 276 275
638 277 221
640 277 68
641 278 188
643 278 14
645 279 648
646 279 298
647 280 362
652 156 283
653 283 284
655 284 285
657 285 286
659 286 287
661 287 288
663 288 294
665 289 292
667 290 293
669 291 290
671 291 673
672 292 291
674 293 205
677 294 295
679 295 296
680 296 289
683 297 137
686 299 371
688 300 177
695 303 169
708 310 311
710 311 275
713 312 25
714 312 274
716 313 178
720 314 23
728 318 311
730 319 321
733 320 319
735 321 465
740 324 325
742 325 337
743 325 323
756 331 187
766 336 216
767 336 335
772 339 88
784 345 346
786 346 356
792 349 140
801 353 352
805 355 315
807 356 705
810 357 716
812 358 359
813 358 710
814 359 353
816 360 688
818 360 374
819 360 365
820 361 279
823 362 363
824 362 693
826 363 360
827 364 375
828 364 688
832 365 377
833 365 376
834 201 374
835 202 1917
840 370 364
842 371 368
843 371 103
845 239 1216
846 240 377
847 374 360
848 374 457
850 374 377
851 375 1917
852 375 452
853 375 364
856 376 378
857 376 380
858 377 365
859 377 374
861 377 399
862 378 687
864 378 399
865 241 398
867 380 381
871 382 383
872 382 365
873 383 385
876 385 31
879 242 451
880 388 458
881 388 454
882 388 461
885 390 451
886 390 455
887 390 391
889 391 393
890 243 395
894 395 690
897 244 399
899 398 450
900 398 687
902 399 378
903 399 377
905 400 421
908 400 406
909 401 400
917 405 211
920 406 400
921 406 416
926 408 411
928 409 412
929 409 400
930 410 449
931 410 443
932 410 437
933 410 408
936 411 409
940 413 104
941 414 419
942 414 420
944 414 406
946 414 691
947 415 414
948 415 406
951 416 1193
952 417 430
955 418 414
956 419 425
958 420 428
959 420 423
960 420 418
963 421 424
965 422 448
969 423 422
970 424 422
974 425 446
975 245 1187
977 427 1184
978 428 1179
979 428 1182
980 428 420
982 429 1163
983 429 1167
984 429 1162
985 430 398
987 431 417
990 432 142
991 433 420
993 434 206
996 435 104
997 436 1490
999 436 1491
1006 439 206
1008 264 1183
1009 442 1175
1010 442 1181
1011 442 1177
1012 442 1178
1013 443 1183
1014 443 410
1017 445 433
1020 446 212
1021 447 415
1023 448 410
1025 449 1182
1026 449 410
1027 450 1216
1028 450 398
1030 451 689
1031 451 390
1032 451 452
1033 452 451
1034 452 375
1035 453 689
1036 454 461
1037 454 388
1038 454 456
1039 454 690
1040 454 459
1041 455 390
1042 455 458
1043 456 454
1044 457 459
1045 457 374
1046 458 455
1047 458 388
1048 459 461
1049 459 454
1050 459 457
1052 460 389
1056 461 460
1061 464 220
1063 464 469
1065 464 26
1068 465 170
1069 465 324
1071 466 28
1072 467 464
1075 468 464
1076 469 1050
1080 471 30
1081 471 1072
1092 477 487
1095 477 1013
1097 478 490
1098 478 480
1100 479 497
1101 479 478
1104 480 503
1105 480 477
1106 481 478
1115 485 4
1116 486 272
1118 487 511
1119 487 479
1121 265 1015
1122 266 1016
1123 490 1015
1124 490 1006
1126 490 491
1127 490 478
1136 495 1001
1138 496 998
1139 496 1007
1141 496 1002
1142 496 981
1147 499 262
1150 501 1431
1152 501 1044
1153 501 1438
1155 501 1048
1161 504 263
1166 506 477
1172 509 508
1173 509 263
1183 267 953
1184 515 1379
1186 515 41
1187 515 1393
1189 515 233
1190 281 965
1191 517 258
1204 523 256
1207 525 38
1209 526 525
1222 532 918
1223 532 1350
1225 533 1350
1226 533 1351
1228 533 1914
1230 533 912
1231 534 36
1245 541 246
1254 546 250
1257 548 19
1266 552 551
1267 552 163
1274 556 224
1284 561 249
1286 563 42
1287 563 231
1290 563 7
1295 566 218
1304 570 569
1305 570 269
1306 571 226
1309 572 164
1314 575 571
1319 578 566
1321 579 122
1323 580 578
1324 580 160
1327 581 563
1331 583 236
1346 592 794
1347 593 214
1372 607 609
1375 608 612
1376 609 615
1379 610 608
1380 611 607
1383 612 301
1385 302 611
1386 615 617
1389 616 610
1390 617 619
1393 618 650
1394 619 621
1397 620 618
1398 621 642
1399 621 623
1403 622 620
1404 623 625
1407 624 622
1408 625 627
1411 626 624
1412 627 1219
1416 628 681
1417 628 626
1452 644 280
1455 645 622
1466 650 616
1469 1223 1904
1474 655 659
1475 656 1222
1478 657 661
1479 658 660
1483 659 657
1484 660 656
1487 661 1120
1488 661 663
1489 662 658
1492 663 665
1494 664 662
1498 665 89
1505 307 601
1506 308 686
1508 671 304
1517 676 208
1537 686 1147
1539 687 398
1540 687 378
1541 688 364
1542 688 360
1543 689 453
1544 689 451
1545 690 454
1546 690 395
1547 691 425
1549 692 361
1552 693 172
1553 694 28
1554 694 30
1555 695 961
1560 697 274
1565 699 1465
1566 699 1090
1569 700 182
1570 701 157
1576 704 720
1578 705 704
1580 706 709
1582 707 708
1584 708 706
1586 709 355
1590 711 719
1592 712 713
1594 713 358
1596 714 715
1598 715 711
1600 716 714
1601 309 357
1604 719 712
1605 720 707
1607 721 306
1609 722 16
1615 316 729
1616 726 236
1619 727 730
1620 728 236
1621 728 731
1624 729 236
1625 730 736
1626 730 1218
1628 730 739
1629 730 734
1632 731 732
1633 732 762
1636 732 757
1638 733 108
1641 734 743
1643 735 727
1646 736 730
1647 317 753
1649 739 730
1650 739 879
1651 740 741
1653 741 730
1656 742 740
1657 742 746
1659 742 744
1661 743 742
1663 744 846
1664 745 742
1666 746 742
1667 746 844
1668 326 844
1670 328 845
1675 752 322
1683 329 879
1685 757 758
1686 758 759
1689 759 764
1690 759 769
1692 759 772
1693 759 763
1695 761 732
1697 762 728
1699 763 996
1701 763 993
1702 764 765
1704 764 759
1705 765 767
1708 766 764
1709 767 768
1710 767 775
1711 767 766
1713 768 214
1714 768 767
1716 769 771
1717 770 759
1720 771 779
1721 771 780
1723 771 777
1724 771 770
1725 772 759
1726 772 843
1727 332 843
1728 333 775
1729 775 767
1731 334 842
1732 777 771
1734 338 777
1735 779 799
1736 779 771
1738 780 782
1739 781 771
1741 782 781
1743 782 792
1744 782 789
1746 782 783
1747 783 782
1749 340 783
1750 785 1249
1751 785 792
1752 786 788
1754 786 1017
1755 786 829
1757 786 830
1758 369 830
1759 788 782
1762 789 786
1763 790 791
1764 790 1249
1765 791 795
1766 791 790
1767 792 785
1768 792 782
1769 793 1239
1772 793 1236
1774 794 807
1775 794 797
1777 794 811
1778 794 1246
1779 795 796
1780 795 791
1781 796 798
1783 796 813
1784 796 817
1786 796 795
1788 797 796
1789 798 794
1791 799 808
1792 799 779
1796 801 811
1798 384 810
1799 386 809
1806 394 807
1808 807 794
1811 808 799
1816 811 794
1817 811 801
1818 396 813
1820 813 796
1821 814 816
1823 814 823
1824 814 819
1826 814 822
1827 815 814
1829 816 1225
1832 817 814
1833 818 796
1836 819 135
1837 402 822
1838 403 823
1839 822 814
1842 823 814
1843 824 815
1845 404 826
1847 826 1017
1848 827 786
1851 828 134
1853 829 1230
1854 830 786
1856 407 847
1858 832 862
1859 832 1286
1861 832 859
1862 832 1263
1863 833 135
1866 834 832
1867 835 832
1869 836 870
1871 837 839
1872 837 838
1873 838 837
1874 838 135
1875 839 840
1876 839 837
1878 840 839
1879 841 135
1880 841 166
1882 842 69
1883 843 772
1885 844 746
1887 845 745
1890 846 327
1891 847 167
1894 848 858
1895 848 1273
1897 848 856
1898 848 1281
1899 849 848
1901 850 134
1905 851 849
1908 851 852
1910 852 850
1911 853 848
1913 854 18
1915 438 856
1916 856 848
1918 857 1266
1919 857 858
1920 858 857
1921 858 848
1922 859 832
1924 440 861
1926 861 862
1927 862 861
1928 862 832
1929 863 227
1930 863 864
1931 864 877
1932 864 863
1933 864 878
1934 864 34
1936 865 905
1937 865 1313
1939 865 907
1940 865 1304
1942 866 1301
1944 866 891
1945 866 867
1946 867 227
1948 868 866
1951 869 77
1953 870 227
1954 871 222
1957 872 906
1958 872 1322
1960 872 914
1961 872 1293
1962 873 872
1964 462 876
1965 463 877
1967 876 878
1969 877 864
1970 878 864
1971 878 876
1972 879 739
1975 880 882
1976 881 882
1979 882 885
1980 882 1278
1982 882 887
1983 882 1272
1984 470 885
1985 473 886
1987 885 882
1988 886 887
1990 887 882
1991 887 886
1992 474 913
1993 889 18
1995 475 893
1996 891 866
1997 891 893
1998 892 865
2000 893 891
2002 894 866
2004 476 916
2005 482 899
2006 897 230
2009 898 910
2010 898 1324
2012 898 900
2013 898 1311
2014 899 901
2016 900 898
2017 900 901
2018 901 900
2019 901 899
2020 902 898
2022 903 865
2024 904 916
2025 904 905
2026 905 904
2027 905 865
2028 906 1306
2029 906 872
2031 907 865
2033 907 1309
2034 908 533
2036 483 911
2037 910 911
2038 910 898
2040 911 910
2041 912 898
2044 913 914
2046 914 872
2047 914 913
2048 915 872
2051 916 904
2052 917 533
2055 918 532
2056 919 17
2058 920 1318
2061 921 937
2062 921 1362
2064 921 938
2065 921 1352
2066 922 533
2068 923 921
2070 924 232
2072 925 232
2074 925 1388
2075 926 1382
2077 926 939
2078 926 1383
2080 926 942
2081 927 928
2083 927 945
2084 927 1381
2086 927 948
2087 928 230
2090 929 927
2091 930 927
2093 931 926
2095 932 926
2097 933 515
2099 492 936
2100 494 941
2102 936 937
2103 937 936
2104 937 921
2105 938 921
2106 938 1499
2107 939 1500
2108 939 926
2109 940 921
2111 941 942
2113 942 926
2114 942 941
2115 498 945
2120 945 927
2125 948 927
2128 500 944
2131 952 953
2132 952 171
2134 953 952
2135 954 171
2136 954 232
2137 955 959
2139 955 977
2140 955 1022
2142 955 973
2143 956 957
2145 956 970
2146 956 960
2148 956 968
2149 957 232
2152 958 956
2153 959 956
2156 960 955
2157 961 1416
2159 961 1013
2160 961 1423
2162 961 1014
2163 962 1395
2165 962 974
2166 962 1414
2168 962 987
2169 963 515
2171 964 962
2173 965 233
2175 502 969
2176 505 968
2177 968 956
2180 969 970
2181 970 969
2182 970 956
2184 971 1404
2185 971 1403
2188 973 955
2190 973 1409
2191 974 1405
2192 974 962
2193 507 976
2195 976 977
2196 977 976
2197 977 955
2198 978 982
2202 979 980
2204 980 978
2206 980 495
2208 980 1023
2210 981 979
2213 982 955
2216 983 980
2217 510 986
2218 985 962
2220 986 987
2222 987 962
2223 987 986
2224 988 1002
2225 988 1006
2226 512 1023
2227 521 991
2229 991 992
2230 992 991
2231 992 999
2232 993 995
2234 993 997
2235 522 997
2236 995 996
2238 996 761
2241 997 993
2243 998 999
2244 998 496
2246 999 992
2247 999 1000
2248 999 998
2250 1000 1007
2252 1001 496
2253 1001 998
2254 1002 981
2255 1002 496
2257 1002 988
2258 1003 1027
2260 1003 1040
2261 1003 1043
2263 1003 1045
2264 1004 1005
2266 1005 496
2267 1005 1002
2269 1006 988
2270 1006 490
2272 1007 1009
2274 1008 1004
2276 1008 1029
2277 1008 1030
2279 1008 1032
2281 1009 1008
2282 1010 1422
2284 1010 1033
2285 1010 1432
2287 1010 1035
2288 1011 961
2290 1012 1010
2292 1013 477
2293 1013 961
2294 1014 961
2295 1014 1024
2297 1015 490
2298 1016 1024
2300 1017 826
2301 1017 786
2302 1018 980
2311 1022 983
2312 1022 978
2313 1023 980
2315 1024 1014
2316 1024 1016
2318 524 1028
2319 1027 1008
2322 1028 1029
2323 1029 1028
2324 1029 1008
2326 1030 1003
2328 1031 1032
2330 1031 1033
2331 1032 1008
2332 1032 1031
2333 1033 1031
2334 1033 1010
2335 528 1035
2336 1035 1010
2338 1036 1010
2340 1037 501
2342 529 1039
2344 1039 1040
2345 1040 1039
2346 1040 1003
2347 1041 1042
2349 1041 1060
2350 1041 1057
2352 1042 1003
2355 1043 1041
2356 1044 1434
2357 1044 501
2358 1045 1003
2359 1045 1434
2360 531 1047
2361 1047 1048
2363 1048 501
2364 1048 1047
2365 1049 1077
2366 1049 1055
2367 1049 1076
2368 1049 1056
2369 1050 1437
2371 1050 1051
2372 1050 1053
2373 1050 468
2375 1051 1056
2376 1051 1050
2377 1052 501
2379 1053 1050
2380 1053 1466
2381 1054 219
2382 1054 1055
2383 1055 1054
2384 1055 1049
2385 1056 1049
2386 1056 1051
2388 1057 219
2389 535 1059
2391 1059 1060
2392 1060 1059
2393 1060 1041
2394 1061 1041
2396 536 1070
2397 1063 1071
2400 1063 1067
2404 1065 539
2407 1066 30
2409 1067 1201
2410 1068 30
2413 1069 1063
2415 1070 1066
2416 1071 1068
2418 1072 471
2420 540 1077
2421 542 1076
2422 1075 1466
2424 1075 1467
2426 1076 1049
2429 1077 1049
2430 544 1079
2432 1079 1080
2433 1080 1079
2434 1080 219
2435 1081 1083
2438 1082 1441
2439 1083 1085
2442 1084 1082
2443 1085 219
2446 1086 1112
2447 1086 1115
2448 1086 1107
2450 1087 1092
2451 1087 1104
2452 1087 1097
2454 1088 1106
2456 545 1091
2457 1090 699
2458 1090 1128
2459 1090 1130
2460 1090 1129
2462 1091 1092
2463 1092 1091
2464 1092 1087
2465 1093 1452
2466 1093 1451
2467 1094 1098
2468 1094 1095
2469 1095 1094
2470 1095 1452
2471 1096 1100
2472 1096 1097
2474 1096 1098
2475 1097 1087
2476 1097 1096
2477 1098 1096
2478 1098 1094
2479 1099 1101
2481 1100 1099
2483 1101 1441
2484 1101 1088
2486 1102 1103
2487 1102 1107
2489 1103 1105
2490 1103 1104
2494 1104 1458
2495 1104 1103
2496 1105 1096
2499 1106 1087
2500 1107 1086
2501 1107 1102
2502 1108 1123
2503 1108 1110
2505 1108 1121
2507 1109 1138
2508 1109 1110
2509 1110 1109
2510 1110 1108
2515 1112 1115
2516 1112 1086
2522 1115 1109
2528 1118 658
2533 1120 1122
2534 1121 1123
2535 1121 1108
2539 1122 1121
2540 1123 1102
2546 1125 665
2547 547 1208
2548 1127 1149
2549 1127 1140
2550 1127 1148
2551 1127 1145
2552 1128 1449
2553 1128 1090
2554 1129 1090
2555 1129 1131
2556 1130 1090
2557 1130 1463
2558 1131 1129
2559 1131 1455
2560 1132 1455
2561 1132 1201
2562 1133 1504
2563 1133 1162
2564 1133 1167
2566 1133 1161
2567 1134 1136
2568 1134 1508
2570 1134 1157
2572 1135 1156
2573 1135 1503
2574 1135 1508
2575 1136 1137
2577 1137 1108
2578 1137 1151
2580 1137 1150
2582 1138 1152
2583 1138 1135
2584 1138 1151
2585 549 1153
2586 1140 1146
2587 1140 1127
2588 1141 1150
2589 1141 1479
2590 550 1209
2592 1143 1485
2594 1143 1486
2595 1144 1145
2596 1144 1485
2597 1145 1127
2598 1145 1144
2599 1146 1478
2600 1146 1140
2601 1147 1148
2602 1147 1155
2603 1147 1173
2604 1147 686
2605 1148 1127
2606 1148 1147
2607 1149 1464
2608 1149 1127
2609 1150 1137
2610 1150 1141
2611 1151 1138
2612 1151 1137
2613 1152 1153
2614 1152 1138
2616 1153 1152
2617 554 1156
2618 1155 1487
2619 1155 1147
2621 1156 1135
2622 1157 1134
2623 1157 1487
2624 1158 1160
2625 1158 1494
2626 555 1175
2627 1160 1161
2628 1160 1158
2629 1161 1133
2630 1161 1160
2631 1162 429
2632 1162 1133
2633 1163 1164
2634 1163 1167
2635 1163 429
2636 1164 1165
2637 1164 1163
2639 1165 1164
2640 557 1165
2642 1167 1163
2643 1167 1171
2649 1171 559
2652 1172 429
2653 1173 1147
2654 1173 1195
2655 1174 1492
2657 1174 1180
2659 1175 442
2660 1176 1194
2661 1176 1178
2662 1177 1178
2663 1177 442
2664 1177 1179
2665 1178 442
2667 1178 1176
2668 1179 1177
2669 1179 428
2670 1180 1174
2671 1180 1181
2672 1181 1180
2673 1181 442
2674 1182 428
2675 1182 449
2677 1183 443
2678 1184 1192
2679 1184 447
2681 1184 1190
2682 1184 1188
2683 562 1189
2684 1186 1203
2685 1186 1212
2686 1187 1188
2688 1188 1184
2689 1188 1187
2690 1189 1190
2692 1190 1184
2693 1190 1189
2694 1191 1213
2695 1191 1192
2696 1192 1191
2697 1192 1184
2699 1193 427
2700 1194 1195
2701 1194 1199
2702 1194 1176
2703 1194 1198
2704 1195 1173
2705 1195 1194
2706 564 1199
2707 565 1198
2708 1198 1194
2711 1199 1194
2712 1200 1201
2713 1200 1208
2714 1201 1446
2716 1201 1132
2717 1201 1207
2718 1201 1200
2719 1202 1203
2720 1202 1209
2721 1203 1206
2722 1203 1204
2723 1203 1186
2724 1203 1202
2725 1204 1486
2726 1204 1203
2727 1205 1207
2728 1205 1472
2729 1206 1473
2730 1206 1203
2731 1207 1201
2732 1207 1205
2733 1208 1200
2735 1209 1202
2737 567 1214
2738 568 1215
2739 1212 1186
2740 1212 1213
2741 1213 1212
2742 1213 1214
2743 1213 1191
2744 1213 1215
2746 1214 1213
2747 1215 1213
2750 1216 375
2751 1216 382
2752 1216 450
2754 375 1216
2756 1218 726
2763 1221 1247
2764 1221 793
2768 573 1226
2769 1225 818
2771 1225 1226
2772 1226 1225
2775 1227 1232
2776 1227 828
2778 1228 1229
2781 1228 1234
2782 1229 827
2785 1230 1228
2786 1230 1235
2787 574 1232
2789 1232 1227
2790 576 1234
2791 1234 1228
2794 1235 1227
2795 1236 793
2796 1236 1238
2797 577 1238
2798 1238 1236
2800 1239 1240
2801 1239 1242
2803 1240 593
2808 1241 1242
2809 1241 1240
2813 1242 1221
2818 1246 793
2819 1246 1247
2823 1247 592
2826 1249 1251
2827 1249 790
2828 1249 785
2829 586 1251
2831 1251 1249
2832 1252 1253
2835 1253 1254
2836 1253 1257
2841 1254 833
2844 1256 1260
2847 1257 1256
2849 1258 1257
2850 1258 1254
2854 1260 1261
2855 1260 1262
2858 1261 834
2859 729 1248
2860 1262 1252
2861 997 1264
2862 842 1268
2863 1263 1262
2864 1263 1261
2868 810 1348
2869 1266 1270
2870 1266 857
2877 826 1386
2878 1270 1266
2880 1272 853
2881 1272 1273
2882 847 1411
2884 1273 880
2888 1275 881
2889 1270 1426
2890 856 1509
2891 1273 1510
2893 1285 1512
2894 1277 854
2895 1277 1275
2897 1278 1277
2898 869 1517
2900 1280 851
2901 871 1520
2902 1281 851
2903 893 1522
2906 1284 1280
2908 1285 835
2910 913 1529
2911 1312 1530
2912 1286 1288
2913 1286 1285
2914 899 1533
2916 1318 1535
2917 1288 836
2919 918 1538
2920 1329 1539
2921 1289 1290
2922 1290 1285
2923 1290 1288
2924 919 1543
2926 1349 1545
2927 1292 892
2928 944 1547
2929 1293 1296
2930 941 1549
2932 1294 1296
2934 1295 889
2935 953 1554
2936 1296 1299
2937 1296 873
2938 965 1557
2939 969 1558
2940 1296 1295
2943 976 1562
2944 1299 1296
2945 1300 1294
2946 986 1565
2947 1023 1566
2948 1301 1292
2949 1415 1568
2952 1304 894
2953 1016 1571
2957 1306 1309
2958 1306 906
2961 1309 907
2962 1309 1306
2964 1311 1312
2965 1079 1583
2966 1077 1584
2967 1311 903
2968 1072 1586
2969 1312 902
2972 1313 1312
2976 1316 915
2977 1449 1595
2978 1317 1318
2980 1208 1598
2981 1318 1321
2982 1318 897
2984 1920 1602
2985 1318 1316
2988 1477 1606
2989 1321 1318
2990 1322 1317
2993 1156 1611
2994 1324 908
2999 1328 35
3000 1328 558
3001 1328 19
3002 1329 1330
3004 1330 35
3005 1330 1329
3006 1183 1623
3007 1331 94
3008 1189 1625
3010 399 1627
3011 1216 1628
3012 1333 230
3014 374 1631
3015 1335 1339
3017 1337 1916
3019 1338 1353
3020 1505 1637
3022 1338 923
3027 1339 1337
3029 1339 1349
3030 1339 1341
3031 1340 1339
3033 1341 1345
3034 1341 1344
3036 643 1349
3037 646 1339
3039 1344 1335
3042 1345 922
3050 1349 1339
3052 1350 532
3053 1350 533
3054 1351 1344
3055 1351 1345
3057 1352 1338
3059 1353 1340
3065 1357 1365
3066 1357 1366
3068 1358 1366
3069 1358 1365
3072 1360 1367
3075 1361 1367
3077 1362 1363
3080 1363 1358
3083 1363 940
3084 1364 1363
3086 1365 1370
3090 1366 1368
3091 1366 1361
3095 1367 924
3098 1367 1357
3099 1368 1366
3101 1370 1364
3111 1375 920
3112 1376 1378
3113 1376 1379
3114 1377 1383
3115 1377 1378
3116 1378 1377
3118 1378 1376
3120 1379 1376
3121 1379 933
3125 1381 1382
3126 1381 930
3127 1382 1381
3128 1382 931
3131 1383 1377
3132 1383 932
3135 1385 1388
3137 1385 1389
3139 652 1385
3140 1388 925
3141 1388 1385
3142 1389 1385
3143 1389 234
3144 653 925
3145 654 1399
3146 666 1398
3148 1393 1396
3149 1393 963
3150 1394 1397
3152 1394 1395
3153 1395 1394
3154 1395 964
3156 1396 1393
3157 1396 1399
3158 1396 1402
3159 1396 1398
3160 1397 1402
3161 1397 1394
3163 1398 1396
3166 1399 1396
3169 1402 1396
3170 1402 1397
3171 1403 971
3173 1403 1405
3176 1404 971
3177 1405 1403
3178 1405 974
3179 667 1403
3180 672 971
3183 1409 973
3187 1412 1415
3189 1412 1416
3190 674 1412
3193 1414 1415
3194 1414 985
3195 1415 1414
3196 1415 1412
3198 1416 1412
3199 1416 695
3206 675 1415
3209 1422 1423
3211 1422 1012
3216 1423 1422
3217 1423 1011
3225 1431 1433
3226 1431 1037
3229 1432 1433
3230 1432 1036
3231 1433 1432
3232 1433 1431
3234 1434 1045
3236 1434 1044
3237 1435 1438
3238 1435 1439
3240 683 1435
3241 1437 1439
3242 1437 82
3245 1438 1435
3246 1438 1052
3247 1439 1435
3249 1439 1437
3250 684 1439
3252 1441 1081
3254 1441 1088
3261 1446 1063
3266 1449 1451
3267 1449 1128
3268 750 1449
3269 1451 1093
3270 1451 1449
3271 1452 1095
3272 1452 1453
3273 1452 1093
3274 1453 1452
3276 751 1453
3278 1455 1131
3280 1455 1132
3285 1458 1086
3286 800 1458
3287 804 1103
3288 1461 1462
3289 1461 1919
3290 1461 1464
3291 1461 1920
3292 1462 1463
3293 1462 1461
3294 1463 1130
3295 1463 1462
3296 1464 1461
3297 1464 1149
3298 1465 1468
3299 1465 699
3300 1466 1053
3301 1466 1075
3302 1467 1075
3303 1467 1468
3304 1468 1467
3305 1468 1465
3306 805 1919
3307 946 1920
3308 1471 1474
3310 1471 1473
3311 1472 1205
3312 1472 1474
3313 1473 1471
3314 1473 1206
3315 1474 1472
3316 1474 1471
3318 947 1474
3319 949 1471
3321 1477 1479
3322 1477 1480
3323 1478 1480
3324 1478 1146
3325 1479 1141
3326 1479 1477
3327 1480 1477
3329 1480 1478
3330 951 1480
3331 972 1477
3334 1485 1144
3335 1485 1143
3336 1486 1143
3337 1486 1204
3339 1487 1157
3341 1487 1155
3344 1490 1494
3345 1490 436
3346 1491 436
3347 1491 1493
3348 1492 1493
3349 1492 1174
3350 1493 1491
3351 1493 1492
3352 1494 1158
3353 1494 1490
3356 1116 1174
3358 1498 1499
3360 1498 1500
3361 1499 938
3362 1499 1498
3363 1500 1498
3364 1500 939
3368 1503 1505
3369 1503 1504
3370 1504 1134
3371 1504 1503
3376 1505 1172
3377 1124 1505
3378 1169 1504
3379 1508 1135
3380 1508 1134
4219 1220 1900
4223 1900 628
4229 1904 655
4250 1914 35
4251 1915 214
4254 1916 1338
4256 1917 375
4260 1919 1461
4261 1920 1461
4262 844 1243
4263 879 1245
4265 775 1269
4266 843 1305
4267 1238 1346
4269 777 1347
4270 807 1354
4271 809 1355
4272 589 1266
4273 1251 1356
4274 783 1369
4275 813 1371
4276 1226 1372
4277 823 1373
4278 822 1374
4279 830 1400
4280 590 1270
4281 1232 1401
4282 1234 1408
4283 840 1410
4285 861 1424
4286 591 1273
4287 1266 1425
4288 1288 1511
4289 594 1275
4290 885 1513
4291 886 1514
4292 1275 1516
4293 877 1518
4294 595 1278
4295 876 1519
4296 1301 1521
4297 1299 1523
4299 1296 1524
4301 1292 1525
4302 916 1527
4303 1311 1531
4304 911 1532
4305 1321 1534
4306 598 1285
4307 1324 1536
4308 35 1540
4309 1331 1541
4310 1333 1542
4311 599 1288
4312 1339 1544
4313 945 1546
4314 936 1548
4317 1385 1555
4318 925 1556
4319 968 1559
4320 1399 1560
4321 600 1296
4322 1398 1561
4323 602 1299
4324 971 1563
4325 1403 1564
4326 1412 1567
4327 991 1569
4328 605 1301
4329 1015 1570
4330 606 1292
4331 1028 1572
4334 1035 1575
4335 1039 1576
4340 1047 1579
4341 1059 1580
4342 1439 1581
4343 1435 1582
4344 1076 1585
4347 631 1312
4349 632 1311
4350 1091 1593
4351 1453 1594
4353 1458 1599
4354 1103 1600
4355 1471 1603
4356 633 1318
4357 1474 1604
4358 634 1321
4359 1153 1605
4360 1480 1607
4361 635 912
4362 1209 1610
4364 636 1324
4365 686 1614
4366 637 1329
4367 1214 1615
4368 638 35
4369 1215 1616
4370 1199 1617
4371 1198 1618
4372 1165 1619
4375 1175 1622
4376 1187 1624
4377 398 1626
4378 639 1333
4379 377 1629
4380 1917 1630
4381 640 1331
4382 451 1632
4384 395 1633
4385 1174 1634
4387 1504 1638
