2 3 4
0.360036 32.000000 0.036000
0.612104 32.000000 0.036000
0.864207 32.000000 0.036000
1.116346 32.000000 0.036000
1.044303 32.000000 0.036000
0.972263 32.000000 0.036000
0.900225 32.000000 0.036000
0.828190 32.000000 0.108003
0.756159 32.000000 0.108003
0.684130 32.000000 0.108003
0.576092 32.000000 0.072001
0.468061 32.969697 0.072001
0.360036 32.969697 0.108003
0.252018 35.204931 0.072001
0.144006 35.204931 0.108003
0.036000 37.517241 0.072001
0.036000 35.204931 0.072001
0.036000 32.000000 0.108003
0.036000 32.000000 0.108003
0.036000 32.000000 0.072001
