2 3 4
10.000000 0.000000 0.000000
16.944500 3.055500 0.000000
23.889000 6.111000 0.000000
30.833500 9.166500 0.000000
28.778000 12.222000 0.000000
26.722500 15.277500 0.000000
24.667000 18.333000 0.000000
22.611500 18.333000 3.055500
20.556000 18.333000 3.055500
18.500500 18.979300 2.409200
15.445000 19.488800 2.546000
12.389500 19.890600 2.653700
9.334000 20.344100 2.602000
6.278500 20.809500 2.590100
3.223000 21.261400 2.603600
0.167500 21.713600 2.603300
0.000000 19.280600 2.600500
0.000000 16.679500 2.601100
0.000000 14.077900 2.601600
0.000000 11.476600 2.601300
