4 3 2
0.000000 0.000000 100.000000
0.000000 3.055000 96.945000
0.477000 5.633000 93.890000
0.880000 7.808000 90.835000
1.220000 9.643000 87.780000
1.506000 11.192000 84.725000
1.749000 12.498000 81.670000
1.953000 13.600000 78.615000
2.125000 14.530000 75.560000
2.270000 15.315000 72.505000
2.393000 15.977000 69.450000
2.497000 16.535000 66.395000
2.583000 17.007000 63.340000
2.657000 17.405000 60.285000
2.720000 17.740000 57.230000
2.772000 18.023000 154.175000
2.816000 18.262000 151.120000
2.854000 18.463000 148.065000
2.885000 18.633000 145.010000
2.911000 18.777000 141.955000
2.934000 18.898000 138.900000
2.953000 19.000000 135.845000
2.969000 19.086000 132.790000
2.983000 19.158000 129.735000
2.993000 19.220000 126.680000
3.003000 19.272000 123.625000
3.011000 19.316000 120.570000
3.018000 19.353000 117.515000
3.024000 19.384000 114.460000
3.028000 19.411000 111.405000
3.033000 19.433000 208.350000
3.036000 19.452000 205.295000
3.039000 19.468000 202.240000
3.041000 19.482000 199.185000
3.044000 19.493000 196.130000
3.045000 19.503000 193.075000
3.048000 19.510000 190.020000
3.048000 19.517000 186.965000
3.049000 19.523000 183.910000
3.051000 19.527000 180.855000
3.051000 19.531000 177.800000
3.052000 19.534000 174.745000
3.052000 19.537000 171.690000
3.052000 19.540000 168.635000
3.053000 19.542000 165.580000
3.054000 19.543000 262.525000
3.054000 19.544000 259.470000
3.053000 19.546000 256.415000
3.054000 19.547000 253.360000
3.054000 19.548000 250.305000
3.054000 19.549000 247.250000
3.055000 19.549000 244.195000
3.055000 19.549000 241.140000
3.054000 19.550000 238.085000
3.055000 19.550000 235.030000
3.055000 19.550000 231.975000
3.054000 19.551000 228.920000
3.054000 19.552000 225.865000
3.055000 19.552000 222.810000
3.055000 19.552000 219.755000
3.055000 19.552000 316.700000
3.055000 19.552000 313.645000
3.055000 19.552000 310.590000
3.055000 19.552000 307.535000
3.055000 19.552000 304.480000
3.055000 19.552000 301.425000
3.055000 19.552000 298.370000
3.055000 19.552000 295.315000
3.055000 19.552000 292.260000
3.055000 19.552000 289.205000
3.055000 19.552000 286.150000
3.055000 19.552000 283.095000
3.055000 19.552000 280.040000
3.055000 19.552000 276.985000
3.055000 19.552000 273.930000
3.055000 19.552000 270.875000
3.055000 19.552000 267.820000
3.055000 19.552000 264.765000
3.055000 19.552000 261.710000
3.055000 19.552000 258.655000
3.055000 19.552000 255.600000
3.055000 19.552000 252.545000
3.055000 19.552000 249.490000
3.055000 19.552000 246.435000
3.055000 19.552000 243.380000
3.055000 19.552000 240.325000
3.055000 19.552000 237.270000
3.055000 19.552000 234.215000
3.055000 19.552000 231.160000
3.055000 19.552000 228.105000
3.055000 19.552000 225.050000
3.055000 19.552000 221.995000
3.055000 19.552000 218.940000
3.055000 19.552000 215.885000
3.055000 19.552000 212.830000
3.055000 19.552000 209.775000
3.055000 19.552000 206.720000
3.055000 19.552000 203.665000
3.055000 19.552000 200.610000
3.055000 19.552000 197.555000
3.055000 19.552000 194.500000
3.055000 19.552000 191.445000
3.055000 19.552000 188.390000
3.055000 19.552000 185.335000
3.055000 19.552000 182.280000
3.055000 19.552000 179.225000
3.055000 19.552000 176.170000
3.055000 19.552000 173.115000
3.055000 19.552000 170.060000
3.055000 19.552000 167.005000
3.055000 19.552000 163.950000
3.055000 19.552000 160.895000
3.055000 19.552000 157.840000
3.055000 19.552000 154.785000
3.055000 19.552000 151.730000
3.055000 19.552000 148.675000
3.055000 19.552000 145.620000
3.055000 19.552000 142.565000
3.055000 19.552000 139.510000
3.055000 19.552000 136.455000
3.055000 19.552000 133.400000
3.055000 19.552000 130.345000
3.055000 19.552000 127.290000
3.055000 19.552000 124.235000
3.055000 19.552000 121.180000
3.055000 19.552000 118.125000
3.055000 19.552000 115.070000
3.055000 19.552000 112.015000
3.055000 19.552000 108.960000
3.055000 19.552000 105.905000
3.055000 19.552000 102.850000
3.055000 19.552000 99.795000
3.055000 19.552000 96.740000
3.055000 19.552000 93.685000
3.055000 19.552000 90.630000
3.055000 19.552000 87.575000
3.055000 19.552000 84.520000
3.055000 19.552000 81.465000
3.055000 19.552000 78.410000
3.055000 19.552000 75.355000
3.055000 19.552000 72.300000
3.055000 19.552000 69.245000
3.055000 19.552000 66.190000
3.055000 19.552000 63.135000
3.055000 19.552000 60.080000
3.055000 19.552000 57.025000
3.055000 19.552000 53.970000
3.055000 19.552000 50.915000
3.055000 19.552000 47.860000
3.055000 19.552000 44.805000
3.055000 19.552000 41.750000
3.055000 19.552000 38.695000
3.055000 19.552000 35.640000
3.055000 19.552000 32.585000
3.055000 19.552000 29.530000
3.055000 19.552000 26.475000
3.055000 19.552000 23.420000
3.055000 19.552000 20.365000
3.055000 19.552000 17.310000
3.055000 19.552000 14.255000
3.055000 19.552000 11.200000
3.055000 19.552000 8.145000
3.055000 19.552000 5.090000
3.055000 19.552000 2.035000
3.055000 18.532000 0.000000
2.896000 15.636000 0.000000
2.443000 13.193000 0.000000
2.061000 11.132000 0.000000
1.739000 9.393000 0.000000
1.468000 7.925000 0.000000
1.239000 6.686000 0.000000
1.044000 5.642000 0.000000
0.881000 4.761000 0.000000
0.744000 4.017000 0.000000
0.628000 3.389000 0.000000
0.530000 2.859000 0.000000
0.447000 2.412000 0.000000
0.377000 2.035000 0.000000
0.318000 1.717000 0.000000
0.268000 1.449000 0.000000
0.227000 1.222000 0.000000
0.191000 1.031000 0.000000
0.161000 0.870000 0.000000
0.136000 0.734000 0.000000
0.114000 0.620000 0.000000
0.097000 0.523000 0.000000
0.082000 0.441000 0.000000
0.069000 0.372000 0.000000
0.058000 0.314000 0.000000
0.049000 0.265000 0.000000
0.041000 0.224000 0.000000
0.035000 0.189000 0.000000
0.030000 0.159000 0.000000
0.025000 0.134000 0.000000
0.021000 0.113000 0.000000
0.018000 0.095000 0.000000
0.015000 0.080000 0.000000
0.013000 0.067000 0.000000
0.011000 0.056000 0.000000
0.009000 0.047000 0.000000
0.007000 0.040000 0.000000
0.006000 0.034000 0.000000
0.005000 0.029000 0.000000
0.004000 0.025000 0.000000
0.004000 0.021000 0.000000
0.004000 0.017000 0.000000
0.003000 0.014000 0.000000
0.002000 0.012000 0.000000
0.002000 0.010000 0.000000
0.002000 0.008000 0.000000
0.001000 0.007000 0.000000
0.001000 0.006000 0.000000
0.001000 0.005000 0.000000
0.001000 0.004000 0.000000
0.000000 0.004000 0.000000
0.001000 0.003000 0.000000
0.000000 0.003000 0.000000
0.000000 0.003000 0.000000
0.001000 0.002000 0.000000
0.000000 0.002000 0.000000
0.000000 0.002000 0.000000
0.001000 0.001000 0.000000
0.000000 0.001000 0.000000
0.000000 0.001000 0.000000
0.000000 0.001000 0.000000
0.000000 0.001000 0.000000
0.000000 0.001000 0.000000
0.000000 0.001000 0.000000
0.000000 0.001000 0.000000
0.000000 0.001000 0.000000
0.000000 0.001000 0.000000
0.000000 0.001000 0.000000
0.000000 0.001000 0.000000
0.000000 0.001000 0.000000
0.000000 0.001000 0.000000
0.001000 0.000000 0.000000
0.000000 0.000000 0.000000
