4 3 2
0.000000 0.000000 20.000000
0.816600 7.466200 90.835000
2.098000 14.384000 75.560000
2.645800 17.342000 80.285000
2.880000 18.606600 145.010000
2.980200 19.147200 129.735000
3.022800 19.379400 134.460000
3.041000 19.479600 199.185000
3.049400 19.521600 183.910000
3.052600 19.539200 188.635000
3.053800 19.546800 253.360000
3.054800 19.549600 238.085000
3.054600 19.551800 242.810000
3.055000 19.552000 307.535000
3.055000 19.552000 292.260000
3.055000 19.552000 276.985000
3.055000 19.552000 261.710000
3.055000 19.552000 246.435000
3.055000 19.552000 231.160000
3.055000 19.552000 215.885000
3.055000 19.552000 200.610000
3.055000 19.552000 185.335000
3.055000 19.552000 170.060000
3.055000 19.552000 154.785000
3.055000 19.552000 139.510000
3.055000 19.552000 124.235000
3.055000 19.552000 108.960000
3.055000 19.552000 93.685000
3.055000 19.552000 78.410000
3.055000 19.552000 63.135000
3.055000 19.552000 47.860000
3.055000 19.552000 32.585000
3.055000 19.552000 17.310000
3.023200 18.564800 3.054000
1.790000 9.665800 0.000000
0.765400 4.133600 0.000000
0.327400 1.767000 0.000000
0.139800 0.755600 0.000000
0.059800 0.323200 0.000000
0.025800 0.138000 0.000000
0.011000 0.058000 0.000000
0.004600 0.025200 0.000000
0.002000 0.010200 0.000000
0.000800 0.004400 0.000000
0.000200 0.002400 0.000000
0.000200 0.001000 0.000000
0.000000 0.001000 0.000000
0.000200 0.000800 0.000000
