4 3 2
0.036000 32.000000 3.603604
0.036000 32.000000 3.493407
0.036000 32.000000 3.383217
0.036000 32.000000 3.273033
0.043921 32.000000 3.162856
0.054217 32.000000 3.052686
0.062965 32.000000 2.942523
0.070309 32.000000 2.832367
0.076502 32.000000 2.722217
0.081722 32.000000 2.612074
0.086150 32.000000 2.501938
0.089894 32.000000 2.391808
0.092990 32.000000 2.281685
0.095655 32.000000 2.171569
0.097923 32.000000 2.061460
0.099795 32.000000 5.558870
0.101379 32.000000 5.448554
0.102747 32.000000 5.338244
0.103863 32.000000 5.227941
0.104799 32.000000 5.117645
0.105627 32.000000 5.007355
0.106311 32.000000 4.897072
0.106887 32.000000 4.786796
0.107391 32.000000 4.676527
0.107751 32.000000 4.566265
0.108111 32.000000 4.456009
0.108399 32.000000 4.345760
0.108651 32.000000 4.235517
0.108867 32.000000 4.125282
0.109011 32.000000 4.015053
0.109191 32.000000 7.516260
0.109299 32.000000 7.405824
0.109407 32.000000 7.295394
0.109479 32.000000 7.184972
0.109587 32.000000 7.074555
0.109623 32.000000 6.964146
0.109731 32.000000 6.853744
0.109731 32.000000 6.743348
0.109767 32.000000 6.632959
0.109839 32.000000 6.522577
0.109839 32.000000 6.412201
0.109875 32.000000 6.301832
0.109875 32.000000 6.191470
0.109875 32.000000 6.081115
0.109911 32.000000 5.970766
0.109947 32.000000 9.475777
0.109947 32.000000 9.365220
0.109911 32.000000 9.254671
0.109947 32.000000 9.144128
0.109947 32.000000 9.033592
0.109947 32.000000 8.923062
0.109983 32.000000 8.812540
0.109983 32.000000 8.702024
0.109947 32.000000 8.591515
0.109983 32.000000 8.481013
0.109983 32.000000 8.370518
0.109947 32.000000 8.260029
0.109947 32.000000 8.149547
0.109983 32.000000 8.039072
0.109983 32.000000 7.928604
0.109983 32.000000 11.437423
0.109983 32.000000 11.326746
0.109983 32.000000 11.216076
0.109983 32.000000 11.105413
0.109983 32.000000 10.994757
0.109983 32.000000 10.884108
0.109983 32.000000 10.773465
0.109983 32.000000 10.662829
0.109983 32.000000 10.552200
0.109983 32.000000 10.441578
0.109983 32.000000 10.330962
0.109983 32.000000 10.220354
0.109983 32.000000 10.109752
0.109983 32.000000 9.999156
0.109983 32.000000 9.888568
0.109983 32.000000 9.777986
0.109983 32.000000 9.667412
0.109983 32.000000 9.556843
0.109983 32.000000 9.446282
0.109983 32.000000 9.335728
0.109983 32.000000 9.225180
0.109983 32.000000 9.114639
0.109983 32.000000 9.004105
0.109983 32.000000 8.893577
0.109983 32.000000 8.783056
0.109983 32.000000 8.672542
0.109983 32.000000 8.562035
0.109983 32.000000 8.451535
0.109983 32.000000 8.341041
0.109983 32.000000 8.230554
0.109983 32.000000 8.120074
0.109983 32.000000 8.009601
0.109983 32.000000 7.899135
0.109983 32.000000 7.788675
0.109983 32.000000 7.678222
0.109983 32.000000 7.567775
0.109983 32.000000 7.457336
0.109983 32.000000 7.346903
0.109983 32.000000 7.236477
0.109983 32.000000 7.126058
0.109983 32.000000 7.015646
0.109983 32.000000 6.905240
0.109983 32.000000 6.794841
0.109983 32.000000 6.684449
0.109983 32.000000 6.574063
0.109983 32.000000 6.463685
0.109983 32.000000 6.353313
0.109983 32.000000 6.242948
0.109983 32.000000 6.132589
0.109983 32.000000 6.022238
0.109983 32.000000 5.911893
0.109983 32.000000 5.801555
0.109983 32.000000 5.691223
0.109983 32.000000 5.580898
0.109983 32.000000 5.470581
0.109983 32.000000 5.360269
0.109983 32.000000 5.249965
0.109983 32.000000 5.139667
0.109983 32.000000 5.029377
0.109983 32.000000 4.919092
0.109983 32.000000 4.808815
0.109983 32.000000 4.698544
0.109983 32.000000 4.588280
0.109983 32.000000 4.478023
0.109983 32.000000 4.367773
0.109983 32.000000 4.257529
0.109983 32.000000 4.147292
0.109983 32.000000 4.037062
0.109983 32.000000 3.926839
0.109983 32.000000 3.816622
0.109983 32.000000 3.706412
0.109983 32.000000 3.596209
0.109983 32.000000 3.486012
0.109983 32.000000 3.375823
0.109983 32.000000 3.265640
0.109983 32.000000 3.155463
0.109983 32.000000 3.045294
0.109983 32.000000 2.935131
0.109983 32.000000 2.824975
0.109983 32.000000 2.714826
0.109983 32.000000 2.604683
0.109983 32.000000 2.494547
0.109983 32.000000 2.384418
0.109983 32.000000 2.274296
0.109983 32.000000 2.164180
0.109983 32.000000 2.054071
0.109983 32.000000 1.943969
0.109983 32.000000 1.833874
0.109983 32.000000 1.723785
0.109983 32.000000 1.613703
0.109983 32.000000 1.503628
0.109983 32.000000 1.393559
0.109983 32.000000 1.283497
0.109983 32.000000 1.173442
0.109983 32.000000 1.063394
0.109983 32.000000 0.953352
0.109983 32.000000 0.843318
0.109983 32.000000 0.733289
0.109983 32.000000 0.623268
0.109983 32.000000 0.513253
0.109983 32.000000 0.403245
0.109983 32.000000 0.293244
0.109983 32.000000 0.183249
0.109983 32.000000 0.073261
0.109983 32.000000 0.036000
0.104259 32.000000 0.036000
0.087950 32.000000 0.036000
0.074198 32.000000 0.036000
0.062605 32.000000 0.036000
0.052849 32.000000 0.036000
0.044605 32.000000 0.036000
0.037584 32.000000 0.036000
0.036000 32.000000 0.036000
0.036000 32.000000 0.036000
0.036000 32.000000 0.036000
0.036000 32.000000 0.036000
0.036000 32.000000 0.036000
0.036000 32.000000 0.036000
0.036000 32.000000 0.036000
0.036000 32.000000 0.036000
0.036000 32.000000 0.036000
0.036000 32.000000 0.036000
0.036000 32.000000 0.036000
0.036000 32.000000 0.036000
0.036000 32.000000 0.036000
0.036000 32.000000 0.036000
0.036000 32.000000 0.036000
0.036000 32.000000 0.036000
0.036000 32.000000 0.036000
0.036000 32.000000 0.036000
0.036000 32.000000 0.036000
0.036000 32.000000 0.036000
0.036000 32.000000 0.036000
0.036000 32.000000 0.036000
0.036000 32.000000 0.036000
0.036000 32.000000 0.036000
0.036000 32.000000 0.036000
0.036000 32.000000 0.036000
0.036000 32.000000 0.036000
0.036000 32.000000 0.036000
0.036000 32.000000 0.036000
0.036000 32.000000 0.036000
0.036000 32.000000 0.036000
0.036000 32.000000 0.036000
0.036000 32.000000 0.036000
0.036000 32.000000 0.036000
0.036000 32.000000 0.036000
0.036000 32.000000 0.036000
0.036000 32.000000 0.036000
0.036000 32.000000 0.036000
0.036000 32.000000 0.036000
0.036000 32.000000 0.036000
0.036000 32.000000 0.036000
0.036000 32.000000 0.036000
0.036000 32.000000 0.036000
0.036000 32.000000 0.036000
0.036000 32.000000 0.036000
0.036000 32.000000 0.036000
0.036000 32.000000 0.036000
0.036000 32.000000 0.036000
0.036000 32.000000 0.036000
0.036000 32.000000 0.036000
0.036000 32.000000 0.036000
0.036000 32.000000 0.036000
0.036000 32.000000 0.036000
0.036000 32.000000 0.036000
0.036000 32.000000 0.036000
0.036000 32.000000 0.036000
0.036000 32.000000 0.036000
0.036000 32.000000 0.036000
0.036000 32.000000 0.036000
0.036000 32.000000 0.036000
0.036000 32.000000 0.036000
0.036000 32.000000 0.036000
0.036000 32.000000 0.036000
0.036000 32.000000 0.036000
0.036000 32.000000 0.036000
