4 3 2
0.007200 6.400000 0.720721
0.041228 32.000000 3.273040
0.075530 32.000000 2.722224
0.095251 32.000000 2.893079
0.103683 32.000000 5.227948
0.107290 32.000000 4.676534
0.108824 32.000000 4.847574
0.109479 32.000000 7.184978
0.109782 32.000000 6.632966
0.109897 32.000000 6.804192
0.109940 32.000000 9.144135
0.109976 32.000000 8.591522
0.109969 32.000000 8.762935
0.109983 32.000000 11.105420
0.109983 32.000000 10.552207
0.109983 32.000000 9.999163
0.109983 32.000000 9.446289
0.109983 32.000000 8.893584
0.109983 32.000000 8.341048
0.109983 32.000000 7.788682
0.109983 32.000000 7.236484
0.109983 32.000000 6.684456
0.109983 32.000000 6.132596
0.109983 32.000000 5.580905
0.109983 32.000000 5.029383
0.109983 32.000000 4.478030
0.109983 32.000000 3.926845
0.109983 32.000000 3.375829
0.109983 32.000000 2.824982
0.109983 32.000000 2.274303
0.109983 32.000000 1.723792
0.109983 32.000000 1.173449
0.109983 32.000000 0.623275
0.108838 32.000000 0.124351
0.064441 32.000000 0.036000
0.036317 32.000000 0.036000
0.036000 32.000000 0.036000
0.036000 32.000000 0.036000
0.036000 32.000000 0.036000
0.036000 32.000000 0.036000
0.036000 32.000000 0.036000
0.036000 32.000000 0.036000
0.036000 32.000000 0.036000
0.036000 32.000000 0.036000
0.036000 32.000000 0.036000
0.036000 32.000000 0.036000
0.036000 32.000000 0.036000
0.036000 32.000000 0.036000
