7 6 5 4 3 2 1
0.007200 0.800000 0.800000 0.800000 0.800000 0.800000 0.720721
0.079202 4.000000 4.000000 5.038961 4.000000 15.959668 3.005644
0.108003 4.000000 4.000000 5.298701 4.285154 31.371062 2.291068
0.194411 4.000000 5.298701 5.038961 20.928432 5.549541 2.150959
0.108723 4.000000 5.298701 4.000000 33.529259 4.285154 4.369949
0.194411 4.000000 5.038961 5.298701 5.686286 20.928432 3.509832
0.110163 4.000000 4.000000 5.298701 4.285154 33.529259 3.565830
0.194411 4.000000 5.298701 5.038961 20.928432 5.686286 5.592287
0.110163 4.000000 5.298701 4.000000 33.529259 4.285154 4.925781
0.194411 4.000000 5.038961 5.298701 5.686286 20.928432 4.787633
0.110163 4.000000 4.000000 5.298701 4.285154 33.529259 7.009874
0.194411 4.000000 5.298701 5.038961 20.928432 5.686286 6.148496
0.110163 4.000000 5.298701 4.000000 33.529259 4.285154 6.204577
0.194411 4.000000 5.038961 5.298701 5.686286 20.928432 8.234003
0.110163 4.000000 4.000000 5.298701 4.285154 33.529259 7.566521
0.194411 4.000000 5.298701 5.038961 20.928432 5.686286 7.428171
0.110163 4.000000 5.298701 4.000000 33.529259 4.285154 9.653669
0.194411 4.000000 5.038961 5.298701 5.686286 20.928432 8.791028
0.110163 4.000000 4.000000 5.298701 4.285154 33.529259 8.847192
0.194411 4.000000 5.298701 5.038961 20.928432 5.686286 10.879594
0.110163 4.000000 5.298701 4.000000 33.529259 4.285154 10.211132
0.194411 4.000000 5.038961 5.298701 5.686286 20.928432 10.072579
0.110163 4.000000 4.000000 5.298701 4.285154 33.529259 12.301342
0.194411 4.000000 5.298701 5.038961 20.928432 5.686286 11.437436
0.110163 4.000000 5.298701 4.000000 33.529259 4.285154 11.493682
0.194411 4.000000 5.038961 5.298701 5.686286 20.928432 13.529066
0.110163 4.000000 4.000000 5.298701 4.285154 33.529259 12.859624
0.194411 4.000000 5.298701 5.038961 20.928432 5.686286 12.720868
0.110163 4.000000 5.298701 4.000000 33.529259 4.285154 14.952903
0.194411 4.000000 5.038961 5.298701 5.686286 20.928432 14.087728
0.110163 4.000000 4.000000 5.298701 4.285154 33.529259 13.418078
0.194411 4.000000 5.298701 5.038961 20.928432 5.686286 12.553637
0.110163 4.000000 5.298701 4.000000 33.529259 4.285154 11.884556
0.194411 4.000000 5.038961 5.298701 5.686286 20.928432 11.020849
0.110163 4.000000 4.000000 5.298701 4.285154 33.529259 10.352335
0.194411 4.000000 5.298701 5.038961 20.928432 5.686286 9.489361
0.110163 4.000000 5.298701 4.000000 33.529259 4.285154 8.821414
0.194411 4.000000 5.038961 5.298701 5.686286 20.928432 7.959171
0.110163 4.000000 4.000000 5.298701 4.285154 33.529259 7.291790
0.194411 4.000000 5.298701 5.038961 20.928432 5.686286 6.430278
