7 6 5 4 3 2 1
0.000000 0.000000 0.000000 0.000000 0.000000 0.000000 20.000000
1.800000 0.000000 0.000000 2.400000 0.000000 10.580000 83.420000
3.000000 0.000000 0.000000 3.000000 1.220000 14.180000 63.600000
5.400000 0.000000 3.000000 2.420000 12.200000 3.680000 59.700000
3.020000 0.000000 3.000000 0.000000 14.440000 1.220000 121.240000
5.400000 0.000000 2.460000 3.000000 3.840000 12.200000 97.400000
3.060000 0.000000 0.000000 3.000000 1.220000 14.440000 98.940000
5.400000 0.000000 3.000000 2.460000 12.200000 3.840000 155.100000
3.060000 0.000000 3.000000 0.000000 14.440000 1.220000 136.640000
5.400000 0.000000 2.460000 3.000000 3.840000 12.200000 132.800000
3.060000 0.000000 0.000000 3.000000 1.220000 14.440000 194.340000
5.400000 0.000000 3.000000 2.460000 12.200000 3.840000 170.500000
3.060000 0.000000 3.000000 0.000000 14.440000 1.220000 172.040000
5.400000 0.000000 2.460000 3.000000 3.840000 12.200000 228.200000
3.060000 0.000000 0.000000 3.000000 1.220000 14.440000 209.740000
5.400000 0.000000 3.000000 2.460000 12.200000 3.840000 205.900000
3.060000 0.000000 3.000000 0.000000 14.440000 1.220000 267.440000
5.400000 0.000000 2.460000 3.000000 3.840000 12.200000 243.600000
3.060000 0.000000 0.000000 3.000000 1.220000 14.440000 245.140000
5.400000 0.000000 3.000000 2.460000 12.200000 3.840000 301.300000
3.060000 0.000000 3.000000 0.000000 14.440000 1.220000 282.840000
5.400000 0.000000 2.460000 3.000000 3.840000 12.200000 279.000000
3.060000 0.000000 0.000000 3.000000 1.220000 14.440000 340.540000
5.400000 0.000000 3.000000 2.460000 12.200000 3.840000 316.700000
3.060000 0.000000 3.000000 0.000000 14.440000 1.220000 318.240000
5.400000 0.000000 2.460000 3.000000 3.840000 12.200000 374.400000
3.060000 0.000000 0.000000 3.000000 1.220000 14.440000 355.940000
5.400000 0.000000 3.000000 2.460000 12.200000 3.840000 352.100000
3.060000 0.000000 3.000000 0.000000 14.440000 1.220000 413.640000
5.400000 0.000000 2.460000 3.000000 3.840000 12.200000 389.800000
3.060000 0.000000 0.000000 3.000000 1.220000 14.440000 371.340000
5.400000 0.000000 3.000000 2.460000 12.200000 3.840000 347.500000
3.060000 0.000000 3.000000 0.000000 14.440000 1.220000 329.040000
5.400000 0.000000 2.460000 3.000000 3.840000 12.200000 305.200000
3.060000 0.000000 0.000000 3.000000 1.220000 14.440000 286.740000
5.400000 0.000000 3.000000 2.460000 12.200000 3.840000 262.900000
3.060000 0.000000 3.000000 0.000000 14.440000 1.220000 244.440000
5.400000 0.000000 2.460000 3.000000 3.840000 12.200000 220.600000
3.060000 0.000000 0.000000 3.000000 1.220000 14.440000 202.140000
5.400000 0.000000 3.000000 2.460000 12.200000 3.840000 178.300000
