7 6 5 4 3 2 1
0.036000 4.000000 4.000000 4.000000 4.000000 4.000000 3.603604
0.036000 4.000000 4.000000 4.000000 4.000000 5.425768 3.383577
0.036000 4.000000 4.000000 5.298701 4.000000 10.531987 3.163578
0.108003 4.000000 4.000000 5.298701 4.000000 16.058516 2.979664
0.108003 4.000000 4.000000 5.298701 4.000000 21.509340 2.821009
0.108003 4.000000 4.000000 5.298701 4.000000 26.272727 2.680394
0.108003 4.000000 4.000000 5.298701 4.000000 30.269592 2.550606
0.108003 4.000000 4.000000 5.298701 4.000000 33.427609 2.428037
0.108003 4.000000 4.000000 5.298701 4.000000 36.121212 2.309080
0.108003 4.000000 4.000000 5.298701 4.000000 38.100186 2.193736
0.108003 4.000000 4.000000 5.298701 5.425768 18.936709 1.973882
0.108003 4.000000 5.298701 5.298701 10.531987 10.321935 1.754054
0.216013 4.000000 5.298701 5.298701 16.058516 5.425768 1.570285
0.216013 4.000000 5.298701 5.298701 21.509340 4.000000 1.411753
0.216013 4.000000 5.298701 5.298701 26.272727 4.000000 1.271249
0.216013 4.000000 5.298701 4.000000 30.269592 4.000000 4.747452
0.111603 4.000000 5.298701 4.000000 33.427609 4.000000 4.624734
0.108003 4.000000 5.298701 4.000000 36.121212 4.000000 4.505632
0.108003 4.000000 5.298701 4.000000 38.100186 4.000000 4.390147
0.108003 4.000000 5.298701 4.000000 40.247582 4.000000 4.274670
0.108003 4.000000 5.298701 4.000000 19.749705 5.425768 4.054561
0.108003 4.000000 5.298701 5.298701 10.745964 10.531987 3.834480
0.216013 4.000000 5.298701 5.298701 5.685468 16.058516 3.650498
0.216013 4.000000 5.298701 5.298701 4.000000 21.509340 3.491784
0.216013 4.000000 5.298701 5.298701 4.000000 26.272727 3.351117
0.216013 4.000000 4.000000 5.298701 4.000000 30.269592 3.221280
0.118804 4.000000 4.000000 5.298701 4.000000 33.427609 3.098665
0.108003 4.000000 4.000000 5.298701 4.000000 36.121212 2.979664
0.108003 4.000000 4.000000 5.298701 4.000000 38.100186 2.864277
0.108003 4.000000 4.000000 5.298701 4.000000 40.247582 2.748897
0.108003 4.000000 4.000000 5.298701 5.425768 19.749705 6.137646
0.108003 4.000000 5.298701 5.298701 10.531987 10.745964 5.917310
0.216013 4.000000 5.298701 5.298701 16.058516 5.685468 5.733116
0.216013 4.000000 5.298701 5.298701 21.509340 4.000000 5.574218
0.216013 4.000000 5.298701 5.298701 26.272727 4.000000 5.433388
0.216013 4.000000 5.298701 4.000000 30.269592 4.000000 5.303401
0.118804 4.000000 5.298701 4.000000 33.427609 4.000000 5.180645
0.108003 4.000000 5.298701 4.000000 36.121212 4.000000 5.061506
0.108003 4.000000 5.298701 4.000000 38.100186 4.000000 4.945986
0.108003 4.000000 5.298701 4.000000 40.247582 4.000000 4.830473
0.108003 4.000000 5.298701 4.000000 19.749705 5.425768 4.610297
0.108003 4.000000 5.298701 5.298701 10.745964 10.531987 4.390147
0.216013 4.000000 5.298701 5.298701 5.685468 16.058516 4.206109
0.216013 4.000000 5.298701 5.298701 4.000000 21.509340 4.047345
0.216013 4.000000 5.298701 5.298701 4.000000 26.272727 3.906635
0.216013 4.000000 4.000000 5.298701 4.000000 30.269592 7.387931
0.118804 4.000000 4.000000 5.298701 4.000000 33.427609 7.265032
0.108003 4.000000 4.000000 5.298701 4.000000 36.121212 7.145756
0.108003 4.000000 4.000000 5.298701 4.000000 38.100186 7.030102
0.108003 4.000000 4.000000 5.298701 4.000000 40.247582 6.914455
0.108003 4.000000 4.000000 5.298701 5.425768 19.749705 6.694024
0.108003 4.000000 5.298701 5.298701 10.531987 10.745964 6.473620
0.216013 4.000000 5.298701 5.298701 16.058516 5.685468 6.289369
0.216013 4.000000 5.298701 5.298701 21.509340 4.000000 6.130422
0.216013 4.000000 5.298701 5.298701 26.272727 4.000000 5.989549
0.216013 4.000000 5.298701 4.000000 30.269592 4.000000 5.859522
0.118804 4.000000 5.298701 4.000000 33.427609 4.000000 5.736727
0.108003 4.000000 5.298701 4.000000 36.121212 4.000000 5.617552
0.108003 4.000000 5.298701 4.000000 38.100186 4.000000 5.501996
0.108003 4.000000 5.298701 4.000000 40.247582 4.000000 5.386447
0.108003 4.000000 5.298701 4.000000 19.749705 5.425768 8.780162
0.108003 4.000000 5.298701 5.298701 10.745964 10.531987 8.559503
0.216013 4.000000 5.298701 5.298701 5.685468 16.058516 8.375039
0.216013 4.000000 5.298701 5.298701 4.000000 21.509340 8.215908
0.216013 4.000000 5.298701 5.298701 4.000000 26.272727 8.074872
0.216013 4.000000 4.000000 5.298701 4.000000 30.269592 7.944694
0.118804 4.000000 4.000000 5.298701 4.000000 33.427609 7.821758
0.108003 4.000000 4.000000 5.298701 4.000000 36.121212 7.702445
0.108003 4.000000 4.000000 5.298701 4.000000 38.100186 7.586755
0.108003 4.000000 4.000000 5.298701 4.000000 40.247582 7.471073
0.108003 4.000000 4.000000 5.298701 5.425768 19.749705 7.250574
0.108003 4.000000 5.298701 5.298701 10.531987 10.745964 7.030102
0.216013 4.000000 5.298701 5.298701 16.058516 5.685468 6.845793
0.216013 4.000000 5.298701 5.298701 21.509340 4.000000 6.686797
0.216013 4.000000 5.298701 5.298701 26.272727 4.000000 6.545881
0.216013 4.000000 5.298701 4.000000 30.269592 4.000000 10.032280
0.118804 4.000000 5.298701 4.000000 33.427609 4.000000 9.909201
0.108003 4.000000 5.298701 4.000000 36.121212 4.000000 9.789750
0.108003 4.000000 5.298701 4.000000 38.100186 4.000000 9.673926
0.108003 4.000000 5.298701 4.000000 40.247582 4.000000 9.558110
0.108003 4.000000 5.298701 4.000000 19.749705 5.425768 9.337356
0.108003 4.000000 5.298701 5.298701 10.745964 10.531987 9.116629
0.216013 4.000000 5.298701 5.298701 5.685468 16.058516 8.932107
0.216013 4.000000 5.298701 5.298701 4.000000 21.509340 8.772927
0.216013 4.000000 5.298701 5.298701 4.000000 26.272727 8.631848
0.216013 4.000000 4.000000 5.298701 4.000000 30.269592 8.501630
0.118804 4.000000 4.000000 5.298701 4.000000 33.427609 8.378655
0.108003 4.000000 4.000000 5.298701 4.000000 36.121212 8.259306
0.108003 4.000000 4.000000 5.298701 4.000000 38.100186 8.143580
0.108003 4.000000 4.000000 5.298701 4.000000 40.247582 8.027862
0.108003 4.000000 4.000000 5.298701 5.425768 19.749705 11.426554
0.108003 4.000000 5.298701 5.298701 10.531987 10.745964 11.205571
0.216013 4.000000 5.298701 5.298701 16.058516 5.685468 11.020836
0.216013 4.000000 5.298701 5.298701 21.509340 4.000000 10.861472
0.216013 4.000000 5.298701 5.298701 26.272727 4.000000 10.720229
0.216013 4.000000 5.298701 4.000000 30.269592 4.000000 10.589860
0.118804 4.000000 5.298701 4.000000 33.427609 4.000000 10.466743
0.108003 4.000000 5.298701 4.000000 36.121212 4.000000 10.347256
0.108003 4.000000 5.298701 4.000000 38.100186 4.000000 10.231396
0.108003 4.000000 5.298701 4.000000 40.247582 4.000000 10.115544
0.108003 4.000000 5.298701 4.000000 19.749705 5.425768 9.894722
0.108003 4.000000 5.298701 5.298701 10.745964 10.531987 9.673926
0.216013 4.000000 5.298701 5.298701 5.685468 16.058516 9.489348
0.216013 4.000000 5.298701 5.298701 4.000000 21.509340 9.330119
0.216013 4.000000 5.298701 5.298701 4.000000 26.272727 9.188995
0.216013 4.000000 4.000000 5.298701 4.000000 30.269592 12.680509
0.118804 4.000000 4.000000 5.298701 4.000000 33.427609 12.557249
0.108003 4.000000 4.000000 5.298701 4.000000 36.121212 12.437623
0.108003 4.000000 4.000000 5.298701 4.000000 38.100186 12.321629
0.108003 4.000000 4.000000 5.298701 4.000000 40.247582 12.205643
0.108003 4.000000 4.000000 5.298701 5.425768 19.749705 11.984565
0.108003 4.000000 5.298701 5.298701 10.531987 10.745964 11.763514
0.216013 4.000000 5.298701 5.298701 16.058516 5.685468 11.578722
0.216013 4.000000 5.298701 5.298701 21.509340 4.000000 11.419308
0.216013 4.000000 5.298701 5.298701 26.272727 4.000000 11.278022
0.216013 4.000000 5.298701 4.000000 30.269592 4.000000 11.147613
0.118804 4.000000 5.298701 4.000000 33.427609 4.000000 11.024458
0.108003 4.000000 5.298701 4.000000 36.121212 4.000000 10.904933
0.108003 4.000000 5.298701 4.000000 38.100186 4.000000 10.789038
0.108003 4.000000 5.298701 4.000000 40.247582 4.000000 10.673150
0.108003 4.000000 5.298701 4.000000 19.749705 5.425768 14.076830
0.108003 4.000000 5.298701 5.298701 10.745964 10.531987 13.855523
0.216013 4.000000 5.298701 5.298701 5.685468 16.058516 13.670516
0.216013 4.000000 5.298701 5.298701 4.000000 21.509340 13.510918
0.216013 4.000000 5.298701 5.298701 4.000000 26.272727 13.369468
0.216013 4.000000 4.000000 5.298701 4.000000 30.269592 13.238908
0.118804 4.000000 4.000000 5.298701 4.000000 33.427609 13.115610
0.108003 4.000000 4.000000 5.298701 4.000000 36.121212 12.995947
0.108003 4.000000 4.000000 5.298701 4.000000 38.100186 12.879917
0.108003 4.000000 4.000000 5.298701 4.000000 40.247582 12.763895
0.108003 4.000000 4.000000 5.298701 5.425768 19.749705 12.542749
0.108003 4.000000 5.298701 5.298701 10.531987 10.745964 12.321629
0.216013 4.000000 5.298701 5.298701 16.058516 5.685468 12.136780
0.216013 4.000000 5.298701 5.298701 21.509340 4.000000 11.977317
0.216013 4.000000 5.298701 5.298701 26.272727 4.000000 11.835987
0.216013 4.000000 5.298701 4.000000 30.269592 4.000000 15.332626
0.118804 4.000000 5.298701 4.000000 33.427609 4.000000 15.209186
0.108003 4.000000 5.298701 4.000000 36.121212 4.000000 15.089384
0.108003 4.000000 5.298701 4.000000 38.100186 4.000000 14.973220
0.108003 4.000000 5.298701 4.000000 40.247582 4.000000 14.857063
0.108003 4.000000 5.298701 4.000000 19.749705 5.425768 14.635660
0.108003 4.000000 5.298701 5.298701 10.745964 10.531987 14.414285
0.216013 4.000000 5.298701 5.298701 5.685468 16.058516 14.229221
0.216013 4.000000 5.298701 5.298701 4.000000 21.509340 14.069573
0.216013 4.000000 5.298701 5.298701 4.000000 26.272727 13.928079
0.216013 4.000000 4.000000 5.298701 4.000000 30.269592 13.797479
0.118804 4.000000 4.000000 5.298701 4.000000 33.427609 13.674143
0.108003 4.000000 4.000000 5.298701 4.000000 36.121212 13.554443
0.108003 4.000000 4.000000 5.298701 4.000000 38.100186 13.438378
0.108003 4.000000 4.000000 5.298701 4.000000 40.247582 13.322320
0.108003 4.000000 4.000000 5.298701 5.425768 19.749705 13.101105
0.108003 4.000000 5.298701 5.298701 10.531987 10.745964 12.879917
0.216013 4.000000 5.298701 5.298701 16.058516 5.685468 12.695011
0.216013 4.000000 5.298701 5.298701 21.509340 4.000000 12.535499
0.216013 4.000000 5.298701 5.298701 26.272727 4.000000 12.394125
0.216013 4.000000 5.298701 4.000000 30.269592 4.000000 12.263635
0.118804 4.000000 5.298701 4.000000 33.427609 4.000000 12.140404
0.108003 4.000000 5.298701 4.000000 36.121212 4.000000 12.020806
0.108003 4.000000 5.298701 4.000000 38.100186 4.000000 11.904839
0.108003 4.000000 5.298701 4.000000 40.247582 4.000000 11.788879
0.108003 4.000000 5.298701 4.000000 19.749705 5.425768 11.567852
0.108003 4.000000 5.298701 5.298701 10.745964 10.531987 11.346852
0.216013 4.000000 5.298701 5.298701 5.685468 16.058516 11.162102
0.216013 4.000000 5.298701 5.298701 4.000000 21.509340 11.002726
0.216013 4.000000 5.298701 5.298701 4.000000 26.272727 10.861472
0.216013 4.000000 4.000000 5.298701 4.000000 30.269592 10.731093
0.118804 4.000000 4.000000 5.298701 4.000000 33.427609 10.607967
0.108003 4.000000 4.000000 5.298701 4.000000 36.121212 10.488469
0.108003 4.000000 4.000000 5.298701 4.000000 38.100186 10.372601
0.108003 4.000000 4.000000 5.298701 4.000000 40.247582 10.256740
0.108003 4.000000 4.000000 5.298701 5.425768 19.749705 10.035900
0.108003 4.000000 5.298701 5.298701 10.531987 10.745964 9.815087
0.216013 4.000000 5.298701 5.298701 16.058516 5.685468 9.630494
0.216013 4.000000 5.298701 5.298701 21.509340 4.000000 9.471253
0.216013 4.000000 5.298701 5.298701 26.272727 4.000000 9.330119
0.216013 4.000000 5.298701 4.000000 30.269592 4.000000 9.199851
0.118804 4.000000 5.298701 4.000000 33.427609 4.000000 9.076828
0.108003 4.000000 5.298701 4.000000 36.121212 4.000000 8.957433
0.108003 4.000000 5.298701 4.000000 38.100186 4.000000 8.841662
0.108003 4.000000 5.298701 4.000000 40.247582 4.000000 8.725899
0.108003 4.000000 5.298701 4.000000 19.749705 5.425768 8.505247
0.108003 4.000000 5.298701 5.298701 10.745964 10.531987 8.284622
0.216013 4.000000 5.298701 5.298701 5.685468 16.058516 8.100185
0.216013 4.000000 5.298701 5.298701 4.000000 21.509340 7.941078
0.216013 4.000000 5.298701 5.298701 4.000000 26.272727 7.800064
0.216013 4.000000 4.000000 5.298701 4.000000 30.269592 7.669906
0.118804 4.000000 4.000000 5.298701 4.000000 33.427609 7.546988
0.108003 4.000000 4.000000 5.298701 4.000000 36.121212 7.427694
0.108003 4.000000 4.000000 5.298701 4.000000 38.100186 7.312022
0.108003 4.000000 4.000000 5.298701 4.000000 40.247582 7.196357
0.108003 4.000000 4.000000 5.298701 5.425768 19.749705 6.975892
0.108003 4.000000 5.298701 5.298701 10.531987 10.745964 6.755453
0.216013 4.000000 5.298701 5.298701 16.058516 5.685468 6.571173
0.216013 4.000000 5.298701 5.298701 21.509340 4.000000 6.412201
0.216013 4.000000 5.298701 5.298701 26.272727 4.000000 6.271306
0.216013 4.000000 5.298701 4.000000 30.269592 4.000000 6.141259
0.118804 4.000000 5.298701 4.000000 33.427609 4.000000 6.018445
0.108003 4.000000 5.298701 4.000000 36.121212 4.000000 5.899251
0.108003 4.000000 5.298701 4.000000 38.100186 4.000000 5.783677
0.108003 4.000000 5.298701 4.000000 40.247582 4.000000 5.668110
