1 2 3 4 5 6 7
190.000000 0.000000 0.000000 0.000000 0.000000 0.000000 0.000000
183.900000 6.100000 0.000000 0.000000 0.000000 0.000000 0.000000
177.800000 12.200000 0.000000 0.000000 0.000000 0.000000 0.000000
171.700000 18.300000 0.000000 0.000000 0.000000 0.000000 0.000000
165.600000 18.300000 6.100000 0.000000 0.000000 0.000000 0.000000
159.500000 18.300000 12.200000 0.000000 0.000000 0.000000 0.000000
153.400000 18.300000 18.300000 0.000000 0.000000 0.000000 0.000000
147.300000 15.300000 24.400000 3.000000 0.000000 0.000000 0.000000
141.200000 12.300000 27.500000 6.000000 3.000000 0.000000 0.000000
135.100000 9.300000 30.600000 9.000000 6.000000 0.000000 0.000000
