4919
106496 35.0
110592 22.0
32772 49.0
32774 49.0
126977 47.0
32776 54.0
106510 32.0
139279 27.0
131088 8.0
24593 65.0
24595 53.0
32788 13.0
32789 13.0
127072 40.0
114711 20.0
24600 61.0
24602 43.0
22368 15.0
32796 26.0
106525 32.0
12293 15.0
131105 47.0
32802 24.0
32803 19.0
131109 38.0
114726 26.0
4801 65.0
131113 39.0
32811 40.0
32813 40.0
124663 32.0
7638 9.0
131122 30.0
32819 21.0
52 36.0
122933 18.0
148941 23.0
122939 50.0
8252 11.0
32833 33.0
131138 39.0
106563 18.0
114756 25.0
24645 19.0
126516 10.0
115662 12.0
122953 32.0
122956 21.0
131150 9.0
106577 25.0
124937 32.0
24661 25.0
32856 26.0
2015321 32.0
32858 24.0
106587 20.0
31457 73.0
32864 35.0
97 50.0
98 50.0
30282 45.0
114791 21.0
114792 21.0
106602 51.0
114795 22.0
114796 12.0
49261 7.0
123574 45.0
114803 28.0
122998 18.0
123000 33.0
24596 59.0
150207 19.0
114812 29.0
24701 65.0
24702 62.0
24703 62.0
139392 14.0
123009 6.0
123010 58.0
24707 64.0
32901 75.0
134 5.0
32903 66.0
24713 50.0
24715 65.0
114828 21.0
131213 8.0
106638 23.0
24719 63.0
123024 55.0
53272 27.0
106644 54.0
114840 58.0
142020 45.0
114844 23.0
23460 18.0
47813 45.0
49315 67.0
3014820 27.0
24741 26.0
3014822 27.0
15047 37.0
32940 18.0
123053 20.0
106670 15.0
123056 32.0
106673 28.0
178 61.0
25971 32.0
139445 26.0
150085 28.0
187 67.0
32956 36.0
32957 34.0
123071 46.0
113355 24.0
123076 54.0
114886 14.0
122213 32.0
114889 14.0
106698 33.0
24557 37.0
106530 2.0
106702 20.0
129741 28.0
106704 6.0
123089 20.0
123090 20.0
24787 31.0
20678 9.0
111575 23.0
24791 23.0
27443 31.0
118820 16.0
123032 29.0
24796 35.0
32989 29.0
19102 11.0
31440 64.0
31441 66.0
130827 42.0
33001 27.0
139501 29.0
106734 26.0
33009 72.0
131316 48.0
123125 20.0
123128 43.0
24826 8.0
30079 43.0
123132 61.0
3014910 23.0
3014911 23.0
24833 22.0
139307 33.0
106756 42.0
123844 26.0
262 35.0
263 35.0
51019 29.0
106763 42.0
123148 43.0
106541 31.0
123153 20.0
33046 67.0
106777 18.0
114972 33.0
147741 30.0
124293 68.0
129755 41.0
114980 38.0
32164 12.0
121955 30.0
296 62.0
147754 29.0
33067 75.0
147756 28.0
32818 67.0
49454 52.0
114993 38.0
33076 17.0
123189 21.0
147766 65.0
33079 27.0
115000 34.0
115001 22.0
147770 34.0
106812 19.0
123197 22.0
31456 73.0
24899 42.0
33092 17.0
106823 26.0
33096 24.0
33097 24.0
123210 36.0
123211 13.0
123212 31.0
147789 9.0
127032 43.0
30290 39.0
25998 33.0
49494 31.0
123224 58.0
106841 13.0
123226 18.0
147805 10.0
106846 33.0
115039 28.0
147809 20.0
139618 68.0
147811 33.0
120036 4.0
33126 24.0
147815 27.0
49515 24.0
123245 18.0
131438 64.0
131439 64.0
369 42.0
131442 66.0
26003 23.0
115060 42.0
31655 5.0
131448 73.0
131449 73.0
131451 70.0
380 63.0
125674 60.0
131454 70.0
131455 70.0
49536 36.0
127040 52.0
386 67.0
2795 22.0
131460 74.0
103830 59.0
131462 61.0
391 70.0
139656 28.0
139657 28.0
33163 25.0
131468 65.0
66 20.0
33167 45.0
131472 68.0
403 63.0
33172 11.0
131478 70.0
131479 70.0
131480 70.0
115097 10.0
131483 66.0
131484 75.0
123295 24.0
24994 10.0
130232 20.0
33190 32.0
142066 24.0
123701 32.0
33203 19.0
115125 23.0
133876 66.0
103839 56.0
444 59.0
445 64.0
123326 10.0
447 68.0
115129 16.0
33218 75.0
33220 75.0
33221 74.0
115143 21.0
49610 18.0
123339 14.0
123340 36.0
123341 18.0
49614 17.0
139727 13.0
115152 21.0
140707 62.0
123350 30.0
33239 34.0
33240 22.0
25052 21.0
31482 66.0
2015710 36.0
2015711 36.0
49633 40.0
51963 29.0
123364 13.0
33253 44.0
123368 26.0
115180 41.0
113221 19.0
25072 60.0
24294 64.0
123380 22.0
123381 23.0
33272 31.0
139769 25.0
33274 31.0
134866 51.0
131581 37.0
131582 36.0
115200 32.0
30123 37.0
49668 34.0
131590 44.0
131591 36.0
131593 36.0
107019 14.0
33292 21.0
115214 41.0
107023 5.0
31755 47.0
2015320 22.0
3012212 26.0
21934 12.0
49664 46.0
115132 22.0
123420 26.0
107037 32.0
131616 50.0
115234 32.0
118875 19.0
131620 46.0
131622 46.0
107050 32.0
25131 30.0
107054 14.0
151645 21.0
33328 34.0
33329 34.0
28766 60.0
12294 15.0
115259 24.0
25149 73.0
118880 8.0
2015810 16.0
33347 37.0
2015812 16.0
33350 68.0
115274 41.0
49739 23.0
2015820 27.0
32866 41.0
33360 66.0
30136 66.0
103677 13.0
101134 64.0
131670 28.0
107095 24.0
127076 56.0
107099 24.0
131676 11.0
26480 31.0
115299 14.0
107108 19.0
125773 8.0
139879 24.0
107113 62.0
25662 33.0
133906 68.0
107121 38.0
33395 33.0
33397 31.0
31724 43.0
131712 44.0
107139 38.0
133910 69.0
33414 27.0
124353 27.0
25225 23.0
650 67.0
24599 61.0
131725 43.0
3015310 25.0
131727 42.0
658 21.0
115349 15.0
131736 16.0
131737 32.0
32756 21.0
30149 24.0
131745 40.0
131747 26.0
131748 26.0
31756 47.0
107175 15.0
115369 14.0
131754 47.0
33451 72.0
115372 26.0
49838 25.0
25264 40.0
25265 40.0
25268 40.0
107772 0.0
131766 18.0
131768 13.0
33465 69.0
33466 37.0
25276 67.0
124362 19.0
107198 26.0
131775 45.0
33472 38.0
113440 9.0
131779 45.0
123589 25.0
123590 26.0
123591 13.0
33480 69.0
131788 16.0
23330 35.0
131791 33.0
24664 14.0
49874 31.0
131795 42.0
131796 42.0
123606 64.0
126184 68.0
33500 66.0
131805 50.0
33502 51.0
33503 46.0
33504 53.0
107234 23.0
123619 67.0
131812 40.0
131813 40.0
50641 36.0
115433 20.0
107242 64.0
33515 40.0
131820 40.0
107245 61.0
123631 36.0
33521 28.0
33522 6.0
3015411 40.0
33524 49.0
106683 54.0
758 17.0
129833 75.0
107256 28.0
140025 21.0
763 12.0
107260 18.0
26069 65.0
123648 43.0
140033 62.0
107266 19.0
771 64.0
772 52.0
33541 67.0
775 64.0
776 64.0
33545 73.0
778 64.0
782 62.0
107280 15.0
33554 56.0
123011 58.0
33556 37.0
33557 65.0
33559 69.0
33561 70.0
29214 64.0
33563 36.0
123676 39.0
33565 70.0
33566 71.0
33567 67.0
26574 20.0
33572 67.0
131878 35.0
131879 44.0
107305 27.0
123193 22.0
24711 57.0
33580 30.0
33582 64.0
127962 56.0
131890 50.0
115507 15.0
49972 8.0
33589 36.0
33590 36.0
123703 32.0
29215 64.0
115513 6.0
33594 72.0
112095 14.0
25873 31.0
107331 31.0
107332 31.0
115525 23.0
33607 69.0
49992 31.0
115529 15.0
115530 15.0
107341 60.0
107342 52.0
25425 29.0
140117 16.0
9046 15.0
107352 64.0
26084 54.0
131930 47.0
2014010 32.0
50014 22.0
26085 34.0
50016 23.0
115553 24.0
129851 75.0
48584 25.0
115557 15.0
25447 41.0
140137 35.0
140138 31.0
107372 2.0
103335 39.0
129853 75.0
133147 39.0
107378 41.0
33654 37.0
33656 31.0
30700 33.0
25671 65.0
23216 36.0
115582 31.0
123775 43.0
50049 19.0
48585 26.0
30187 31.0
31127 47.0
53768 47.0
31553 16.0
148972 56.0
33675 42.0
107404 31.0
909 35.0
107406 31.0
115600 7.0
115601 22.0
107410 41.0
33683 45.0
148372 16.0
148375 56.0
2013711 22.0
107418 13.0
115614 27.0
148384 72.0
148386 72.0
148388 72.0
148390 75.0
148392 72.0
148394 72.0
33707 20.0
9132 12.0
126249 19.0
123822 23.0
33711 29.0
148401 58.0
33718 35.0
150472 23.0
148408 58.0
3015610 32.0
3015612 32.0
48587 55.0
148415 49.0
115649 25.0
9155 19.0
148420 49.0
148422 47.0
148425 49.0
132043 41.0
132044 33.0
33741 42.0
132046 18.0
101197 9.0
148432 47.0
140241 48.0
115667 16.0
25557 15.0
148438 64.0
25559 51.0
123044 32.0
25947 71.0
148444 49.0
123869 31.0
148447 64.0
50144 18.0
115681 19.0
148450 47.0
140259 33.0
115684 27.0
33766 13.0
50151 32.0
33768 16.0
26108 58.0
148458 6.0
140267 18.0
148462 64.0
123358 21.0
148467 18.0
123604 32.0
50166 19.0
33783 55.0
128787 21.0
2011532 20.0
33787 47.0
148477 62.0
107519 24.0
148480 73.0
28785 30.0
148485 19.0
33798 70.0
132103 27.0
9225 47.0
9227 48.0
148492 13.0
107533 9.0
107534 9.0
115730 10.0
49326 36.0
148503 13.0
33817 43.0
42010 42.0
25627 17.0
148508 58.0
148509 10.0
107551 21.0
107552 7.0
28848 3.0
50210 37.0
148515 61.0
33828 43.0
124995 23.0
33832 43.0
148522 70.0
140331 35.0
127154 20.0
148526 70.0
123952 17.0
123953 23.0
148531 12.0
132148 75.0
115765 23.0
1078 21.0
107575 15.0
2016312 40.0
28852 63.0
123963 24.0
132158 73.0
148543 30.0
1091 21.0
33860 66.0
132166 13.0
132167 13.0
132168 21.0
50250 26.0
33867 71.0
33868 70.0
123982 14.0
50256 33.0
132178 10.0
50259 60.0
33877 66.0
50262 19.0
33879 66.0
107608 26.0
107609 36.0
140407 40.0
130427 39.0
132188 47.0
107613 15.0
33886 68.0
115807 6.0
115808 6.0
132193 39.0
115810 27.0
33891 65.0
33892 69.0
33893 50.0
50278 33.0
132201 29.0
148586 26.0
33899 67.0
33901 66.0
132206 43.0
1135 67.0
1136 68.0
33905 67.0
1138 68.0
111333 16.0
33908 67.0
33909 69.0
33911 69.0
140408 47.0
107641 36.0
33914 71.0
132220 48.0
132221 48.0
107646 0.0
50303 20.0
132224 47.0
113243 24.0
107651 14.0
115844 17.0
107653 14.0
107655 48.0
107656 15.0
107657 15.0
107658 14.0
124043 48.0
115852 14.0
124045 59.0
132239 8.0
33939 24.0
115860 29.0
140439 46.0
140440 46.0
125807 26.0
33948 59.0
18775 16.0
115870 20.0
33951 25.0
132256 24.0
4131 18.0
132258 24.0
128051 52.0
33956 44.0
107685 58.0
13133 15.0
107689 0.0
50347 38.0
33967 39.0
25776 42.0
132273 51.0
124111 32.0
115894 26.0
50360 31.0
135689 33.0
33978 25.0
148667 7.0
15316 42.0
123082 28.0
107711 10.0
124098 28.0
148675 25.0
140484 23.0
140486 23.0
140487 19.0
148680 48.0
118988 15.0
124106 67.0
124396 10.0
139469 23.0
115920 58.0
32502 42.0
107731 10.0
115428 31.0
107734 10.0
50391 31.0
107736 13.0
115929 32.0
115932 19.0
34013 35.0
34014 21.0
34015 17.0
34017 27.0
107746 15.0
115939 49.0
107749 18.0
127185 53.0
132330 25.0
140523 13.0
135378 39.0
115950 49.0
132887 43.0
140529 30.0
118995 19.0
34038 11.0
34039 19.0
25849 38.0
34043 62.0
34044 26.0
115966 54.0
107775 19.0
49366 15.0
34054 29.0
34058 29.0
34060 50.0
46637 30.0
50448 23.0
132369 47.0
125523 33.0
132371 47.0
132372 40.0
124181 16.0
132375 53.0
132378 38.0
140571 33.0
124188 19.0
31621 46.0
50468 31.0
34085 33.0
34086 67.0
140584 16.0
34089 20.0
148778 27.0
140587 16.0
140588 39.0
103986 50.0
34094 56.0
132399 14.0
34096 71.0
9521 8.0
124213 38.0
34103 35.0
123342 26.0
50489 20.0
34108 49.0
148797 57.0
120069 16.0
127707 32.0
140615 31.0
53783 29.0
25432 23.0
1355 9.0
25933 68.0
148817 24.0
124242 13.0
25939 60.0
121742 23.0
34135 34.0
107249 58.0
107869 18.0
50527 32.0
25952 41.0
25953 54.0
124261 31.0
27597 54.0
124268 59.0
25966 37.0
25969 25.0
17779 18.0
124277 66.0
25974 60.0
25979 67.0
25981 29.0
17792 25.0
17793 64.0
124290 68.0
50563 21.0
107908 54.0
132485 24.0
107911 36.0
125527 31.0
128578 41.0
34190 25.0
24813 18.0
107920 26.0
107921 26.0
148882 64.0
148883 59.0
125849 24.0
123618 67.0
3011021 19.0
132509 38.0
34206 18.0
107935 43.0
127710 32.0
148899 64.0
32143 37.0
128907 32.0
148903 70.0
50600 19.0
132521 17.0
148906 65.0
148908 65.0
148913 38.0
148915 52.0
140724 32.0
123852 44.0
132535 36.0
107960 23.0
107961 44.0
107963 10.0
140733 15.0
26046 66.0
107968 63.0
107969 62.0
107970 63.0
2016710 41.0
124361 35.0
50634 60.0
132557 45.0
132559 36.0
140753 24.0
34259 22.0
34260 42.0
34261 40.0
11172 16.0
132571 46.0
26076 31.0
135418 45.0
128918 43.0
50658 23.0
34276 53.0
124389 26.0
123075 23.0
140775 17.0
132584 32.0
26089 40.0
108010 11.0
148971 66.0
50668 12.0
51879 45.0
148974 62.0
148976 29.0
124499 7.0
135422 31.0
114196 24.0
26104 39.0
148985 67.0
27329 22.0
34300 14.0
26109 65.0
26110 52.0
26111 52.0
26112 56.0
130660 37.0
50692 33.0
34309 39.0
140807 27.0
140808 27.0
130072 11.0
129965 52.0
26129 65.0
26130 42.0
149011 12.0
115451 13.0
26133 45.0
140822 17.0
135428 36.0
22420 59.0
124443 48.0
124444 12.0
3016221 28.0
3016222 28.0
3016223 21.0
132640 33.0
11184 6.0
26146 65.0
30331 39.0
110854 12.0
19147 13.0
50727 35.0
149033 20.0
34346 63.0
135431 37.0
140844 30.0
128605 66.0
18329 49.0
102664 17.0
26162 12.0
124510 42.0
26166 65.0
34359 18.0
1592 60.0
124511 42.0
130443 22.0
26175 64.0
1602 60.0
124513 16.0
26185 68.0
124491 23.0
34380 20.0
34381 15.0
28598 66.0
132689 54.0
126352 19.0
120419 22.0
130533 44.0
26200 66.0
26201 15.0
123151 15.0
34398 26.0
18015 10.0
34400 15.0
149539 17.0
50786 21.0
50787 21.0
26212 59.0
104038 31.0
26218 65.0
9836 10.0
34413 25.0
108142 19.0
122162 39.0
132726 12.0
30313 29.0
34425 34.0
124539 58.0
124999 16.0
3016320 28.0
3016321 28.0
139542 42.0
26246 19.0
129985 36.0
34440 66.0
124524 41.0
124554 15.0
50830 40.0
124559 33.0
12568 17.0
124563 40.0
124565 40.0
49433 24.0
126254 31.0
132765 32.0
127173 22.0
120853 25.0
132773 49.0
26278 23.0
149162 24.0
121799 14.0
124588 11.0
148996 18.0
34480 52.0
100017 25.0
132786 31.0
132787 13.0
108213 11.0
132790 13.0
23497 10.0
124601 43.0
124603 47.0
124604 47.0
124605 45.0
132798 22.0
34498 45.0
100035 18.0
100037 45.0
130346 66.0
50891 36.0
100044 54.0
100045 67.0
132815 35.0
120355 28.0
128633 55.0
1752 35.0
9947 8.0
132829 51.0
124638 33.0
50911 38.0
50914 8.0
104059 7.0
100069 20.0
124646 19.0
122538 30.0
50921 17.0
50922 18.0
123996 33.0
127182 3.0
121811 11.0
132854 26.0
26359 37.0
113620 15.0
26362 32.0
100091 19.0
50940 30.0
123178 16.0
50943 42.0
26368 51.0
124544 25.0
149250 17.0
50954 4.0
130007 47.0
18188 26.0
50958 32.0
34576 33.0
34578 33.0
100117 34.0
34583 33.0
34584 13.0
34585 52.0
100125 5.0
26398 40.0
34591 29.0
124704 61.0
124705 61.0
124706 65.0
124708 53.0
124709 40.0
1831 44.0
1834 43.0
1835 43.0
124716 65.0
124718 56.0
124720 63.0
3012232 32.0
148651 36.0
127175 23.0
26249 13.0
36887 45.0
34617 34.0
31711 44.0
128650 53.0
26430 19.0
51008 33.0
125920 17.0
10051 18.0
18245 8.0
132935 12.0
26440 38.0
132938 23.0
106807 20.0
132941 32.0
34638 67.0
34641 67.0
34642 66.0
34643 26.0
124558 37.0
51031 34.0
31716 52.0
34652 67.0
130347 62.0
124766 32.0
124767 32.0
124768 32.0
124769 32.0
18275 50.0
10086 65.0
132968 17.0
18281 29.0
1898 50.0
1901 53.0
51054 38.0
18287 40.0
18288 22.0
4377 54.0
124786 31.0
124788 23.0
100214 39.0
26487 50.0
18297 20.0
124797 34.0
124798 34.0
34687 66.0
128662 17.0
100231 17.0
22705 33.0
34699 35.0
102722 12.0
51086 35.0
124816 25.0
51089 26.0
147779 65.0
133013 29.0
107268 35.0
18327 36.0
100249 21.0
3338 22.0
100251 17.0
51307 19.0
18333 50.0
18334 50.0
124832 22.0
3016610 18.0
107814 18.0
124836 32.0
100261 17.0
124838 32.0
103550 26.0
124841 17.0
124842 34.0
124454 56.0
34733 26.0
124846 34.0
1967 53.0
34736 35.0
34737 15.0
18355 47.0
26551 39.0
1976 50.0
124860 15.0
119114 13.0
26559 10.0
32527 26.0
100289 51.0
34756 13.0
34757 20.0
100295 62.0
133064 40.0
40438 46.0
133066 75.0
26571 17.0
133070 21.0
149455 53.0
149456 60.0
3017720 50.0
34771 15.0
2004 50.0
2007 63.0
100312 35.0
5796 19.0
125946 71.0
2014 42.0
2019 49.0
124900 15.0
118804 14.0
51178 42.0
149483 32.0
34796 33.0
18413 33.0
29345 27.0
34802 23.0
110931 7.0
19454 18.0
51190 48.0
34808 50.0
2043 19.0
34815 65.0
34817 67.0
34819 63.0
34820 49.0
34821 65.0
26630 44.0
51207 41.0
51208 45.0
34825 69.0
34827 66.0
34831 60.0
51218 33.0
32257 24.0
34837 66.0
34841 42.0
34842 42.0
38575 63.0
149532 25.0
108208 11.0
100387 62.0
100389 58.0
18471 22.0
119132 7.0
124594 65.0
129892 23.0
100402 70.0
34867 40.0
100404 58.0
147806 38.0
51255 20.0
133178 17.0
100411 31.0
2108 47.0
26685 29.0
124597 59.0
100416 23.0
124993 10.0
51266 27.0
149571 3.0
34884 42.0
50870 48.0
18502 36.0
123233 32.0
10313 8.0
51274 35.0
127460 19.0
149582 26.0
133201 34.0
100437 37.0
51287 34.0
34907 52.0
100446 29.0
149602 19.0
100452 64.0
18533 19.0
133222 74.0
34923 42.0
7186 21.0
2158 12.0
128701 27.0
51312 41.0
127336 33.0
37443 29.0
31763 18.0
100469 35.0
34934 20.0
125048 25.0
149627 35.0
34941 36.0
18559 36.0
34944 17.0
2177 27.0
53265 25.0
18565 19.0
100486 23.0
104821 52.0
51337 13.0
34954 46.0
23575 36.0
51340 27.0
124610 27.0
34958 42.0
51344 12.0
125073 60.0
124611 27.0
133273 31.0
125082 71.0
30085 38.0
100512 24.0
23579 41.0
51366 19.0
115057 32.0
125096 23.0
130131 44.0
115058 42.0
26799 54.0
32180 32.0
125109 40.0
34998 35.0
125112 40.0
35002 67.0
35003 67.0
18620 8.0
26813 54.0
26814 55.0
100543 34.0
130636 34.0
125126 33.0
122554 30.0
126373 34.0
125130 30.0
125132 33.0
125133 33.0
151742 17.0
49528 12.0
125555 29.0
149716 34.0
18645 20.0
125142 33.0
377 60.0
121892 21.0
53626 36.0
1985 60.0
106875 27.0
35044 15.0
123421 51.0
125158 27.0
115068 15.0
35051 23.0
149740 16.0
125166 21.0
133361 66.0
115070 15.0
130089 11.0
14036 29.0
102097 19.0
35067 3.0
51453 21.0
118893 8.0
35076 27.0
126149 65.0
133384 30.0
149769 41.0
10506 19.0
51467 34.0
131458 73.0
100056 28.0
130403 15.0
31767 18.0
388 64.0
51482 19.0
134191 41.0
27839 70.0
124635 33.0
49997 32.0
100647 36.0
26922 64.0
133420 69.0
149805 31.0
108253 17.0
26928 72.0
100658 23.0
31721 34.0
35124 43.0
125237 20.0
26935 66.0
53271 27.0
35129 29.0
32040 40.0
2011530 20.0
119930 18.0
124790 23.0
35142 37.0
126650 34.0
51528 31.0
396 25.0
51531 25.0
126923 69.0
133458 33.0
125267 40.0
149844 43.0
133463 72.0
127375 33.0
133468 10.0
125277 67.0
133471 38.0
123289 27.0
26986 16.0
124647 41.0
126924 67.0
31713 44.0
51569 25.0
26994 53.0
131475 68.0
35188 32.0
150209 19.0
2422 17.0
124649 41.0
35192 38.0
35193 38.0
133501 51.0
18815 11.0
27009 56.0
133506 46.0
35204 52.0
33174 24.0
2438 28.0
125321 41.0
133514 71.0
18828 10.0
100749 37.0
125326 23.0
128749 42.0
51600 22.0
127384 72.0
35218 15.0
52291 10.0
2452 17.0
35221 15.0
24985 8.0
35224 2.0
100761 26.0
27039 53.0
27041 52.0
133539 67.0
133540 67.0
133542 67.0
27047 42.0
133544 73.0
35241 16.0
35242 16.0
133547 65.0
35244 68.0
112370 17.0
35248 63.0
2481 38.0
133555 56.0
149940 15.0
100790 30.0
133560 69.0
2490 30.0
51643 26.0
100796 25.0
133568 67.0
27073 53.0
133571 67.0
133576 64.0
133577 64.0
100810 40.0
2507 40.0
51661 35.0
100815 64.0
149969 27.0
29091 65.0
51668 23.0
149973 31.0
18169 56.0
30140 34.0
35291 45.0
5254 35.0
124666 29.0
27102 28.0
100831 64.0
35300 41.0
133605 57.0
149991 31.0
133608 72.0
27113 13.0
35306 24.0
35307 24.0
23634 19.0
27118 31.0
150000 25.0
35314 26.0
152283 13.0
2548 18.0
27125 17.0
27127 17.0
125433 35.0
35322 9.0
150015 19.0
35333 27.0
18951 10.0
119212 13.0
126039 31.0
2575 24.0
2577 39.0
133650 21.0
18963 24.0
119214 20.0
100886 35.0
133655 37.0
35354 16.0
35355 26.0
10780 26.0
141933 39.0
119216 20.0
129772 31.0
130139 36.0
109092 11.0
35369 39.0
35370 39.0
35371 39.0
27184 53.0
35380 39.0
35384 32.0
29049 31.0
28932 27.0
127280 25.0
27198 28.0
35392 37.0
133698 16.0
133699 27.0
35396 38.0
35397 38.0
133702 8.0
19455 27.0
48370 18.0
123658 23.0
10828 8.0
133709 22.0
2638 31.0
10831 7.0
2640 14.0
109137 26.0
150098 23.0
35411 49.0
133719 29.0
51802 45.0
35420 35.0
150109 26.0
35423 31.0
35424 31.0
150113 32.0
35427 36.0
105928 34.0
35429 37.0
109158 51.0
2665 13.0
125548 66.0
35437 30.0
10863 7.0
100976 19.0
109169 20.0
2674 23.0
109171 20.0
2678 19.0
2679 12.0
10872 21.0
125562 4.0
115135 23.0
133756 31.0
113770 9.0
50965 16.0
51842 0.0
109187 17.0
150150 28.0
25025 12.0
101003 18.0
133772 15.0
128745 35.0
27279 25.0
125584 41.0
132888 28.0
125586 36.0
101011 12.0
35476 20.0
2015322 32.0
109206 10.0
133784 55.0
49604 25.0
31715 52.0
126063 16.0
35486 37.0
10911 10.0
31856 66.0
35490 53.0
35491 53.0
133797 66.0
150121 29.0
32588 9.0
104220 29.0
125610 4.0
127431 19.0
133805 47.0
120605 15.0
35504 31.0
2737 22.0
35506 41.0
35508 50.0
35509 50.0
2744 10.0
35513 44.0
149279 25.0
2748 12.0
123338 32.0
35519 37.0
112416 20.0
3017410 23.0
3017412 23.0
113782 9.0
150215 35.0
101064 17.0
127436 27.0
101066 23.0
10955 8.0
51916 25.0
102861 32.0
128803 61.0
3010520 22.0
35541 9.0
133847 6.0
101080 21.0
19163 64.0
27356 44.0
125664 42.0
102864 46.0
10978 8.0
133859 50.0
42009 24.0
142053 46.0
133862 66.0
127441 33.0
10985 11.0
133866 70.0
18215 18.0
126664 13.0
35566 42.0
2799 35.0
133873 50.0
133874 32.0
123347 31.0
101108 26.0
150261 62.0
133878 66.0
124714 50.0
150264 35.0
150265 15.0
33516 32.0
133883 59.0
133885 63.0
27099 41.0
133887 68.0
133888 67.0
133889 67.0
133890 65.0
142083 21.0
142085 21.0
133894 62.0
26151 60.0
133896 67.0
133898 67.0
49623 42.0
133900 66.0
150285 35.0
133902 66.0
133904 70.0
35601 30.0
2834 6.0
133907 66.0
22318 28.0
35606 17.0
133912 68.0
133913 68.0
35613 67.0
133918 70.0
35616 66.0
101154 34.0
2851 23.0
2852 22.0
52358 29.0
53833 42.0
35623 36.0
35626 21.0
126087 68.0
2860 25.0
2862 32.0
35631 62.0
3017520 13.0
2865 46.0
3017522 13.0
120627 28.0
133940 31.0
133941 31.0
101174 17.0
52024 36.0
101177 17.0
133946 56.0
133947 56.0
150332 23.0
126090 15.0
52031 12.0
133953 44.0
104026 32.0
150103 26.0
133958 44.0
150344 70.0
2889 51.0
27469 24.0
130189 22.0
133968 39.0
123363 25.0
150356 35.0
35669 26.0
14137 15.0
27481 0.0
35675 14.0
115173 46.0
101821 7.0
150373 31.0
150375 35.0
133992 43.0
26479 43.0
2922 18.0
127463 30.0
125850 29.0
35695 18.0
31891 50.0
32050 28.0
30526 13.0
101239 10.0
101240 10.0
15919 58.0
128831 55.0
31559 4.0
11135 30.0
35713 37.0
110332 11.0
112449 17.0
152038 41.0
115758 11.0
35724 14.0
150413 27.0
19344 64.0
125843 22.0
123669 23.0
127470 25.0
134041 32.0
134042 24.0
127471 25.0
150428 38.0
53837 27.0
52127 28.0
35746 26.0
28493 10.0
35748 26.0
52134 24.0
52135 18.0
30535 62.0
150446 31.0
150447 23.0
35760 17.0
35761 17.0
128853 65.0
30537 62.0
101304 35.0
25076 52.0
35771 21.0
150460 30.0
134077 33.0
109505 18.0
132939 23.0
11204 18.0
134087 67.0
111437 34.0
134090 65.0
109517 12.0
125903 41.0
134097 32.0
134101 45.0
35799 25.0
35800 25.0
27812 12.0
3037 34.0
31471 72.0
150496 27.0
125921 17.0
26061 16.0
109258 30.0
128309 32.0
26449 38.0
134122 41.0
134123 40.0
19440 28.0
35826 57.0
35827 57.0
35830 32.0
35831 45.0
35832 62.0
35833 49.0
35834 45.0
140585 16.0
101374 23.0
2010111 10.0
2010112 10.0
107008 19.0
101379 24.0
125956 15.0
150534 30.0
125960 8.0
126124 15.0
125963 33.0
117772 18.0
129373 66.0
19470 27.0
19471 18.0
19472 29.0
134161 64.0
19474 42.0
2015420 41.0
125976 67.0
48931 9.0
35866 24.0
138415 44.0
40392 28.0
11294 8.0
36016 52.0
117794 16.0
120667 14.0
125336 29.0
125990 25.0
32045 32.0
519 19.0
138418 45.0
35887 45.0
2015421 41.0
24189 19.0
101431 32.0
101432 33.0
52284 13.0
126014 15.0
134209 30.0
3139 24.0
112218 21.0
126022 29.0
126025 35.0
101450 10.0
7351 52.0
52300 6.0
128866 4.0
27383 72.0
27832 56.0
51388 31.0
123406 62.0
35927 38.0
29020 24.0
30564 57.0
126042 16.0
30384 16.0
126044 68.0
23738 73.0
126049 68.0
36027 46.0
129319 19.0
52325 32.0
52326 22.0
52331 18.0
31843 40.0
50025 28.0
101488 20.0
126065 16.0
126068 24.0
134262 40.0
126073 26.0
126143 48.0
30570 33.0
127509 28.0
35968 30.0
134274 44.0
30571 33.0
35974 9.0
52359 29.0
35976 9.0
35977 9.0
150666 35.0
21015 42.0
23746 14.0
18285 54.0
21016 42.0
21017 42.0
11416 10.0
126105 39.0
35995 13.0
110857 18.0
134302 42.0
117919 15.0
117921 15.0
126114 54.0
129952 66.0
52388 51.0
52389 37.0
150696 32.0
126122 10.0
36011 67.0
36012 16.0
126125 15.0
53541 42.0
119325 12.0
134320 33.0
11442 18.0
36019 43.0
126132 42.0
120678 14.0
27830 61.0
36023 51.0
11448 12.0
27833 40.0
27834 21.0
134331 31.0
27836 70.0
36029 44.0
36031 44.0
11456 10.0
19650 12.0
126148 60.0
11461 21.0
126150 16.0
11463 11.0
101576 13.0
101577 13.0
11469 13.0
52433 40.0
134355 18.0
126164 73.0
101589 68.0
11480 7.0
122316 7.0
126174 57.0
126176 57.0
23760 8.0
11492 11.0
52453 34.0
126182 56.0
11496 10.0
11499 12.0
11500 38.0
22751 71.0
26570 17.0
23763 31.0
52469 28.0
126198 65.0
126199 66.0
36090 37.0
38783 27.0
150782 40.0
23765 24.0
36097 39.0
126409 39.0
11527 5.0
3337 44.0
11530 30.0
134412 25.0
22752 59.0
134414 25.0
11537 11.0
128899 36.0
3349 49.0
48468 53.0
126137 57.0
3354 61.0
101662 17.0
11551 18.0
11554 30.0
3364 35.0
3365 50.0
126247 19.0
150824 22.0
11561 26.0
134442 66.0
134443 71.0
11566 32.0
118064 12.0
127539 52.0
3381 23.0
153689 46.0
134455 57.0
3384 26.0
3385 30.0
101691 36.0
27964 56.0
126270 14.0
36160 49.0
122080 14.0
11586 16.0
141195 64.0
101702 15.0
126177 65.0
36169 30.0
36170 30.0
36171 30.0
118092 12.0
31970 43.0
36174 29.0
118095 14.0
52560 13.0
126290 40.0
32047 33.0
107317 59.0
19799 13.0
134488 37.0
52570 25.0
101723 25.0
119638 14.0
129397 27.0
118120 14.0
3434 55.0
118123 52.0
118124 50.0
118127 14.0
101744 43.0
3304 30.0
134514 34.0
26515 23.0
134517 17.0
36214 43.0
36217 45.0
3450 31.0
126331 66.0
152873 72.0
134526 44.0
134527 44.0
101760 19.0
101762 29.0
120726 19.0
51671 32.0
12865 9.0
124823 38.0
101772 20.0
36237 23.0
109967 18.0
36240 37.0
126353 19.0
126354 19.0
126355 19.0
134548 48.0
126190 8.0
36247 23.0
52015 40.0
101788 29.0
36253 18.0
129661 53.0
119365 18.0
36256 18.0
112772 18.0
36258 64.0
36260 66.0
28069 31.0
36262 63.0
52647 54.0
101800 29.0
28074 53.0
36267 63.0
52653 37.0
126383 13.0
28082 14.0
36275 63.0
111177 6.0
126392 64.0
52665 26.0
150971 23.0
118204 22.0
36285 20.0
36286 20.0
11711 10.0
123142 14.0
110020 17.0
101830 45.0
101832 49.0
101833 43.0
11722 10.0
11724 4.0
110030 17.0
21069 16.0
101840 34.0
126417 13.0
28114 27.0
3016611 18.0
52693 40.0
134614 66.0
28760 15.0
3545 12.0
126427 25.0
36316 15.0
134622 19.0
11743 9.0
126434 30.0
118244 12.0
11749 21.0
36327 21.0
36328 21.0
36329 15.0
52714 39.0
36331 24.0
36333 8.0
151022 35.0
110063 14.0
110064 14.0
11764 31.0
22441 57.0
111687 5.0
126459 46.0
51675 15.0
126463 34.0
126464 23.0
19969 28.0
11779 41.0
36356 14.0
36357 58.0
101894 33.0
36359 58.0
118280 49.0
101899 52.0
52748 42.0
36367 21.0
52752 19.0
126481 43.0
23811 15.0
110100 7.0
134678 33.0
52760 40.0
36380 8.0
48389 65.0
3616 39.0
126497 27.0
110870 18.0
3619 38.0
126500 22.0
110117 7.0
49756 32.0
3626 38.0
118316 29.0
52782 43.0
52783 43.0
110128 14.0
130686 20.0
101938 27.0
52788 26.0
118325 15.0
118326 36.0
134712 45.0
101947 24.0
118332 50.0
36106 35.0
123321 35.0
3010111 15.0
118336 50.0
126529 34.0
126530 34.0
126531 42.0
126532 42.0
125056 20.0
36428 26.0
134738 57.0
36435 67.0
36436 67.0
126222 35.0
36438 48.0
36441 57.0
101978 63.0
36443 13.0
36444 61.0
36446 61.0
118368 39.0
134755 65.0
52836 66.0
126565 32.0
134759 50.0
134760 50.0
101993 55.0
118378 10.0
36459 34.0
36460 57.0
11886 7.0
134767 48.0
30685 13.0
32019 11.0
52853 27.0
126582 8.0
102008 53.0
27947 24.0
118396 15.0
36482 14.0
111701 10.0
102022 40.0
102023 40.0
3724 6.0
3727 19.0
134800 53.0
36497 52.0
102034 23.0
126612 42.0
122058 27.0
102042 16.0
118427 30.0
11546 9.0
51141 29.0
3010211 16.0
36517 27.0
134822 69.0
134824 70.0
129432 26.0
126634 42.0
129151 28.0
134832 27.0
102065 10.0
151219 33.0
126238 17.0
20151 13.0
126649 34.0
114694 31.0
36539 20.0
127359 63.0
153702 27.0
28495 5.0
52931 14.0
134852 36.0
2010821 8.0
134856 55.0
126665 9.0
126666 9.0
126667 13.0
126668 13.0
48418 42.0
126671 30.0
126672 30.0
134865 50.0
36562 17.0
130339 45.0
36565 33.0
36566 33.0
148520 66.0
126680 23.0
126681 14.0
26932 19.0
11997 14.0
11999 8.0
28496 20.0
3810 17.0
134888 31.0
126248 19.0
2003 63.0
3829 31.0
189 67.0
102135 25.0
110328 11.0
3833 54.0
3835 30.0
3836 30.0
3837 56.0
118526 5.0
12032 14.0
20226 14.0
102147 33.0
118532 22.0
3845 23.0
3848 23.0
3849 19.0
128983 18.0
3853 40.0
3855 34.0
31771 11.0
151313 16.0
105968 42.0
134935 20.0
126744 22.0
121687 12.0
4424 26.0
2014511 15.0
134940 52.0
3869 19.0
151326 36.0
134943 17.0
102178 23.0
118563 22.0
102180 18.0
3878 61.0
3879 62.0
118569 42.0
53035 8.0
3884 53.0
3885 54.0
22493 65.0
126769 18.0
53042 20.0
32051 44.0
126772 17.0
13223 54.0
35864 24.0
32323 21.0
20284 7.0
3901 30.0
134975 53.0
119529 17.0
3906 31.0
151364 22.0
32508 53.0
118605 5.0
3918 15.0
653 64.0
3920 15.0
12113 25.0
133091 17.0
3925 28.0
3926 15.0
3927 27.0
126808 48.0
3930 27.0
126811 55.0
135004 67.0
146615 28.0
126815 66.0
53088 23.0
102241 41.0
15675 15.0
129430 38.0
53095 20.0
102251 31.0
126830 28.0
12143 14.0
36721 18.0
36722 18.0
135027 63.0
126836 2.0
48446 47.0
20342 33.0
110455 22.0
135034 47.0
49673 18.0
122232 20.0
36736 54.0
11584 22.0
102275 22.0
53124 30.0
12166 12.0
36743 39.0
125885 27.0
135053 29.0
30701 33.0
151440 21.0
36753 9.0
126866 75.0
3987 59.0
126431 4.0
122180 19.0
150436 23.0
3998 23.0
122181 21.0
118689 24.0
53154 25.0
53155 25.0
53156 25.0
11590 22.0
126886 28.0
127306 6.0
118698 19.0
20398 20.0
36783 22.0
20401 11.0
36786 9.0
36787 15.0
119941 0.0
102327 27.0
28603 66.0
4029 9.0
25230 31.0
118719 7.0
36800 46.0
118721 15.0
130525 13.0
118091 12.0
151911 8.0
102341 29.0
110534 8.0
37537 22.0
126920 67.0
126921 68.0
28618 40.0
28619 70.0
110540 3.0
110541 7.0
3010510 25.0
126927 62.0
4048 29.0
149496 33.0
28626 68.0
135123 63.0
151311 34.0
118094 14.0
126936 66.0
49828 25.0
126488 22.0
12251 5.0
12253 5.0
119461 24.0
110560 10.0
110561 11.0
110565 22.0
126950 32.0
105809 28.0
36840 23.0
36844 23.0
110575 10.0
152697 52.0
28660 62.0
12277 16.0
118774 16.0
4087 17.0
4088 13.0
36857 42.0
4090 49.0
120831 8.0
2011132 12.0
4094 21.0
118783 13.0
12288 17.0
12289 17.0
12290 20.0
135171 22.0
12292 20.0
135173 22.0
4102 52.0
135175 22.0
102409 33.0
118794 16.0
112523 9.0
20493 17.0
118798 13.0
36879 16.0
151568 25.0
138584 67.0
28779 68.0
4116 18.0
53270 27.0
102423 18.0
102424 18.0
12313 10.0
127003 39.0
27994 31.0
103249 9.0
28703 45.0
127008 56.0
118817 11.0
4130 18.0
118819 19.0
4132 18.0
130209 41.0
127014 42.0
102439 28.0
30727 26.0
29871 19.0
31235 8.0
4145 17.0
127667 32.0
127030 26.0
135223 52.0
118840 14.0
4153 17.0
28731 41.0
127036 53.0
135229 9.0
127038 55.0
102159 12.0
53316 42.0
2011830 35.0
127046 42.0
28743 24.0
12362 25.0
53324 27.0
130402 39.0
28750 42.0
28781 65.0
102480 6.0
2011832 35.0
4178 8.0
105827 26.0
102487 26.0
151640 30.0
110681 12.0
110122 14.0
28764 57.0
111290 14.0
151646 21.0
151647 29.0
36960 32.0
128620 75.0
127074 53.0
12388 21.0
123580 19.0
105831 18.0
102509 17.0
12398 17.0
53361 32.0
28786 71.0
2010820 8.0
127095 62.0
12411 21.0
127100 28.0
48490 29.0
118910 19.0
12415 20.0
20608 8.0
12417 46.0
28805 66.0
28806 70.0
123585 64.0
102536 25.0
12425 25.0
28811 67.0
53390 22.0
53391 22.0
127121 31.0
118930 8.0
52893 15.0
102549 59.0
127126 17.0
37015 26.0
127128 17.0
102554 38.0
102555 39.0
102556 36.0
4253 31.0
127137 41.0
15963 25.0
135331 27.0
135332 27.0
127686 31.0
110758 26.0
126321 56.0
31889 50.0
38940 29.0
135339 3.0
130532 44.0
118959 8.0
12464 24.0
118961 19.0
102578 40.0
102579 35.0
110772 16.0
4280 43.0
28859 19.0
110782 14.0
110784 15.0
151749 24.0
110790 15.0
23914 22.0
126674 14.0
37065 23.0
110795 8.0
102982 24.0
118989 15.0
118990 15.0
102607 60.0
110800 8.0
48504 42.0
102610 36.0
135379 39.0
118996 13.0
29390 43.0
126329 16.0
127192 57.0
37081 29.0
107215 12.0
3014010 10.0
150174 19.0
127199 49.0
128897 36.0
135393 37.0
127202 40.0
122235 21.0
28900 62.0
110821 21.0
28905 32.0
123762 31.0
28908 23.0
103122 20.0
110834 7.0
110836 12.0
48510 62.0
28920 75.0
135417 35.0
102650 6.0
135419 35.0
102654 14.0
102655 13.0
135425 31.0
22571 26.0
37124 44.0
37125 44.0
135430 37.0
37127 44.0
135432 34.0
135433 34.0
29060 66.0
53517 22.0
110862 18.0
130360 11.0
151826 23.0
4374 56.0
4375 56.0
102680 12.0
110873 10.0
4378 54.0
12572 5.0
127706 35.0
53534 14.0
53535 9.0
53538 8.0
102691 13.0
127268 31.0
4389 64.0
12582 26.0
127254 24.0
4392 61.0
127708 32.0
4394 61.0
4395 62.0
4396 62.0
4398 58.0
110895 6.0
12592 15.0
110898 7.0
119518 22.0
110902 12.0
118807 19.0
102713 5.0
102714 5.0
3248 27.0
135485 44.0
102719 12.0
4418 29.0
12611 10.0
127301 23.0
135496 45.0
127305 6.0
135498 26.0
135499 43.0
12621 65.0
12622 62.0
119120 9.0
12625 43.0
135507 46.0
119126 13.0
135512 44.0
102745 10.0
37210 36.0
119131 8.0
37212 21.0
135518 37.0
33509 40.0
102753 10.0
102754 21.0
127331 40.0
135524 34.0
151909 40.0
135526 48.0
52625 8.0
102760 49.0
102761 49.0
127341 31.0
102766 40.0
102767 21.0
110961 12.0
119155 12.0
110965 12.0
20854 25.0
123625 29.0
110968 12.0
23956 11.0
110970 12.0
124991 25.0
119164 16.0
125236 34.0
102783 34.0
53632 43.0
26688 22.0
3968 49.0
102787 24.0
24154 16.0
26919 69.0
748 37.0
37258 62.0
118167 56.0
102796 22.0
110990 4.0
110991 29.0
110992 4.0
110993 10.0
110994 10.0
53651 47.0
53652 27.0
32153 65.0
135576 45.0
29081 37.0
127386 39.0
32154 75.0
111006 10.0
151968 14.0
29089 65.0
48539 58.0
53668 36.0
53669 34.0
102822 19.0
102823 19.0
51979 32.0
28290 51.0
118635 32.0
111020 14.0
3015410 40.0
102830 6.0
111023 14.0
111024 14.0
4529 24.0
102835 22.0
119220 12.0
53687 42.0
107252 31.0
32159 66.0
127421 17.0
53696 20.0
122272 23.0
53700 7.0
102853 27.0
122273 28.0
119243 15.0
123722 32.0
118178 24.0
3011022 19.0
20944 19.0
150439 8.0
102866 53.0
127814 7.0
51278 33.0
4566 22.0
115449 7.0
118180 39.0
37338 25.0
37339 25.0
37342 23.0
118181 19.0
102883 24.0
102884 24.0
37350 34.0
37351 34.0
102888 51.0
53738 28.0
28071 31.0
110084 62.0
53743 33.0
37360 15.0
135666 67.0
28795 70.0
127478 31.0
122281 20.0
53756 22.0
11690 34.0
130816 28.0
29189 8.0
127495 22.0
152072 38.0
21001 20.0
21002 20.0
37387 19.0
102924 28.0
102925 28.0
127504 22.0
106539 31.0
25672 65.0
127201 14.0
111125 30.0
111127 30.0
101375 4.0
37401 22.0
21018 28.0
111132 14.0
111133 14.0
111134 14.0
773 58.0
29217 66.0
29221 30.0
21030 16.0
114996 20.0
102962 20.0
19891 19.0
127540 52.0
119349 20.0
119351 16.0
126999 57.0
130484 25.0
111162 34.0
111165 14.0
135742 33.0
2011711 15.0
2011712 15.0
111169 14.0
111170 14.0
135747 26.0
53828 29.0
135749 35.0
37446 20.0
37448 28.0
37449 28.0
21066 44.0
130273 7.0
150459 23.0
152142 31.0
21071 27.0
111185 8.0
37460 21.0
107278 13.0
29270 28.0
150969 33.0
51300 21.0
122837 15.0
119390 21.0
23995 33.0
53861 26.0
4794 65.0
119401 6.0
119402 8.0
119403 16.0
53868 34.0
119406 18.0
111215 12.0
53875 17.0
53877 34.0
111223 12.0
21113 29.0
4733 39.0
37502 28.0
37503 28.0
130002 47.0
4737 55.0
10347 12.0
29462 75.0
30828 34.0
28800 64.0
37515 36.0
32165 13.0
21134 17.0
30829 34.0
37520 42.0
29332 22.0
135829 32.0
119447 18.0
130500 18.0
29338 27.0
32056 44.0
25800 18.0
48441 61.0
130003 72.0
127648 42.0
53921 46.0
119458 29.0
119459 29.0
36166 16.0
118214 36.0
4775 60.0
53932 35.0
125639 34.0
107293 34.0
120729 15.0
103089 36.0
119475 32.0
4788 65.0
4790 63.0
110025 18.0
4792 29.0
4793 62.0
103098 34.0
111291 14.0
105930 23.0
103103 13.0
37568 44.0
37569 44.0
111455 8.0
105931 23.0
4804 59.0
51318 17.0
37574 44.0
53959 35.0
152265 13.0
103114 13.0
4811 38.0
4812 66.0
4814 59.0
112001 14.0
4817 38.0
4818 59.0
53971 12.0
37588 37.0
48590 66.0
4822 57.0
37591 32.0
152281 40.0
37594 45.0
37595 45.0
37596 45.0
4830 52.0
51171 41.0
119520 3.0
32208 50.0
4836 61.0
33574 64.0
135912 45.0
21225 24.0
4842 59.0
127723 32.0
32210 50.0
29422 38.0
4847 55.0
119538 17.0
4852 39.0
103157 12.0
4856 36.0
103163 42.0
125675 10.0
127743 41.0
127744 41.0
111361 20.0
11734 13.0
18254 56.0
34945 27.0
152329 22.0
122327 41.0
111377 10.0
29458 19.0
103187 21.0
115502 62.0
4886 60.0
29463 71.0
119576 13.0
4889 26.0
4892 60.0
27441 29.0
53680 36.0
103201 10.0
4898 34.0
4899 34.0
29476 22.0
126428 25.0
4907 52.0
115506 4.0
152367 32.0
124825 38.0
120968 10.0
4916 52.0
26761 52.0
128917 75.0
111418 10.0
111419 18.0
24987 8.0
103231 27.0
52352 25.0
32225 47.0
13128 18.0
103242 27.0
129736 11.0
37709 24.0
111438 22.0
30861 5.0
111440 38.0
4945 43.0
13138 41.0
127828 68.0
119637 14.0
4950 14.0
127831 61.0
105956 23.0
5052 22.0
127802 24.0
127838 70.0
4959 47.0
37728 15.0
4962 61.0
111460 17.0
111462 11.0
37735 15.0
127848 17.0
127849 17.0
4970 34.0
32140 34.0
111469 8.0
111470 17.0
29552 39.0
119665 12.0
103282 29.0
125075 52.0
110057 15.0
119673 14.0
37754 50.0
4987 28.0
111484 12.0
130538 40.0
103294 40.0
103295 40.0
136065 16.0
119682 14.0
37763 24.0
111495 17.0
152456 11.0
5001 16.0
111498 18.0
5003 10.0
25808 26.0
127885 52.0
5006 18.0
103311 32.0
127888 0.0
34880 34.0
127890 50.0
111507 12.0
103316 12.0
103318 34.0
111511 9.0
118255 24.0
127900 26.0
37790 51.0
37792 48.0
37793 45.0
37795 55.0
37796 19.0
103333 31.0
13222 12.0
5031 31.0
111528 10.0
112796 9.0
5034 33.0
111531 17.0
29613 69.0
5038 22.0
128921 43.0
126931 70.0
21172 55.0
30878 31.0
111543 9.0
111544 16.0
111547 16.0
103356 37.0
37821 69.0
130831 39.0
37827 66.0
136133 38.0
127942 19.0
111560 10.0
103369 43.0
37834 66.0
37835 69.0
31076 43.0
103375 11.0
103376 11.0
111570 15.0
136148 33.0
40441 40.0
111577 23.0
103386 38.0
5083 56.0
111581 22.0
111582 19.0
127968 27.0
5089 29.0
29348 31.0
152549 42.0
5095 23.0
5097 18.0
127979 29.0
5101 52.0
37872 9.0
122366 15.0
37879 32.0
37882 45.0
111611 10.0
54269 59.0
119806 13.0
29525 63.0
103424 29.0
54273 67.0
50006 28.0
54278 74.0
52737 31.0
103432 42.0
54281 69.0
103435 55.0
120985 17.0
5137 52.0
19456 18.0
114179 27.0
136212 43.0
136213 43.0
152409 54.0
136216 45.0
37913 20.0
136218 53.0
103451 22.0
136220 53.0
136221 37.0
103454 31.0
11781 24.0
30531 26.0
53364 34.0
152612 26.0
118278 15.0
37926 49.0
136231 44.0
37930 45.0
37931 45.0
37932 59.0
127837 70.0
30178 35.0
152627 39.0
111672 26.0
152634 25.0
103483 45.0
136252 18.0
37949 38.0
136257 32.0
110091 18.0
111684 29.0
136261 64.0
136263 63.0
29768 19.0
136265 63.0
136266 63.0
5195 63.0
31677 9.0
111693 8.0
136270 58.0
128079 52.0
130563 57.0
136274 63.0
136277 63.0
136278 67.0
111703 6.0
29361 50.0
136284 53.0
37983 29.0
29113 42.0
103524 15.0
152422 40.0
130577 51.0
103528 17.0
111721 10.0
128107 19.0
111728 8.0
130145 33.0
48426 61.0
5240 30.0
111737 5.0
111738 12.0
111739 12.0
127587 8.0
111741 12.0
48457 47.0
152703 27.0
128128 13.0
128129 3.0
5252 60.0
118294 29.0
119942 4.0
5256 52.0
111753 23.0
36455 23.0
136332 24.0
21645 16.0
119951 13.0
21648 16.0
111761 38.0
29843 67.0
151024 48.0
24453 64.0
29852 75.0
29856 15.0
111780 4.0
111785 21.0
111789 16.0
111790 16.0
152751 44.0
103601 24.0
111794 15.0
111795 15.0
129665 23.0
13500 9.0
152766 39.0
5311 22.0
140150 13.0
126748 22.0
103625 39.0
111818 17.0
111819 8.0
130594 30.0
103638 17.0
21722 15.0
136412 15.0
128222 31.0
126501 22.0
21730 17.0
103651 20.0
5348 26.0
152805 6.0
103654 34.0
123203 21.0
48679 48.0
3011820 31.0
3011821 31.0
119077 19.0
125139 33.0
23331 32.0
111486 12.0
29942 57.0
136439 57.0
136440 17.0
136442 27.0
32367 53.0
103676 13.0
136445 61.0
103679 17.0
29953 66.0
128258 17.0
52826 24.0
2012421 19.0
2012422 19.0
5383 13.0
29960 60.0
125143 4.0
29964 57.0
107395 29.0
103700 8.0
153817 16.0
126075 24.0
38171 14.0
103710 17.0
118320 29.0
111748 18.0
29991 34.0
29992 29.0
21801 14.0
107111 38.0
29996 38.0
103725 13.0
30000 72.0
29641 27.0
128307 40.0
30005 38.0
124003 26.0
111497 15.0
118324 15.0
18967 11.0
120124 11.0
152893 38.0
104672 19.0
30018 45.0
9099 17.0
136517 33.0
30022 66.0
3011911 22.0
25550 13.0
115596 25.0
128331 28.0
124843 34.0
107405 34.0
106040 34.0
30035 47.0
32183 32.0
103310 32.0
136538 33.0
13659 13.0
136541 37.0
122242 21.0
38242 15.0
103779 11.0
120166 7.0
103785 12.0
36413 2.0
118205 22.0
107411 2.0
3010110 13.0
30073 41.0
126378 29.0
30078 43.0
38271 35.0
129482 53.0
5505 12.0
38274 22.0
112004 8.0
103813 28.0
103814 38.0
103815 23.0
103816 23.0
123799 51.0
32322 21.0
103827 19.0
129262 17.0
38294 24.0
103831 53.0
124729 33.0
103834 30.0
121071 27.0
38301 22.0
21918 42.0
5535 61.0
21920 42.0
103842 56.0
30116 40.0
21926 42.0
103847 19.0
127894 18.0
128427 19.0
30125 16.0
136622 29.0
29204 68.0
26933 71.0
53923 23.0
31945 40.0
30137 66.0
13754 13.0
13756 9.0
10485 8.0
119117 13.0
127904 43.0
103877 53.0
112070 14.0
30151 21.0
103880 53.0
21961 18.0
127575 17.0
103883 53.0
103888 14.0
53924 28.0
103893 17.0
124302 68.0
13786 9.0
153850 46.0
21982 27.0
103903 13.0
5600 58.0
5601 64.0
5602 62.0
128483 53.0
25510 41.0
38375 7.0
103915 34.0
32370 47.0
13808 38.0
5617 26.0
128498 5.0
118355 20.0
52820 38.0
30203 29.0
103299 20.0
29610 17.0
136264 64.0
23521 42.0
30807 45.0
123577 42.0
118358 21.0
148396 58.0
126486 26.0
103948 37.0
103949 37.0
22032 17.0
27203 40.0
103956 10.0
38421 58.0
111332 16.0
106073 15.0
120344 33.0
9135 16.0
103964 16.0
5661 9.0
52957 24.0
136736 48.0
22049 20.0
136739 22.0
112165 19.0
32377 38.0
22056 21.0
27799 35.0
50108 11.0
46636 36.0
103981 57.0
46638 36.0
40541 27.0
38449 29.0
136754 40.0
126558 10.0
130852 31.0
125942 32.0
49563 13.0
46653 26.0
136767 16.0
48472 61.0
4840 59.0
117003 41.0
120390 28.0
31287 38.0
119123 9.0
30285 74.0
136782 28.0
130274 33.0
136785 30.0
120402 11.0
11647 15.0
128596 66.0
38485 61.0
136790 36.0
38488 34.0
104025 32.0
38490 34.0
148410 68.0
53679 34.0
136799 46.0
128608 67.0
123468 15.0
38498 34.0
5731 22.0
107667 0.0
104037 31.0
5734 30.0
31288 41.0
111548 20.0
104042 52.0
112235 21.0
112236 17.0
30994 75.0
104047 29.0
38513 66.0
3012210 26.0
104052 14.0
104053 26.0
31026 8.0
27666 51.0
112250 5.0
38523 65.0
112252 5.0
129609 15.0
104064 18.0
128642 48.0
128644 51.0
3012230 32.0
128648 19.0
151377 21.0
128653 19.0
112270 8.0
153231 27.0
40564 31.0
103363 35.0
2012820 50.0
32366 54.0
2012822 50.0
13975 17.0
112280 27.0
104089 26.0
5786 35.0
3013621 44.0
128670 23.0
30370 23.0
104100 32.0
22182 65.0
104106 34.0
24178 16.0
30382 37.0
104111 27.0
38576 63.0
128689 19.0
30386 23.0
129765 44.0
112310 15.0
152983 58.0
106100 33.0
29697 20.0
104124 21.0
104125 21.0
30398 39.0
31291 41.0
131675 11.0
9163 30.0
30404 50.0
38598 32.0
128711 43.0
148428 14.0
31463 61.0
120524 13.0
120525 13.0
128721 27.0
104147 30.0
104148 59.0
104149 53.0
128727 28.0
14040 26.0
128729 42.0
38619 35.0
111568 20.0
120546 32.0
30201 22.0
112358 17.0
115665 33.0
106108 24.0
10535 12.0
128606 65.0
38637 33.0
2012910 24.0
2012911 24.0
38640 27.0
104178 23.0
14067 47.0
104180 25.0
128757 34.0
128759 17.0
128762 15.0
104188 17.0
112382 18.0
38659 29.0
4015 32.0
120582 16.0
22279 21.0
126282 33.0
5899 21.0
104204 16.0
40578 17.0
125229 34.0
128784 67.0
22291 27.0
128789 68.0
14102 27.0
128792 72.0
126596 21.0
124040 52.0
22299 28.0
38684 32.0
119770 19.0
120607 16.0
104224 26.0
119771 19.0
104229 12.0
38699 47.0
22834 10.0
128814 52.0
127965 3.0
104241 20.0
120626 25.0
112435 43.0
112436 20.0
120629 16.0
48770 37.0
112441 9.0
30524 13.0
30204 29.0
22334 21.0
5951 63.0
30528 38.0
22337 17.0
22339 17.0
30534 62.0
148449 43.0
126336 40.0
104265 23.0
128843 8.0
104269 34.0
31323 28.0
122900 14.0
112467 21.0
104277 23.0
125241 32.0
5976 35.0
5979 31.0
22364 15.0
30557 10.0
112480 17.0
128865 3.0
48922 10.0
115859 32.0
148454 47.0
5990 31.0
5991 12.0
22378 27.0
127975 27.0
30572 33.0
126975 31.0
148456 61.0
30578 38.0
4837 61.0
6006 38.0
148378 56.0
112508 16.0
22397 32.0
137087 36.0
128896 62.0
22848 13.0
123555 5.0
30595 34.0
38788 28.0
122082 23.0
128903 32.0
112520 9.0
112522 19.0
38795 49.0
38796 39.0
38797 46.0
38798 39.0
128911 34.0
3017721 50.0
120724 19.0
120725 18.0
104342 23.0
104343 23.0
38809 42.0
120731 15.0
127045 42.0
129349 56.0
137126 44.0
48796 10.0
22442 53.0
121159 8.0
48421 42.0
112560 22.0
123894 15.0
115699 28.0
22455 53.0
104376 54.0
112570 25.0
104379 55.0
119681 14.0
128964 66.0
148470 66.0
104390 66.0
128968 31.0
104393 61.0
26117 40.0
104397 60.0
30677 40.0
104407 24.0
124592 65.0
38877 32.0
34520 34.0
3010213 16.0
112976 15.0
137188 42.0
104421 18.0
2013521 27.0
104427 37.0
112620 60.0
120813 16.0
137198 14.0
112623 21.0
112624 47.0
14321 27.0
51629 26.0
38900 39.0
125684 45.0
38905 39.0
129018 24.0
129019 24.0
38909 48.0
153599 38.0
24591 65.0
28574 63.0
103425 29.0
26119 16.0
30729 17.0
117774 18.0
35159 35.0
26937 66.0
28847 3.0
153614 29.0
104467 59.0
31738 32.0
104469 13.0
22550 32.0
2013210 38.0
2013211 38.0
137244 40.0
129054 64.0
129055 64.0
129056 63.0
137252 9.0
50182 19.0
101079 21.0
148487 24.0
36486 14.0
153647 17.0
125686 45.0
126284 19.0
53126 56.0
38967 33.0
129080 33.0
19354 13.0
129082 0.0
153663 23.0
31031 33.0
38979 32.0
112708 22.0
104518 31.0
122738 58.0
6218 49.0
22882 52.0
112720 22.0
120777 10.0
115726 26.0
30806 45.0
24249 16.0
120920 16.0
137572 44.0
101137 68.0
38948 6.0
22622 33.0
22623 34.0
129121 29.0
129122 28.0
129123 35.0
129124 35.0
120934 19.0
131052 63.0
118144 56.0
31578 37.0
107538 19.0
30830 39.0
39023 24.0
112752 18.0
112754 21.0
29396 29.0
4897 63.0
104567 18.0
129144 7.0
32557 40.0
104570 22.0
104571 37.0
112765 18.0
120959 15.0
137344 23.0
117778 23.0
26987 52.0
104580 28.0
104581 31.0
104582 31.0
120967 8.0
104584 25.0
30975 38.0
30860 26.0
22669 40.0
124598 61.0
37912 20.0
104596 0.0
104597 0.0
112790 17.0
137367 37.0
153752 31.0
137369 34.0
120986 8.0
39068 28.0
22686 40.0
29943 57.0
120992 16.0
120993 55.0
111643 12.0
26397 68.0
120999 42.0
104617 28.0
104618 28.0
129195 52.0
104625 28.0
6323 21.0
137399 22.0
152696 46.0
39285 63.0
153792 13.0
148512 22.0
129398 20.0
30922 17.0
22733 40.0
52941 24.0
18808 7.0
27001 53.0
121049 32.0
22747 71.0
22748 59.0
125194 29.0
22750 19.0
121055 16.0
121056 55.0
31099 30.0
129995 62.0
118481 36.0
118482 36.0
121070 44.0
149885 25.0
121072 44.0
153841 34.0
32128 8.0
39155 13.0
31102 30.0
126511 23.0
39162 31.0
31103 30.0
11989 8.0
14592 27.0
112900 15.0
126679 23.0
35202 25.0
25855 29.0
39184 26.0
39185 8.0
6418 62.0
30995 75.0
153876 23.0
132142 40.0
39192 20.0
133508 40.0
22812 6.0
137501 8.0
121118 31.0
27013 42.0
31467 61.0
149894 49.0
39207 42.0
39208 42.0
137513 28.0
22826 19.0
104747 58.0
32130 8.0
137519 42.0
123785 17.0
31025 8.0
137522 35.0
42035 41.0
129333 22.0
137526 17.0
22839 15.0
148532 65.0
24287 68.0
127977 29.0
137533 7.0
12763 21.0
137536 6.0
24288 60.0
3012930 10.0
3012931 10.0
123958 15.0
137543 47.0
121160 19.0
22858 22.0
31051 56.0
39245 22.0
129421 53.0
2013520 27.0
104785 22.0
121171 65.0
21220 10.0
112986 21.0
31069 33.0
137567 44.0
118331 45.0
104802 63.0
39268 43.0
39269 27.0
39270 27.0
129383 32.0
31080 39.0
137580 16.0
104813 66.0
39278 27.0
153967 15.0
26131 40.0
7912 44.0
104820 59.0
137589 32.0
39286 63.0
24297 64.0
35220 15.0
39291 20.0
137597 40.0
137598 46.0
137599 45.0
137600 45.0
137601 45.0
104835 58.0
31108 38.0
104854 35.0
31110 39.0
104839 61.0
22921 43.0
31114 39.0
104843 59.0
118703 13.0
113038 11.0
22927 14.0
113040 11.0
113041 11.0
113042 21.0
129428 38.0
137622 22.0
35225 2.0
137624 30.0
104861 18.0
129439 27.0
31136 47.0
104865 40.0
127335 33.0
42054 46.0
48881 60.0
32068 17.0
30566 57.0
42055 16.0
14764 4.0
32498 42.0
37590 32.0
115784 31.0
113075 10.0
104885 64.0
127063 19.0
129470 32.0
130805 45.0
104896 60.0
113089 18.0
129143 7.0
113092 11.0
39365 18.0
6598 25.0
31137 39.0
129481 53.0
26134 40.0
113099 18.0
31182 17.0
104911 35.0
127037 57.0
137684 47.0
14806 43.0
32505 12.0
130815 28.0
107151 8.0
113118 29.0
23008 23.0
115792 29.0
104930 52.0
126396 65.0
129508 40.0
121317 41.0
39398 34.0
121321 22.0
6634 14.0
130338 19.0
23020 59.0
137710 24.0
118525 19.0
23025 55.0
31218 38.0
31591 36.0
103338 20.0
104949 14.0
3013110 33.0
31223 32.0
124814 25.0
137723 15.0
6652 31.0
133546 65.0
104958 47.0
107605 26.0
104960 40.0
122624 40.0
130066 35.0
104963 62.0
31236 9.0
104965 28.0
129645 66.0
113160 19.0
100780 61.0
37593 45.0
50263 60.0
2013710 22.0
100781 61.0
134431 66.0
129553 39.0
121369 14.0
137755 52.0
39453 15.0
129569 67.0
39458 34.0
133553 56.0
121611 16.0
33884 62.0
105002 12.0
14892 38.0
128797 66.0
107614 9.0
110345 11.0
129592 14.0
31290 41.0
107615 30.0
32139 34.0
137789 51.0
137791 48.0
121408 13.0
121409 13.0
26138 30.0
113219 41.0
113220 41.0
133558 65.0
129606 52.0
39496 38.0
39497 38.0
113228 24.0
31469 67.0
31311 33.0
31313 33.0
113234 24.0
105043 43.0
14932 22.0
14933 22.0
14934 62.0
23127 15.0
152676 16.0
105050 34.0
23131 62.0
137820 69.0
133562 25.0
31326 38.0
34868 23.0
105060 66.0
124006 16.0
137830 7.0
10847 5.0
31868 17.0
6771 10.0
105076 19.0
6773 12.0
33897 67.0
128706 71.0
47739 54.0
28595 66.0
105086 46.0
47744 9.0
128311 3.0
47746 52.0
132203 29.0
47748 45.0
48918 30.0
129473 37.0
121480 41.0
23177 30.0
129676 67.0
129474 37.0
105102 52.0
137871 23.0
23184 30.0
39570 50.0
47763 35.0
6804 15.0
31381 12.0
31382 19.0
137881 44.0
33903 69.0
7962 44.0
105120 18.0
119160 17.0
39586 19.0
6822 24.0
132209 50.0
113321 9.0
129479 66.0
130890 13.0
148594 36.0
47790 65.0
23215 4.0
105136 18.0
149960 31.0
105138 64.0
47795 52.0
23220 36.0
134942 47.0
137910 20.0
26142 54.0
27082 45.0
47807 32.0
105152 13.0
105153 13.0
137925 49.0
113351 11.0
137928 45.0
47817 29.0
107639 18.0
137933 59.0
137935 59.0
129744 28.0
103544 18.0
129746 28.0
105171 28.0
129749 23.0
129750 25.0
31447 73.0
129753 41.0
31450 70.0
125391 29.0
31452 70.0
107642 15.0
2013920 33.0
15073 32.0
15074 32.0
31459 74.0
31461 74.0
27089 40.0
125982 66.0
24359 27.0
105196 63.0
39661 13.0
105199 45.0
29690 17.0
31474 68.0
15091 15.0
31477 70.0
47864 69.0
31481 70.0
126070 66.0
105211 39.0
39684 39.0
129494 62.0
23303 21.0
39688 26.0
113419 24.0
129807 34.0
23317 28.0
31510 67.0
39705 15.0
105242 28.0
149639 55.0
105248 23.0
15137 22.0
15138 22.0
15139 21.0
15140 22.0
105253 56.0
121639 15.0
121640 16.0
105257 68.0
129834 63.0
129836 67.0
129837 63.0
27101 28.0
105265 38.0
23348 31.0
25055 20.0
24372 19.0
39738 29.0
27103 28.0
2014012 32.0
39741 32.0
129854 59.0
39745 32.0
2014020 22.0
2014021 22.0
39751 30.0
31560 27.0
2014030 34.0
2014031 34.0
113488 13.0
136094 38.0
105302 2.0
39767 25.0
129881 21.0
39770 25.0
129886 23.0
29840 65.0
15204 15.0
23398 17.0
138087 37.0
138088 38.0
39786 23.0
49529 37.0
52608 37.0
132243 45.0
126805 59.0
107668 0.0
121723 17.0
129514 53.0
121726 13.0
129515 69.0
39813 18.0
32577 32.0
23435 31.0
23436 25.0
118594 8.0
39822 18.0
39823 38.0
115864 32.0
126806 59.0
39830 38.0
39832 33.0
129945 57.0
105373 47.0
105374 40.0
105376 12.0
23457 23.0
105378 44.0
105380 46.0
113574 13.0
113575 8.0
129961 56.0
23466 22.0
48044 15.0
39853 22.0
23472 33.0
113585 24.0
23475 15.0
129972 11.0
113589 13.0
15289 38.0
138172 7.0
32586 33.0
129984 37.0
33952 25.0
32152 66.0
32587 33.0
15300 20.0
15301 21.0
138183 58.0
39880 24.0
105417 25.0
3013111 33.0
121804 17.0
33954 44.0
151373 35.0
31224 32.0
105426 38.0
105427 53.0
105428 53.0
126798 54.0
105431 47.0
23514 52.0
23523 35.0
106077 14.0
50341 62.0
121824 13.0
153732 33.0
6651 23.0
39908 15.0
148646 26.0
130023 19.0
104956 34.0
31722 34.0
10058 10.0
31726 42.0
130034 43.0
31732 19.0
31733 19.0
31734 19.0
105465 29.0
113658 17.0
121854 27.0
105471 13.0
3010112 13.0
15361 39.0
23554 5.0
105475 29.0
105476 29.0
31749 47.0
21243 14.0
135385 32.0
138250 19.0
129265 44.0
120536 16.0
31757 47.0
114520 25.0
138258 35.0
127083 45.0
28839 17.0
130070 41.0
138263 37.0
23576 42.0
132271 51.0
138268 37.0
122714 33.0
133637 31.0
138272 39.0
28507 22.0
113700 13.0
113701 24.0
50353 31.0
113705 13.0
121900 21.0
53085 23.0
121904 16.0
23601 66.0
29875 17.0
25609 23.0
2013921 33.0
121917 17.0
23615 67.0
23616 70.0
113729 13.0
31811 40.0
121924 17.0
121927 12.0
15432 6.0
121929 12.0
113739 13.0
23630 36.0
3013711 27.0
23632 36.0
23633 36.0
7250 49.0
122859 40.0
121358 10.0
7254 31.0
105559 24.0
130138 36.0
133647 25.0
105564 29.0
7262 62.0
32430 74.0
130144 36.0
7265 66.0
113763 9.0
31845 32.0
7270 27.0
133649 21.0
105578 5.0
121968 8.0
40050 49.0
7283 60.0
23668 23.0
105590 33.0
105591 33.0
115084 29.0
23675 39.0
105596 3.0
23702 32.0
138367 7.0
113792 13.0
7299 28.0
7300 27.0
23690 34.0
40075 30.0
15501 26.0
40078 20.0
40081 27.0
124099 28.0
40086 42.0
122009 17.0
23708 39.0
109082 10.0
100355 64.0
122017 13.0
109083 12.0
7333 31.0
130214 26.0
151409 40.0
122259 25.0
23722 27.0
115911 18.0
113837 19.0
138414 35.0
7343 60.0
138417 49.0
7346 21.0
126128 43.0
40118 16.0
40119 27.0
40120 27.0
7354 26.0
113853 8.0
23742 17.0
122048 15.0
130241 21.0
7362 64.0
23747 22.0
126838 37.0
128296 31.0
105673 15.0
15562 37.0
20343 33.0
7375 41.0
105680 30.0
7377 60.0
7379 60.0
7381 63.0
3014521 26.0
138456 38.0
138457 38.0
146650 16.0
50383 31.0
3015311 25.0
32179 10.0
7392 29.0
23777 24.0
105698 27.0
7400 32.0
23079 22.0
30826 38.0
14943 37.0
113906 17.0
48371 39.0
138484 51.0
138489 38.0
48381 48.0
130302 67.0
130304 11.0
48385 61.0
15618 27.0
48387 65.0
105733 20.0
48391 72.0
138504 67.0
48393 72.0
23818 27.0
48395 71.0
105740 32.0
138509 69.0
48398 56.0
48399 23.0
48400 60.0
43620 40.0
151427 17.0
48404 60.0
48405 55.0
48409 71.0
48411 19.0
138524 64.0
48413 56.0
105758 55.0
23839 64.0
130336 43.0
130337 30.0
105762 27.0
48419 43.0
105764 19.0
7461 9.0
105766 19.0
122151 18.0
130344 74.0
106088 14.0
7466 35.0
24455 56.0
31092 42.0
48429 68.0
40239 26.0
2014512 15.0
48434 49.0
127711 32.0
48436 24.0
115934 33.0
48440 36.0
138553 65.0
32058 43.0
48443 47.0
32060 43.0
48445 15.0
105790 18.0
105791 32.0
15680 19.0
130371 12.0
40260 18.0
48453 15.0
105801 54.0
122186 15.0
138571 26.0
48460 30.0
130381 31.0
7505 19.0
138580 65.0
48469 68.0
48471 49.0
105816 33.0
13540 13.0
125793 19.0
48478 59.0
122210 21.0
7523 21.0
7524 19.0
120038 16.0
48486 27.0
138599 32.0
48489 27.0
105834 34.0
48491 13.0
23916 15.0
48493 66.0
7535 9.0
32129 8.0
7537 24.0
48500 63.0
7544 21.0
48505 62.0
7546 24.0
48507 40.0
3014012 10.0
7550 21.0
32127 8.0
105856 30.0
48513 62.0
48514 60.0
138628 23.0
15749 27.0
48518 62.0
48521 62.0
32138 46.0
48523 64.0
48524 69.0
35394 37.0
23950 22.0
48527 69.0
48529 56.0
48530 22.0
150083 27.0
138644 19.0
122261 28.0
114585 25.0
48536 69.0
27204 40.0
23962 14.0
105883 51.0
115912 72.0
32157 17.0
138654 53.0
122271 23.0
48544 59.0
48545 59.0
122274 39.0
122275 41.0
122276 41.0
35398 40.0
105897 13.0
29986 47.0
122286 21.0
105905 43.0
122291 31.0
114100 38.0
114101 48.0
40374 7.0
114103 43.0
32184 32.0
23994 33.0
105915 55.0
125514 42.0
128245 17.0
24001 26.0
32195 21.0
7620 17.0
107766 15.0
7622 17.0
24007 37.0
24008 37.0
40393 30.0
40394 22.0
140535 20.0
48588 55.0
32205 29.0
40398 22.0
32207 43.0
105936 31.0
29944 57.0
105938 30.0
105939 30.0
40406 32.0
105943 39.0
105944 28.0
40410 25.0
127966 2.0
32222 48.0
53157 15.0
109136 20.0
130530 26.0
25851 29.0
7652 14.0
122341 17.0
27217 32.0
130536 62.0
140540 34.0
114154 27.0
123007 23.0
24044 48.0
31314 14.0
32238 9.0
105967 49.0
40432 29.0
137811 71.0
40437 40.0
7670 17.0
122793 6.0
7673 17.0
40442 28.0
24059 67.0
24060 21.0
32247 41.0
40446 55.0
31317 48.0
122369 15.0
138755 37.0
130565 57.0
7687 58.0
100367 64.0
48649 26.0
48650 20.0
105995 18.0
105996 8.0
114189 20.0
32272 51.0
770 64.0
40468 28.0
28590 67.0
48664 5.0
48666 7.0
15899 48.0
15900 61.0
31322 28.0
115973 49.0
130592 11.0
122402 27.0
40483 16.0
106021 64.0
28593 68.0
114217 22.0
114218 22.0
15915 60.0
32690 6.0
106030 20.0
138799 40.0
138800 64.0
106035 34.0
15924 56.0
106037 29.0
138808 36.0
138809 16.0
109151 2.0
115099 24.0
138814 24.0
109152 2.0
15938 42.0
25081 57.0
114244 21.0
7749 8.0
40518 17.0
15945 43.0
40522 70.0
110519 25.0
3014220 12.0
3014221 12.0
15951 43.0
15952 43.0
40530 30.0
40534 20.0
7767 14.0
122456 61.0
109156 19.0
114266 30.0
7771 0.0
7773 0.0
7774 19.0
10853 8.0
15971 47.0
124420 22.0
40550 34.0
40551 34.0
40552 34.0
40553 21.0
40556 51.0
32365 54.0
40558 32.0
40559 32.0
32368 53.0
130673 40.0
106098 33.0
124179 16.0
24180 16.0
130678 42.0
109161 48.0
32376 53.0
40569 31.0
40570 33.0
28607 65.0
40572 34.0
114301 34.0
122494 65.0
130687 30.0
130689 30.0
106114 27.0
122500 61.0
30539 40.0
40589 39.0
109165 36.0
32400 14.0
24212 38.0
106133 24.0
24214 38.0
122519 21.0
130712 31.0
130714 31.0
106140 22.0
48798 15.0
28613 31.0
122529 21.0
122531 20.0
131014 17.0
40614 58.0
122537 30.0
114346 24.0
32428 25.0
122541 27.0
114830 21.0
32431 26.0
122824 19.0
40626 36.0
10867 6.0
38174 22.0
6772 12.0
114362 27.0
48828 27.0
32723 11.0
114371 21.0
122564 39.0
30529 38.0
48841 26.0
26995 59.0
122572 24.0
40653 13.0
40654 13.0
24273 66.0
24274 66.0
122579 30.0
48852 22.0
126926 66.0
24278 66.0
40663 13.0
114392 21.0
114393 27.0
3010511 25.0
40671 14.0
40672 14.0
24289 64.0
138978 32.0
106211 33.0
24292 68.0
7909 34.0
122598 41.0
24295 64.0
106216 20.0
7913 21.0
24301 62.0
107467 7.0
48879 69.0
24305 75.0
7922 48.0
7923 40.0
48885 68.0
48886 66.0
7927 62.0
48888 68.0
48889 61.0
48890 61.0
122620 33.0
122621 40.0
129709 21.0
20437 28.0
7936 63.0
48898 5.0
124203 32.0
48900 68.0
129078 40.0
26997 60.0
50476 11.0
48907 65.0
40718 31.0
40719 63.0
22360 17.0
114449 27.0
114450 31.0
40723 32.0
40726 68.0
40728 62.0
32538 18.0
130844 21.0
3010522 22.0
40738 23.0
7971 52.0
7972 58.0
40743 23.0
32556 8.0
128306 35.0
32560 36.0
114484 33.0
32567 46.0
130873 22.0
106298 20.0
28639 20.0
24383 19.0
40769 35.0
24387 26.0
106308 30.0
114502 33.0
16200 10.0
48970 62.0
24395 10.0
114508 32.0
48973 56.0
48977 65.0
48978 55.0
48979 35.0
114516 25.0
48981 22.0
48984 75.0
130905 17.0
48986 67.0
40795 13.0
122716 33.0
115927 32.0
114529 23.0
122725 28.0
29841 66.0
125585 36.0
8040 19.0
152753 40.0
131476 68.0
139117 50.0
139118 61.0
122735 40.0
114546 26.0
122741 60.0
113300 24.0
3014522 26.0
114555 24.0
32637 32.0
32638 32.0
49023 5.0
114513 30.0
114667 13.0
133782 55.0
31093 42.0
28652 19.0
106378 8.0
40845 24.0
106383 25.0
139156 13.0
40854 34.0
31969 15.0
139161 31.0
126810 54.0
130973 38.0
139166 31.0
114591 25.0
114593 25.0
122786 21.0
105115 60.0
24488 52.0
106409 29.0
130988 13.0
32685 18.0
106414 24.0
3011912 22.0
24498 7.0
32691 6.0
114613 32.0
122806 16.0
106423 29.0
3013622 44.0
106425 29.0
24507 32.0
114622 26.0
122816 6.0
106433 19.0
49090 13.0
127660 51.0
106436 42.0
24517 34.0
114731 25.0
114632 29.0
114633 23.0
114635 26.0
131024 8.0
114641 8.0
106451 35.0
106453 8.0
131030 23.0
110585 10.0
24540 51.0
2011130 12.0
106467 8.0
106470 35.0
122856 19.0
118780 24.0
131050 56.0
106475 23.0
24556 32.0
114669 25.0
115659 15.0
106481 22.0
32754 23.0
32755 16.0
24564 40.0
32057 44.0
129844 62.0
31315 48.0
122874 15.0
122875 10.0
111295 8.0
131070 23.0
