#ID Type LEN(mile) FFS_car(mile/h) Cap_car(v/hour) RHOJ_car(v/miles)         Lane FFS_truck(mile/h) Cap_truck(v/hour) RHOJ_truck(v/miles) Convert_factor(1)
1 CTM 0.5 37.0 2000 200 2 30.0 1200 120 2.0
2 CTM 0.5 44.0 2000 200 2 35.0 1200 120 2.0
3 CTM 0.5 39.0 2000 200 2 31.0 1200 120 2.0
4 CTM 0.5 37.0 2000 200 2 30.0 1200 120 2.0
5 CTM 0.5 32.0 2000 200 2 26.0 1200 120 2.0
6 CTM 0.5 41.0 2000 200 2 33.0 1200 120 2.0
7 CTM 0.5 33.0 2000 200 2 26.0 1200 120 2.0
8 CTM 0.5 51.0 2000 200 2 41.0 1200 120 2.0
9 CTM 0.5 54.0 2000 200 2 43.0 1200 120 2.0
10 CTM 0.5 30.0 2000 200 2 24.0 1200 120 2.0
11 CTM 0.5 47.0 2000 200 2 38.0 1200 120 2.0
12 CTM 0.5 36.0 2000 200 2 29.0 1200 120 2.0
13 CTM 0.5 38.0 2000 200 2 30.0 1200 120 2.0
14 CTM 0.5 52.0 2000 200 2 42.0 1200 120 2.0
15 CTM 0.5 18.0 2000 200 2 14.0 1200 120 2.0
16 CTM 0.5 18.0 2000 200 2 14.0 1200 120 2.0
17 CTM 0.5 16.0 2000 200 2 13.0 1200 120 2.0
18 CTM 0.5 48.0 2000 200 2 38.0 1200 120 2.0
19 CTM 0.5 46.0 2000 200 2 37.0 1200 120 2.0
20 CTM 0.5 50.0 2000 200 2 40.0 1200 120 2.0
21 CTM 0.5 54.0 2000 200 2 43.0 1200 120 2.0
22 CTM 0.5 47.0 2000 200 2 38.0 1200 120 2.0
23 CTM 0.5 33.0 2000 200 2 26.0 1200 120 2.0
24 CTM 0.5 46.0 2000 200 2 37.0 1200 120 2.0
25 CTM 0.5 20.0 2000 200 2 16.0 1200 120 2.0
26 CTM 0.5 41.0 2000 200 2 33.0 1200 120 2.0
27 CTM 0.5 21.0 2000 200 2 17.0 1200 120 2.0
28 CTM 0.5 53.0 2000 200 2 42.0 1200 120 2.0
29 CTM 0.5 36.0 2000 200 2 29.0 1200 120 2.0
30 CTM 0.5 32.0 2000 200 2 26.0 1200 120 2.0
31 CTM 0.5 26.0 2000 200 2 21.0 1200 120 2.0
32 CTM 0.5 46.0 2000 200 2 37.0 1200 120 2.0
33 CTM 0.5 33.0 2000 200 2 26.0 1200 120 2.0
34 CTM 0.5 38.0 2000 200 2 30.0 1200 120 2.0
35 CTM 0.5 16.0 2000 200 2 13.0 1200 120 2.0
36 CTM 0.5 40.0 2000 200 2 32.0 1200 120 2.0
37 CTM 0.5 39.0 2000 200 2 31.0 1200 120 2.0
38 CTM 0.5 40.0 2000 200 2 32.0 1200 120 2.0
39 CTM 0.5 53.0 2000 200 2 42.0 1200 120 2.0
40 CTM 0.5 42.0 2000 200 2 34.0 1200 120 2.0
41 CTM 0.5 29.0 2000 200 2 23.0 1200 120 2.0
42 CTM 0.5 32.0 2000 200 2 26.0 1200 120 2.0
43 CTM 0.5 43.0 2000 200 2 34.0 1200 120 2.0
44 CTM 0.5 17.0 2000 200 2 14.0 1200 120 2.0
45 CTM 0.5 42.0 2000 200 2 34.0 1200 120 2.0
46 CTM 0.5 42.0 2000 200 2 34.0 1200 120 2.0
47 CTM 0.5 23.0 2000 200 2 18.0 1200 120 2.0
48 CTM 0.5 20.0 2000 200 2 16.0 1200 120 2.0
49 CTM 0.5 28.0 2000 200 2 22.0 1200 120 2.0
50 CTM 0.5 30.0 2000 200 2 24.0 1200 120 2.0
51 CTM 0.5 38.0 2000 200 2 30.0 1200 120 2.0
52 CTM 0.5 33.0 2000 200 2 26.0 1200 120 2.0
53 CTM 0.5 55.0 2000 200 2 44.0 1200 120 2.0
54 CTM 0.5 19.0 2000 200 2 15.0 1200 120 2.0
55 CTM 0.5 23.0 2000 200 2 18.0 1200 120 2.0
56 CTM 0.5 21.0 2000 200 2 17.0 1200 120 2.0
57 CTM 0.5 41.0 2000 200 2 33.0 1200 120 2.0
58 CTM 0.5 25.0 2000 200 2 20.0 1200 120 2.0
59 CTM 0.5 34.0 2000 200 2 27.0 1200 120 2.0
60 CTM 0.5 25.0 2000 200 2 20.0 1200 120 2.0
61 CTM 0.5 21.0 2000 200 2 17.0 1200 120 2.0
62 CTM 0.5 19.0 2000 200 2 15.0 1200 120 2.0
63 CTM 0.5 41.0 2000 200 2 33.0 1200 120 2.0
64 CTM 0.5 21.0 2000 200 2 17.0 1200 120 2.0
65 CTM 0.5 23.0 2000 200 2 18.0 1200 120 2.0
66 CTM 0.5 30.0 2000 200 2 24.0 1200 120 2.0
67 CTM 0.5 48.0 2000 200 2 38.0 1200 120 2.0
68 CTM 0.5 19.0 2000 200 2 15.0 1200 120 2.0
69 CTM 0.5 49.0 2000 200 2 39.0 1200 120 2.0
70 CTM 0.5 19.0 2000 200 2 15.0 1200 120 2.0
71 CTM 0.5 54.0 2000 200 2 43.0 1200 120 2.0
72 CTM 0.5 34.0 2000 200 2 27.0 1200 120 2.0
73 CTM 0.5 54.0 2000 200 2 43.0 1200 120 2.0
74 CTM 0.5 39.0 2000 200 2 31.0 1200 120 2.0
75 CTM 0.5 45.0 2000 200 2 36.0 1200 120 2.0
76 CTM 0.5 17.0 2000 200 2 14.0 1200 120 2.0
77 CTM 0.5 26.0 2000 200 2 21.0 1200 120 2.0
78 CTM 0.5 20.0 2000 200 2 16.0 1200 120 2.0
79 CTM 0.5 27.0 2000 200 2 22.0 1200 120 2.0
80 CTM 0.5 20.0 2000 200 2 16.0 1200 120 2.0
81 CTM 0.5 28.0 2000 200 2 22.0 1200 120 2.0
82 CTM 0.5 32.0 2000 200 2 26.0 1200 120 2.0
83 CTM 0.5 18.0 2000 200 2 14.0 1200 120 2.0
84 CTM 0.5 43.0 2000 200 2 34.0 1200 120 2.0
85 CTM 0.5 38.0 2000 200 2 30.0 1200 120 2.0
86 CTM 0.5 26.0 2000 200 2 21.0 1200 120 2.0
87 CTM 0.5 36.0 2000 200 2 29.0 1200 120 2.0
88 CTM 0.5 19.0 2000 200 2 15.0 1200 120 2.0
89 CTM 0.5 38.0 2000 200 2 30.0 1200 120 2.0
90 CTM 0.5 52.0 2000 200 2 42.0 1200 120 2.0
91 CTM 0.5 28.0 2000 200 2 22.0 1200 120 2.0
92 CTM 0.5 42.0 2000 200 2 34.0 1200 120 2.0
93 CTM 0.5 20.0 2000 200 2 16.0 1200 120 2.0
94 CTM 0.5 44.0 2000 200 2 35.0 1200 120 2.0
95 CTM 0.5 27.0 2000 200 2 22.0 1200 120 2.0
96 CTM 0.5 22.0 2000 200 2 18.0 1200 120 2.0
97 CTM 0.5 38.0 2000 200 2 30.0 1200 120 2.0
98 CTM 0.5 16.0 2000 200 2 13.0 1200 120 2.0
99 CTM 0.5 48.0 2000 200 2 38.0 1200 120 2.0
100 CTM 0.5 15.0 2000 200 2 12.0 1200 120 2.0
101 CTM 0.5 42.0 2000 200 2 34.0 1200 120 2.0
102 CTM 0.5 26.0 2000 200 2 21.0 1200 120 2.0
103 CTM 0.5 44.0 2000 200 2 35.0 1200 120 2.0
104 CTM 0.5 53.0 2000 200 2 42.0 1200 120 2.0
105 CTM 0.5 25.0 2000 200 2 20.0 1200 120 2.0
106 CTM 0.5 38.0 2000 200 2 30.0 1200 120 2.0
107 CTM 0.5 39.0 2000 200 2 31.0 1200 120 2.0
108 CTM 0.5 38.0 2000 200 2 30.0 1200 120 2.0
109 CTM 0.5 24.0 2000 200 2 19.0 1200 120 2.0
110 CTM 0.5 53.0 2000 200 2 42.0 1200 120 2.0
111 CTM 0.5 33.0 2000 200 2 26.0 1200 120 2.0
112 CTM 0.5 49.0 2000 200 2 39.0 1200 120 2.0
113 CTM 0.5 43.0 2000 200 2 34.0 1200 120 2.0
114 CTM 0.5 27.0 2000 200 2 22.0 1200 120 2.0
115 CTM 0.5 48.0 2000 200 2 38.0 1200 120 2.0
116 CTM 0.5 31.0 2000 200 2 25.0 1200 120 2.0
117 CTM 0.5 50.0 2000 200 2 40.0 1200 120 2.0
118 CTM 0.5 38.0 2000 200 2 30.0 1200 120 2.0
119 CTM 0.5 50.0 2000 200 2 40.0 1200 120 2.0
120 CTM 0.5 43.0 2000 200 2 34.0 1200 120 2.0
121 CTM 0.5 44.0 2000 200 2 35.0 1200 120 2.0
122 CTM 0.5 35.0 2000 200 2 28.0 1200 120 2.0
123 CTM 0.5 53.0 2000 200 2 42.0 1200 120 2.0
124 CTM 0.5 41.0 2000 200 2 33.0 1200 120 2.0
125 CTM 0.5 32.0 2000 200 2 26.0 1200 120 2.0
126 CTM 0.5 39.0 2000 200 2 31.0 1200 120 2.0
127 CTM 0.5 16.0 2000 200 2 13.0 1200 120 2.0
128 CTM 0.5 27.0 2000 200 2 22.0 1200 120 2.0
129 CTM 0.5 41.0 2000 200 2 33.0 1200 120 2.0
130 CTM 0.5 27.0 2000 200 2 22.0 1200 120 2.0
131 CTM 0.5 40.0 2000 200 2 32.0 1200 120 2.0
132 CTM 0.5 32.0 2000 200 2 26.0 1200 120 2.0
133 CTM 0.5 20.0 2000 200 2 16.0 1200 120 2.0
134 CTM 0.5 27.0 2000 200 2 22.0 1200 120 2.0
135 CTM 0.5 38.0 2000 200 2 30.0 1200 120 2.0
136 CTM 0.5 39.0 2000 200 2 31.0 1200 120 2.0
137 CTM 0.5 38.0 2000 200 2 30.0 1200 120 2.0
138 CTM 0.5 41.0 2000 200 2 33.0 1200 120 2.0
139 CTM 0.5 41.0 2000 200 2 33.0 1200 120 2.0
140 CTM 0.5 32.0 2000 200 2 26.0 1200 120 2.0
141 CTM 0.5 51.0 2000 200 2 41.0 1200 120 2.0
142 CTM 0.5 30.0 2000 200 2 24.0 1200 120 2.0
143 CTM 0.5 32.0 2000 200 2 26.0 1200 120 2.0
144 CTM 0.5 51.0 2000 200 2 41.0 1200 120 2.0
145 CTM 0.5 47.0 2000 200 2 38.0 1200 120 2.0
146 CTM 0.5 43.0 2000 200 2 34.0 1200 120 2.0
147 CTM 0.5 19.0 2000 200 2 15.0 1200 120 2.0
148 CTM 0.5 52.0 2000 200 2 42.0 1200 120 2.0
149 CTM 0.5 44.0 2000 200 2 35.0 1200 120 2.0
150 CTM 0.5 55.0 2000 200 2 44.0 1200 120 2.0
151 CTM 0.5 21.0 2000 200 2 17.0 1200 120 2.0
152 CTM 0.5 50.0 2000 200 2 40.0 1200 120 2.0
153 CTM 0.5 21.0 2000 200 2 17.0 1200 120 2.0
154 CTM 0.5 40.0 2000 200 2 32.0 1200 120 2.0
155 CTM 0.5 20.0 2000 200 2 16.0 1200 120 2.0
156 CTM 0.5 49.0 2000 200 2 39.0 1200 120 2.0
157 CTM 0.5 47.0 2000 200 2 38.0 1200 120 2.0
158 CTM 0.5 38.0 2000 200 2 30.0 1200 120 2.0
159 CTM 0.5 31.0 2000 200 2 25.0 1200 120 2.0
160 CTM 0.5 18.0 2000 200 2 14.0 1200 120 2.0
161 CTM 0.5 43.0 2000 200 2 34.0 1200 120 2.0
162 CTM 0.5 33.0 2000 200 2 26.0 1200 120 2.0
163 CTM 0.5 44.0 2000 200 2 35.0 1200 120 2.0
164 CTM 0.5 50.0 2000 200 2 40.0 1200 120 2.0
165 CTM 0.5 54.0 2000 200 2 43.0 1200 120 2.0
166 CTM 0.5 49.0 2000 200 2 39.0 1200 120 2.0
167 CTM 0.5 15.0 2000 200 2 12.0 1200 120 2.0
168 CTM 0.5 29.0 2000 200 2 23.0 1200 120 2.0
169 CTM 0.5 44.0 2000 200 2 35.0 1200 120 2.0
170 CTM 0.5 22.0 2000 200 2 18.0 1200 120 2.0
171 CTM 0.5 36.0 2000 200 2 29.0 1200 120 2.0
172 CTM 0.5 17.0 2000 200 2 14.0 1200 120 2.0
173 CTM 0.5 23.0 2000 200 2 18.0 1200 120 2.0
174 CTM 0.5 16.0 2000 200 2 13.0 1200 120 2.0
175 CTM 0.5 47.0 2000 200 2 38.0 1200 120 2.0
176 CTM 0.5 24.0 2000 200 2 19.0 1200 120 2.0
177 CTM 0.5 29.0 2000 200 2 23.0 1200 120 2.0
178 CTM 0.5 52.0 2000 200 2 42.0 1200 120 2.0
179 CTM 0.5 43.0 2000 200 2 34.0 1200 120 2.0
180 CTM 0.5 16.0 2000 200 2 13.0 1200 120 2.0
181 CTM 0.5 22.0 2000 200 2 18.0 1200 120 2.0
182 CTM 0.5 40.0 2000 200 2 32.0 1200 120 2.0
183 CTM 0.5 38.0 2000 200 2 30.0 1200 120 2.0
184 CTM 0.5 25.0 2000 200 2 20.0 1200 120 2.0
185 CTM 0.5 52.0 2000 200 2 42.0 1200 120 2.0
186 CTM 0.5 40.0 2000 200 2 32.0 1200 120 2.0
187 CTM 0.5 36.0 2000 200 2 29.0 1200 120 2.0
188 CTM 0.5 39.0 2000 200 2 31.0 1200 120 2.0
189 CTM 0.5 44.0 2000 200 2 35.0 1200 120 2.0
190 CTM 0.5 27.0 2000 200 2 22.0 1200 120 2.0
191 CTM 0.5 31.0 2000 200 2 25.0 1200 120 2.0
192 CTM 0.5 23.0 2000 200 2 18.0 1200 120 2.0
193 CTM 0.5 22.0 2000 200 2 18.0 1200 120 2.0
194 CTM 0.5 53.0 2000 200 2 42.0 1200 120 2.0
195 CTM 0.5 45.0 2000 200 2 36.0 1200 120 2.0
196 CTM 0.5 35.0 2000 200 2 28.0 1200 120 2.0
197 CTM 0.5 24.0 2000 200 2 19.0 1200 120 2.0
198 CTM 0.5 25.0 2000 200 2 20.0 1200 120 2.0
199 CTM 0.5 17.0 2000 200 2 14.0 1200 120 2.0
200 CTM 0.5 32.0 2000 200 2 26.0 1200 120 2.0
201 CTM 0.5 27.0 2000 200 2 22.0 1200 120 2.0
202 CTM 0.5 43.0 2000 200 2 34.0 1200 120 2.0
203 CTM 0.5 30.0 2000 200 2 24.0 1200 120 2.0
204 CTM 0.5 22.0 2000 200 2 18.0 1200 120 2.0
205 CTM 0.5 16.0 2000 200 2 13.0 1200 120 2.0
206 CTM 0.5 18.0 2000 200 2 14.0 1200 120 2.0
207 CTM 0.5 42.0 2000 200 2 34.0 1200 120 2.0
208 CTM 0.5 33.0 2000 200 2 26.0 1200 120 2.0
209 CTM 0.5 36.0 2000 200 2 29.0 1200 120 2.0
210 CTM 0.5 51.0 2000 200 2 41.0 1200 120 2.0
211 CTM 0.5 55.0 2000 200 2 44.0 1200 120 2.0
212 CTM 0.5 24.0 2000 200 2 19.0 1200 120 2.0
213 CTM 0.5 42.0 2000 200 2 34.0 1200 120 2.0
214 CTM 0.5 26.0 2000 200 2 21.0 1200 120 2.0
215 CTM 0.5 16.0 2000 200 2 13.0 1200 120 2.0
216 CTM 0.5 45.0 2000 200 2 36.0 1200 120 2.0
217 CTM 0.5 28.0 2000 200 2 22.0 1200 120 2.0
218 CTM 0.5 30.0 2000 200 2 24.0 1200 120 2.0
219 CTM 0.5 39.0 2000 200 2 31.0 1200 120 2.0
220 CTM 0.5 48.0 2000 200 2 38.0 1200 120 2.0
221 CTM 0.5 40.0 2000 200 2 32.0 1200 120 2.0
222 CTM 0.5 50.0 2000 200 2 40.0 1200 120 2.0
223 CTM 0.5 26.0 2000 200 2 21.0 1200 120 2.0
224 CTM 0.5 47.0 2000 200 2 38.0 1200 120 2.0
225 CTM 0.5 22.0 2000 200 2 18.0 1200 120 2.0
226 CTM 0.5 53.0 2000 200 2 42.0 1200 120 2.0
227 CTM 0.5 42.0 2000 200 2 34.0 1200 120 2.0
228 CTM 0.5 24.0 2000 200 2 19.0 1200 120 2.0
229 CTM 0.5 53.0 2000 200 2 42.0 1200 120 2.0
230 CTM 0.5 44.0 2000 200 2 35.0 1200 120 2.0
231 CTM 0.5 25.0 2000 200 2 20.0 1200 120 2.0
232 CTM 0.5 24.0 2000 200 2 19.0 1200 120 2.0
233 CTM 0.5 36.0 2000 200 2 29.0 1200 120 2.0
234 CTM 0.5 16.0 2000 200 2 13.0 1200 120 2.0
235 CTM 0.5 23.0 2000 200 2 18.0 1200 120 2.0
236 CTM 0.5 32.0 2000 200 2 26.0 1200 120 2.0
237 CTM 0.5 30.0 2000 200 2 24.0 1200 120 2.0
238 CTM 0.5 34.0 2000 200 2 27.0 1200 120 2.0
239 CTM 0.5 26.0 2000 200 2 21.0 1200 120 2.0
240 CTM 0.5 38.0 2000 200 2 30.0 1200 120 2.0
241 CTM 0.5 50.0 2000 200 2 40.0 1200 120 2.0
242 CTM 0.5 20.0 2000 200 2 16.0 1200 120 2.0
243 CTM 0.5 36.0 2000 200 2 29.0 1200 120 2.0
244 CTM 0.5 20.0 2000 200 2 16.0 1200 120 2.0
245 CTM 0.5 44.0 2000 200 2 35.0 1200 120 2.0
246 CTM 0.5 31.0 2000 200 2 25.0 1200 120 2.0
247 CTM 0.5 38.0 2000 200 2 30.0 1200 120 2.0
248 CTM 0.5 22.0 2000 200 2 18.0 1200 120 2.0
249 CTM 0.5 21.0 2000 200 2 17.0 1200 120 2.0
250 CTM 0.5 35.0 2000 200 2 28.0 1200 120 2.0
251 CTM 0.5 29.0 2000 200 2 23.0 1200 120 2.0
252 CTM 0.5 53.0 2000 200 2 42.0 1200 120 2.0
253 CTM 0.5 46.0 2000 200 2 37.0 1200 120 2.0
254 CTM 0.5 45.0 2000 200 2 36.0 1200 120 2.0
255 CTM 0.5 51.0 2000 200 2 41.0 1200 120 2.0
256 CTM 0.5 18.0 2000 200 2 14.0 1200 120 2.0
257 CTM 0.5 37.0 2000 200 2 30.0 1200 120 2.0
258 CTM 0.5 38.0 2000 200 2 30.0 1200 120 2.0
259 CTM 0.5 53.0 2000 200 2 42.0 1200 120 2.0
260 CTM 0.5 27.0 2000 200 2 22.0 1200 120 2.0
261 CTM 0.5 25.0 2000 200 2 20.0 1200 120 2.0
262 CTM 0.5 19.0 2000 200 2 15.0 1200 120 2.0
263 CTM 0.5 16.0 2000 200 2 13.0 1200 120 2.0
264 CTM 0.5 52.0 2000 200 2 42.0 1200 120 2.0
265 CTM 0.5 42.0 2000 200 2 34.0 1200 120 2.0
266 CTM 0.5 46.0 2000 200 2 37.0 1200 120 2.0
267 CTM 0.5 26.0 2000 200 2 21.0 1200 120 2.0
268 CTM 0.5 38.0 2000 200 2 30.0 1200 120 2.0
269 CTM 0.5 18.0 2000 200 2 14.0 1200 120 2.0
270 CTM 0.5 34.0 2000 200 2 27.0 1200 120 2.0
271 CTM 0.5 54.0 2000 200 2 43.0 1200 120 2.0
272 CTM 0.5 50.0 2000 200 2 40.0 1200 120 2.0
273 CTM 0.5 29.0 2000 200 2 23.0 1200 120 2.0
274 CTM 0.5 53.0 2000 200 2 42.0 1200 120 2.0
275 CTM 0.5 24.0 2000 200 2 19.0 1200 120 2.0
276 CTM 0.5 53.0 2000 200 2 42.0 1200 120 2.0
277 CTM 0.5 53.0 2000 200 2 42.0 1200 120 2.0
278 CTM 0.5 47.0 2000 200 2 38.0 1200 120 2.0
279 CTM 0.5 40.0 2000 200 2 32.0 1200 120 2.0
280 CTM 0.5 50.0 2000 200 2 40.0 1200 120 2.0
281 CTM 0.5 27.0 2000 200 2 22.0 1200 120 2.0
282 CTM 0.5 49.0 2000 200 2 39.0 1200 120 2.0
283 CTM 0.5 40.0 2000 200 2 32.0 1200 120 2.0
284 CTM 0.5 16.0 2000 200 2 13.0 1200 120 2.0
285 CTM 0.5 29.0 2000 200 2 23.0 1200 120 2.0
286 CTM 0.5 21.0 2000 200 2 17.0 1200 120 2.0
287 CTM 0.5 54.0 2000 200 2 43.0 1200 120 2.0
288 CTM 0.5 34.0 2000 200 2 27.0 1200 120 2.0
289 CTM 0.5 35.0 2000 200 2 28.0 1200 120 2.0
290 CTM 0.5 41.0 2000 200 2 33.0 1200 120 2.0
291 CTM 0.5 30.0 2000 200 2 24.0 1200 120 2.0
292 CTM 0.5 20.0 2000 200 2 16.0 1200 120 2.0
293 CTM 0.5 48.0 2000 200 2 38.0 1200 120 2.0
294 CTM 0.5 23.0 2000 200 2 18.0 1200 120 2.0
295 CTM 0.5 35.0 2000 200 2 28.0 1200 120 2.0
296 CTM 0.5 24.0 2000 200 2 19.0 1200 120 2.0
297 CTM 0.5 19.0 2000 200 2 15.0 1200 120 2.0
298 CTM 0.5 49.0 2000 200 2 39.0 1200 120 2.0
299 CTM 0.5 54.0 2000 200 2 43.0 1200 120 2.0
300 CTM 0.5 53.0 2000 200 2 42.0 1200 120 2.0
301 CTM 0.5 51.0 2000 200 2 41.0 1200 120 2.0
302 CTM 0.5 46.0 2000 200 2 37.0 1200 120 2.0
303 CTM 0.5 28.0 2000 200 2 22.0 1200 120 2.0
304 CTM 0.5 18.0 2000 200 2 14.0 1200 120 2.0
305 CTM 0.5 31.0 2000 200 2 25.0 1200 120 2.0
306 CTM 0.5 24.0 2000 200 2 19.0 1200 120 2.0
307 CTM 0.5 20.0 2000 200 2 16.0 1200 120 2.0
308 CTM 0.5 17.0 2000 200 2 14.0 1200 120 2.0
309 CTM 0.5 44.0 2000 200 2 35.0 1200 120 2.0
310 CTM 0.5 15.0 2000 200 2 12.0 1200 120 2.0
311 CTM 0.5 46.0 2000 200 2 37.0 1200 120 2.0
312 CTM 0.5 21.0 2000 200 2 17.0 1200 120 2.0
313 CTM 0.5 18.0 2000 200 2 14.0 1200 120 2.0
314 CTM 0.5 19.0 2000 200 2 15.0 1200 120 2.0
315 CTM 0.5 42.0 2000 200 2 34.0 1200 120 2.0
316 CTM 0.5 25.0 2000 200 2 20.0 1200 120 2.0
317 CTM 0.5 32.0 2000 200 2 26.0 1200 120 2.0
318 CTM 0.5 37.0 2000 200 2 30.0 1200 120 2.0
319 CTM 0.5 49.0 2000 200 2 39.0 1200 120 2.0
320 CTM 0.5 44.0 2000 200 2 35.0 1200 120 2.0
321 CTM 0.5 26.0 2000 200 2 21.0 1200 120 2.0
322 CTM 0.5 20.0 2000 200 2 16.0 1200 120 2.0
323 CTM 0.5 17.0 2000 200 2 14.0 1200 120 2.0
324 CTM 0.5 27.0 2000 200 2 22.0 1200 120 2.0
325 CTM 0.5 25.0 2000 200 2 20.0 1200 120 2.0
326 CTM 0.5 33.0 2000 200 2 26.0 1200 120 2.0
327 CTM 0.5 42.0 2000 200 2 34.0 1200 120 2.0
328 CTM 0.5 43.0 2000 200 2 34.0 1200 120 2.0
329 CTM 0.5 26.0 2000 200 2 21.0 1200 120 2.0
330 CTM 0.5 30.0 2000 200 2 24.0 1200 120 2.0
331 CTM 0.5 22.0 2000 200 2 18.0 1200 120 2.0
332 CTM 0.5 47.0 2000 200 2 38.0 1200 120 2.0
333 CTM 0.5 17.0 2000 200 2 14.0 1200 120 2.0
334 CTM 0.5 43.0 2000 200 2 34.0 1200 120 2.0
335 CTM 0.5 46.0 2000 200 2 37.0 1200 120 2.0
336 CTM 0.5 46.0 2000 200 2 37.0 1200 120 2.0
337 CTM 0.5 25.0 2000 200 2 20.0 1200 120 2.0
338 CTM 0.5 30.0 2000 200 2 24.0 1200 120 2.0
339 CTM 0.5 39.0 2000 200 2 31.0 1200 120 2.0
340 CTM 0.5 26.0 2000 200 2 21.0 1200 120 2.0
341 CTM 0.5 30.0 2000 200 2 24.0 1200 120 2.0
342 CTM 0.5 23.0 2000 200 2 18.0 1200 120 2.0
343 CTM 0.5 33.0 2000 200 2 26.0 1200 120 2.0
344 CTM 0.5 17.0 2000 200 2 14.0 1200 120 2.0
345 CTM 0.5 47.0 2000 200 2 38.0 1200 120 2.0
346 CTM 0.5 18.0 2000 200 2 14.0 1200 120 2.0
347 CTM 0.5 36.0 2000 200 2 29.0 1200 120 2.0
348 CTM 0.5 27.0 2000 200 2 22.0 1200 120 2.0
349 CTM 0.5 38.0 2000 200 2 30.0 1200 120 2.0
350 CTM 0.5 53.0 2000 200 2 42.0 1200 120 2.0
351 CTM 0.5 41.0 2000 200 2 33.0 1200 120 2.0
352 CTM 0.5 16.0 2000 200 2 13.0 1200 120 2.0
353 CTM 0.5 32.0 2000 200 2 26.0 1200 120 2.0
354 CTM 0.5 35.0 2000 200 2 28.0 1200 120 2.0
355 CTM 0.5 36.0 2000 200 2 29.0 1200 120 2.0
356 CTM 0.5 42.0 2000 200 2 34.0 1200 120 2.0
357 CTM 0.5 26.0 2000 200 2 21.0 1200 120 2.0
358 CTM 0.5 20.0 2000 200 2 16.0 1200 120 2.0
359 CTM 0.5 31.0 2000 200 2 25.0 1200 120 2.0
360 CTM 0.5 53.0 2000 200 2 42.0 1200 120 2.0
361 PQ 1 99999 99999 99999 1 99999 99999 99999 2
362 PQ 1 99999 99999 99999 1 99999 99999 99999 2
363 PQ 1 99999 99999 99999 1 99999 99999 99999 2
364 PQ 1 99999 99999 99999 1 99999 99999 99999 2
365 PQ 1 99999 99999 99999 1 99999 99999 99999 2
366 PQ 1 99999 99999 99999 1 99999 99999 99999 2
367 PQ 1 99999 99999 99999 1 99999 99999 99999 2
368 PQ 1 99999 99999 99999 1 99999 99999 99999 2
369 PQ 1 99999 99999 99999 1 99999 99999 99999 2
370 PQ 1 99999 99999 99999 1 99999 99999 99999 2
371 PQ 1 99999 99999 99999 1 99999 99999 99999 2
372 PQ 1 99999 99999 99999 1 99999 99999 99999 2
373 PQ 1 99999 99999 99999 1 99999 99999 99999 2
374 PQ 1 99999 99999 99999 1 99999 99999 99999 2
375 PQ 1 99999 99999 99999 1 99999 99999 99999 2
376 PQ 1 99999 99999 99999 1 99999 99999 99999 2
377 PQ 1 99999 99999 99999 1 99999 99999 99999 2
378 PQ 1 99999 99999 99999 1 99999 99999 99999 2
379 PQ 1 99999 99999 99999 1 99999 99999 99999 2
380 PQ 1 99999 99999 99999 1 99999 99999 99999 2
381 PQ 1 99999 99999 99999 1 99999 99999 99999 2
382 PQ 1 99999 99999 99999 1 99999 99999 99999 2
383 PQ 1 99999 99999 99999 1 99999 99999 99999 2
384 PQ 1 99999 99999 99999 1 99999 99999 99999 2
385 PQ 1 99999 99999 99999 1 99999 99999 99999 2
386 PQ 1 99999 99999 99999 1 99999 99999 99999 2
387 PQ 1 99999 99999 99999 1 99999 99999 99999 2
388 PQ 1 99999 99999 99999 1 99999 99999 99999 2
389 PQ 1 99999 99999 99999 1 99999 99999 99999 2
390 PQ 1 99999 99999 99999 1 99999 99999 99999 2
391 PQ 1 99999 99999 99999 1 99999 99999 99999 2
392 PQ 1 99999 99999 99999 1 99999 99999 99999 2
393 PQ 1 99999 99999 99999 1 99999 99999 99999 2
394 PQ 1 99999 99999 99999 1 99999 99999 99999 2
395 PQ 1 99999 99999 99999 1 99999 99999 99999 2
396 PQ 1 99999 99999 99999 1 99999 99999 99999 2
397 PQ 1 99999 99999 99999 1 99999 99999 99999 2
398 PQ 1 99999 99999 99999 1 99999 99999 99999 2
399 PQ 1 99999 99999 99999 1 99999 99999 99999 2
400 PQ 1 99999 99999 99999 1 99999 99999 99999 2
401 PQ 1 99999 99999 99999 1 99999 99999 99999 2
402 PQ 1 99999 99999 99999 1 99999 99999 99999 2
403 PQ 1 99999 99999 99999 1 99999 99999 99999 2
404 PQ 1 99999 99999 99999 1 99999 99999 99999 2
405 PQ 1 99999 99999 99999 1 99999 99999 99999 2
406 PQ 1 99999 99999 99999 1 99999 99999 99999 2
407 PQ 1 99999 99999 99999 1 99999 99999 99999 2
408 PQ 1 99999 99999 99999 1 99999 99999 99999 2
409 PQ 1 99999 99999 99999 1 99999 99999 99999 2
410 PQ 1 99999 99999 99999 1 99999 99999 99999 2
411 PQ 1 99999 99999 99999 1 99999 99999 99999 2
412 PQ 1 99999 99999 99999 1 99999 99999 99999 2
413 PQ 1 99999 99999 99999 1 99999 99999 99999 2
414 PQ 1 99999 99999 99999 1 99999 99999 99999 2
415 PQ 1 99999 99999 99999 1 99999 99999 99999 2
416 PQ 1 99999 99999 99999 1 99999 99999 99999 2
417 PQ 1 99999 99999 99999 1 99999 99999 99999 2
418 PQ 1 99999 99999 99999 1 99999 99999 99999 2
419 PQ 1 99999 99999 99999 1 99999 99999 99999 2
420 PQ 1 99999 99999 99999 1 99999 99999 99999 2
421 PQ 1 99999 99999 99999 1 99999 99999 99999 2
422 PQ 1 99999 99999 99999 1 99999 99999 99999 2
423 PQ 1 99999 99999 99999 1 99999 99999 99999 2
424 PQ 1 99999 99999 99999 1 99999 99999 99999 2
425 PQ 1 99999 99999 99999 1 99999 99999 99999 2
426 PQ 1 99999 99999 99999 1 99999 99999 99999 2
427 PQ 1 99999 99999 99999 1 99999 99999 99999 2
428 PQ 1 99999 99999 99999 1 99999 99999 99999 2
429 PQ 1 99999 99999 99999 1 99999 99999 99999 2
430 PQ 1 99999 99999 99999 1 99999 99999 99999 2
431 PQ 1 99999 99999 99999 1 99999 99999 99999 2
432 PQ 1 99999 99999 99999 1 99999 99999 99999 2
433 PQ 1 99999 99999 99999 1 99999 99999 99999 2
434 PQ 1 99999 99999 99999 1 99999 99999 99999 2
435 PQ 1 99999 99999 99999 1 99999 99999 99999 2
436 PQ 1 99999 99999 99999 1 99999 99999 99999 2
437 PQ 1 99999 99999 99999 1 99999 99999 99999 2
438 PQ 1 99999 99999 99999 1 99999 99999 99999 2
439 PQ 1 99999 99999 99999 1 99999 99999 99999 2
440 PQ 1 99999 99999 99999 1 99999 99999 99999 2
441 PQ 1 99999 99999 99999 1 99999 99999 99999 2
442 PQ 1 99999 99999 99999 1 99999 99999 99999 2
