#Origin_ID <-> node_ID
1 101
2 104
3 108
4 109
5 110
6 111
7 113
8 115
9 116
10 119
11 120
12 122
13 124
14 126
15 130
16 131
17 133
18 135
19 137
20 138
21 142
22 144
23 145
24 149
25 151
26 152
27 153
28 154
29 156
30 157
31 159
32 161
33 162
34 164
35 167
36 168
37 170
38 171
39 174
40 176
41 181
#Dest_ID <-> node_ID
1 102
2 103
3 105
4 106
5 107
6 112
7 114
8 117
9 118
10 121
11 123
12 125
13 127
14 128
15 129
16 132
17 134
18 136
19 139
20 140
21 141
22 143
23 146
24 147
25 148
26 150
27 155
28 158
29 160
30 163
31 165
32 166
33 169
34 172
35 173
36 175
37 177
38 178
39 179
40 180
41 182
