#Origin_ID Destination_ID <car demand by interval> <truck demand by interval>
1 1 50 50 50 50 50 50 50 50 50 50 2 2 2 2 2 2 2 2 2 2
1 2 50 50 50 50 50 50 50 50 50 50 2 2 2 2 2 2 2 2 2 2
1 3 50 50 50 50 50 50 50 50 50 50 2 2 2 2 2 2 2 2 2 2
1 4 50 50 50 50 50 50 50 50 50 50 2 2 2 2 2 2 2 2 2 2
1 5 50 50 50 50 50 50 50 50 50 50 2 2 2 2 2 2 2 2 2 2
1 6 50 50 50 50 50 50 50 50 50 50 2 2 2 2 2 2 2 2 2 2
1 7 50 50 50 50 50 50 50 50 50 50 2 2 2 2 2 2 2 2 2 2
1 8 50 50 50 50 50 50 50 50 50 50 2 2 2 2 2 2 2 2 2 2
1 9 50 50 50 50 50 50 50 50 50 50 2 2 2 2 2 2 2 2 2 2
1 10 50 50 50 50 50 50 50 50 50 50 2 2 2 2 2 2 2 2 2 2
1 11 50 50 50 50 50 50 50 50 50 50 2 2 2 2 2 2 2 2 2 2
1 12 50 50 50 50 50 50 50 50 50 50 2 2 2 2 2 2 2 2 2 2
1 13 50 50 50 50 50 50 50 50 50 50 2 2 2 2 2 2 2 2 2 2
1 14 50 50 50 50 50 50 50 50 50 50 2 2 2 2 2 2 2 2 2 2
1 15 50 50 50 50 50 50 50 50 50 50 2 2 2 2 2 2 2 2 2 2
1 16 50 50 50 50 50 50 50 50 50 50 2 2 2 2 2 2 2 2 2 2
1 17 50 50 50 50 50 50 50 50 50 50 2 2 2 2 2 2 2 2 2 2
1 18 50 50 50 50 50 50 50 50 50 50 2 2 2 2 2 2 2 2 2 2
1 19 50 50 50 50 50 50 50 50 50 50 2 2 2 2 2 2 2 2 2 2
1 20 50 50 50 50 50 50 50 50 50 50 2 2 2 2 2 2 2 2 2 2
1 21 50 50 50 50 50 50 50 50 50 50 2 2 2 2 2 2 2 2 2 2
1 22 50 50 50 50 50 50 50 50 50 50 2 2 2 2 2 2 2 2 2 2
1 23 50 50 50 50 50 50 50 50 50 50 2 2 2 2 2 2 2 2 2 2
1 24 50 50 50 50 50 50 50 50 50 50 2 2 2 2 2 2 2 2 2 2
1 25 50 50 50 50 50 50 50 50 50 50 2 2 2 2 2 2 2 2 2 2
1 26 50 50 50 50 50 50 50 50 50 50 2 2 2 2 2 2 2 2 2 2
1 27 50 50 50 50 50 50 50 50 50 50 2 2 2 2 2 2 2 2 2 2
1 28 50 50 50 50 50 50 50 50 50 50 2 2 2 2 2 2 2 2 2 2
1 29 50 50 50 50 50 50 50 50 50 50 2 2 2 2 2 2 2 2 2 2
1 30 50 50 50 50 50 50 50 50 50 50 2 2 2 2 2 2 2 2 2 2
1 31 50 50 50 50 50 50 50 50 50 50 2 2 2 2 2 2 2 2 2 2
1 32 50 50 50 50 50 50 50 50 50 50 2 2 2 2 2 2 2 2 2 2
1 33 50 50 50 50 50 50 50 50 50 50 2 2 2 2 2 2 2 2 2 2
1 34 50 50 50 50 50 50 50 50 50 50 2 2 2 2 2 2 2 2 2 2
1 35 50 50 50 50 50 50 50 50 50 50 2 2 2 2 2 2 2 2 2 2
1 36 50 50 50 50 50 50 50 50 50 50 2 2 2 2 2 2 2 2 2 2
1 37 50 50 50 50 50 50 50 50 50 50 2 2 2 2 2 2 2 2 2 2
1 38 50 50 50 50 50 50 50 50 50 50 2 2 2 2 2 2 2 2 2 2
1 39 50 50 50 50 50 50 50 50 50 50 2 2 2 2 2 2 2 2 2 2
1 40 50 50 50 50 50 50 50 50 50 50 2 2 2 2 2 2 2 2 2 2
1 41 50 50 50 50 50 50 50 50 50 50 2 2 2 2 2 2 2 2 2 2
2 1 50 50 50 50 50 50 50 50 50 50 2 2 2 2 2 2 2 2 2 2
2 2 50 50 50 50 50 50 50 50 50 50 2 2 2 2 2 2 2 2 2 2
2 4 50 50 50 50 50 50 50 50 50 50 2 2 2 2 2 2 2 2 2 2
2 5 50 50 50 50 50 50 50 50 50 50 2 2 2 2 2 2 2 2 2 2
2 6 50 50 50 50 50 50 50 50 50 50 2 2 2 2 2 2 2 2 2 2
2 7 50 50 50 50 50 50 50 50 50 50 2 2 2 2 2 2 2 2 2 2
2 8 50 50 50 50 50 50 50 50 50 50 2 2 2 2 2 2 2 2 2 2
2 9 50 50 50 50 50 50 50 50 50 50 2 2 2 2 2 2 2 2 2 2
2 10 50 50 50 50 50 50 50 50 50 50 2 2 2 2 2 2 2 2 2 2
2 11 50 50 50 50 50 50 50 50 50 50 2 2 2 2 2 2 2 2 2 2
2 12 50 50 50 50 50 50 50 50 50 50 2 2 2 2 2 2 2 2 2 2
2 13 50 50 50 50 50 50 50 50 50 50 2 2 2 2 2 2 2 2 2 2
2 14 50 50 50 50 50 50 50 50 50 50 2 2 2 2 2 2 2 2 2 2
2 15 50 50 50 50 50 50 50 50 50 50 2 2 2 2 2 2 2 2 2 2
2 16 50 50 50 50 50 50 50 50 50 50 2 2 2 2 2 2 2 2 2 2
2 17 50 50 50 50 50 50 50 50 50 50 2 2 2 2 2 2 2 2 2 2
2 18 50 50 50 50 50 50 50 50 50 50 2 2 2 2 2 2 2 2 2 2
2 19 50 50 50 50 50 50 50 50 50 50 2 2 2 2 2 2 2 2 2 2
2 20 50 50 50 50 50 50 50 50 50 50 2 2 2 2 2 2 2 2 2 2
2 21 50 50 50 50 50 50 50 50 50 50 2 2 2 2 2 2 2 2 2 2
2 22 50 50 50 50 50 50 50 50 50 50 2 2 2 2 2 2 2 2 2 2
2 23 50 50 50 50 50 50 50 50 50 50 2 2 2 2 2 2 2 2 2 2
2 24 50 50 50 50 50 50 50 50 50 50 2 2 2 2 2 2 2 2 2 2
2 25 50 50 50 50 50 50 50 50 50 50 2 2 2 2 2 2 2 2 2 2
2 26 50 50 50 50 50 50 50 50 50 50 2 2 2 2 2 2 2 2 2 2
2 27 50 50 50 50 50 50 50 50 50 50 2 2 2 2 2 2 2 2 2 2
2 28 50 50 50 50 50 50 50 50 50 50 2 2 2 2 2 2 2 2 2 2
2 29 50 50 50 50 50 50 50 50 50 50 2 2 2 2 2 2 2 2 2 2
2 30 50 50 50 50 50 50 50 50 50 50 2 2 2 2 2 2 2 2 2 2
2 31 50 50 50 50 50 50 50 50 50 50 2 2 2 2 2 2 2 2 2 2
2 32 50 50 50 50 50 50 50 50 50 50 2 2 2 2 2 2 2 2 2 2
2 33 50 50 50 50 50 50 50 50 50 50 2 2 2 2 2 2 2 2 2 2
2 34 50 50 50 50 50 50 50 50 50 50 2 2 2 2 2 2 2 2 2 2
2 35 50 50 50 50 50 50 50 50 50 50 2 2 2 2 2 2 2 2 2 2
2 36 50 50 50 50 50 50 50 50 50 50 2 2 2 2 2 2 2 2 2 2
2 37 50 50 50 50 50 50 50 50 50 50 2 2 2 2 2 2 2 2 2 2
2 38 50 50 50 50 50 50 50 50 50 50 2 2 2 2 2 2 2 2 2 2
2 39 50 50 50 50 50 50 50 50 50 50 2 2 2 2 2 2 2 2 2 2
2 40 50 50 50 50 50 50 50 50 50 50 2 2 2 2 2 2 2 2 2 2
2 41 50 50 50 50 50 50 50 50 50 50 2 2 2 2 2 2 2 2 2 2
3 1 50 50 50 50 50 50 50 50 50 50 2 2 2 2 2 2 2 2 2 2
3 2 50 50 50 50 50 50 50 50 50 50 2 2 2 2 2 2 2 2 2 2
3 3 50 50 50 50 50 50 50 50 50 50 2 2 2 2 2 2 2 2 2 2
3 4 50 50 50 50 50 50 50 50 50 50 2 2 2 2 2 2 2 2 2 2
3 5 50 50 50 50 50 50 50 50 50 50 2 2 2 2 2 2 2 2 2 2
3 6 50 50 50 50 50 50 50 50 50 50 2 2 2 2 2 2 2 2 2 2
3 7 50 50 50 50 50 50 50 50 50 50 2 2 2 2 2 2 2 2 2 2
3 8 50 50 50 50 50 50 50 50 50 50 2 2 2 2 2 2 2 2 2 2
3 9 50 50 50 50 50 50 50 50 50 50 2 2 2 2 2 2 2 2 2 2
3 10 50 50 50 50 50 50 50 50 50 50 2 2 2 2 2 2 2 2 2 2
3 11 50 50 50 50 50 50 50 50 50 50 2 2 2 2 2 2 2 2 2 2
3 12 50 50 50 50 50 50 50 50 50 50 2 2 2 2 2 2 2 2 2 2
3 13 50 50 50 50 50 50 50 50 50 50 2 2 2 2 2 2 2 2 2 2
3 14 50 50 50 50 50 50 50 50 50 50 2 2 2 2 2 2 2 2 2 2
3 15 50 50 50 50 50 50 50 50 50 50 2 2 2 2 2 2 2 2 2 2
3 16 50 50 50 50 50 50 50 50 50 50 2 2 2 2 2 2 2 2 2 2
3 17 50 50 50 50 50 50 50 50 50 50 2 2 2 2 2 2 2 2 2 2
3 18 50 50 50 50 50 50 50 50 50 50 2 2 2 2 2 2 2 2 2 2
3 19 50 50 50 50 50 50 50 50 50 50 2 2 2 2 2 2 2 2 2 2
3 20 50 50 50 50 50 50 50 50 50 50 2 2 2 2 2 2 2 2 2 2
3 21 50 50 50 50 50 50 50 50 50 50 2 2 2 2 2 2 2 2 2 2
3 22 50 50 50 50 50 50 50 50 50 50 2 2 2 2 2 2 2 2 2 2
3 23 50 50 50 50 50 50 50 50 50 50 2 2 2 2 2 2 2 2 2 2
3 24 50 50 50 50 50 50 50 50 50 50 2 2 2 2 2 2 2 2 2 2
3 25 50 50 50 50 50 50 50 50 50 50 2 2 2 2 2 2 2 2 2 2
3 26 50 50 50 50 50 50 50 50 50 50 2 2 2 2 2 2 2 2 2 2
3 27 50 50 50 50 50 50 50 50 50 50 2 2 2 2 2 2 2 2 2 2
3 28 50 50 50 50 50 50 50 50 50 50 2 2 2 2 2 2 2 2 2 2
3 29 50 50 50 50 50 50 50 50 50 50 2 2 2 2 2 2 2 2 2 2
3 30 50 50 50 50 50 50 50 50 50 50 2 2 2 2 2 2 2 2 2 2
3 31 50 50 50 50 50 50 50 50 50 50 2 2 2 2 2 2 2 2 2 2
3 32 50 50 50 50 50 50 50 50 50 50 2 2 2 2 2 2 2 2 2 2
3 33 50 50 50 50 50 50 50 50 50 50 2 2 2 2 2 2 2 2 2 2
3 34 50 50 50 50 50 50 50 50 50 50 2 2 2 2 2 2 2 2 2 2
3 35 50 50 50 50 50 50 50 50 50 50 2 2 2 2 2 2 2 2 2 2
3 36 50 50 50 50 50 50 50 50 50 50 2 2 2 2 2 2 2 2 2 2
3 37 50 50 50 50 50 50 50 50 50 50 2 2 2 2 2 2 2 2 2 2
3 38 50 50 50 50 50 50 50 50 50 50 2 2 2 2 2 2 2 2 2 2
3 39 50 50 50 50 50 50 50 50 50 50 2 2 2 2 2 2 2 2 2 2
3 40 50 50 50 50 50 50 50 50 50 50 2 2 2 2 2 2 2 2 2 2
3 41 50 50 50 50 50 50 50 50 50 50 2 2 2 2 2 2 2 2 2 2
4 1 50 50 50 50 50 50 50 50 50 50 2 2 2 2 2 2 2 2 2 2
4 2 50 50 50 50 50 50 50 50 50 50 2 2 2 2 2 2 2 2 2 2
4 3 50 50 50 50 50 50 50 50 50 50 2 2 2 2 2 2 2 2 2 2
4 4 50 50 50 50 50 50 50 50 50 50 2 2 2 2 2 2 2 2 2 2
4 5 50 50 50 50 50 50 50 50 50 50 2 2 2 2 2 2 2 2 2 2
4 6 50 50 50 50 50 50 50 50 50 50 2 2 2 2 2 2 2 2 2 2
4 7 50 50 50 50 50 50 50 50 50 50 2 2 2 2 2 2 2 2 2 2
4 8 50 50 50 50 50 50 50 50 50 50 2 2 2 2 2 2 2 2 2 2
4 9 50 50 50 50 50 50 50 50 50 50 2 2 2 2 2 2 2 2 2 2
4 10 50 50 50 50 50 50 50 50 50 50 2 2 2 2 2 2 2 2 2 2
4 11 50 50 50 50 50 50 50 50 50 50 2 2 2 2 2 2 2 2 2 2
4 12 50 50 50 50 50 50 50 50 50 50 2 2 2 2 2 2 2 2 2 2
4 13 50 50 50 50 50 50 50 50 50 50 2 2 2 2 2 2 2 2 2 2
4 14 50 50 50 50 50 50 50 50 50 50 2 2 2 2 2 2 2 2 2 2
4 15 50 50 50 50 50 50 50 50 50 50 2 2 2 2 2 2 2 2 2 2
4 16 50 50 50 50 50 50 50 50 50 50 2 2 2 2 2 2 2 2 2 2
4 17 50 50 50 50 50 50 50 50 50 50 2 2 2 2 2 2 2 2 2 2
4 18 50 50 50 50 50 50 50 50 50 50 2 2 2 2 2 2 2 2 2 2
4 19 50 50 50 50 50 50 50 50 50 50 2 2 2 2 2 2 2 2 2 2
4 20 50 50 50 50 50 50 50 50 50 50 2 2 2 2 2 2 2 2 2 2
4 21 50 50 50 50 50 50 50 50 50 50 2 2 2 2 2 2 2 2 2 2
4 22 50 50 50 50 50 50 50 50 50 50 2 2 2 2 2 2 2 2 2 2
4 23 50 50 50 50 50 50 50 50 50 50 2 2 2 2 2 2 2 2 2 2
4 24 50 50 50 50 50 50 50 50 50 50 2 2 2 2 2 2 2 2 2 2
4 25 50 50 50 50 50 50 50 50 50 50 2 2 2 2 2 2 2 2 2 2
4 26 50 50 50 50 50 50 50 50 50 50 2 2 2 2 2 2 2 2 2 2
4 27 50 50 50 50 50 50 50 50 50 50 2 2 2 2 2 2 2 2 2 2
4 28 50 50 50 50 50 50 50 50 50 50 2 2 2 2 2 2 2 2 2 2
4 29 50 50 50 50 50 50 50 50 50 50 2 2 2 2 2 2 2 2 2 2
4 30 50 50 50 50 50 50 50 50 50 50 2 2 2 2 2 2 2 2 2 2
4 31 50 50 50 50 50 50 50 50 50 50 2 2 2 2 2 2 2 2 2 2
4 32 50 50 50 50 50 50 50 50 50 50 2 2 2 2 2 2 2 2 2 2
4 33 50 50 50 50 50 50 50 50 50 50 2 2 2 2 2 2 2 2 2 2
4 34 50 50 50 50 50 50 50 50 50 50 2 2 2 2 2 2 2 2 2 2
4 35 50 50 50 50 50 50 50 50 50 50 2 2 2 2 2 2 2 2 2 2
4 36 50 50 50 50 50 50 50 50 50 50 2 2 2 2 2 2 2 2 2 2
4 37 50 50 50 50 50 50 50 50 50 50 2 2 2 2 2 2 2 2 2 2
4 38 50 50 50 50 50 50 50 50 50 50 2 2 2 2 2 2 2 2 2 2
4 39 50 50 50 50 50 50 50 50 50 50 2 2 2 2 2 2 2 2 2 2
4 40 50 50 50 50 50 50 50 50 50 50 2 2 2 2 2 2 2 2 2 2
4 41 50 50 50 50 50 50 50 50 50 50 2 2 2 2 2 2 2 2 2 2
5 1 50 50 50 50 50 50 50 50 50 50 2 2 2 2 2 2 2 2 2 2
5 2 50 50 50 50 50 50 50 50 50 50 2 2 2 2 2 2 2 2 2 2
5 3 50 50 50 50 50 50 50 50 50 50 2 2 2 2 2 2 2 2 2 2
5 4 50 50 50 50 50 50 50 50 50 50 2 2 2 2 2 2 2 2 2 2
5 5 50 50 50 50 50 50 50 50 50 50 2 2 2 2 2 2 2 2 2 2
5 6 50 50 50 50 50 50 50 50 50 50 2 2 2 2 2 2 2 2 2 2
5 7 50 50 50 50 50 50 50 50 50 50 2 2 2 2 2 2 2 2 2 2
5 8 50 50 50 50 50 50 50 50 50 50 2 2 2 2 2 2 2 2 2 2
5 9 50 50 50 50 50 50 50 50 50 50 2 2 2 2 2 2 2 2 2 2
5 10 50 50 50 50 50 50 50 50 50 50 2 2 2 2 2 2 2 2 2 2
5 11 50 50 50 50 50 50 50 50 50 50 2 2 2 2 2 2 2 2 2 2
5 12 50 50 50 50 50 50 50 50 50 50 2 2 2 2 2 2 2 2 2 2
5 13 50 50 50 50 50 50 50 50 50 50 2 2 2 2 2 2 2 2 2 2
5 14 50 50 50 50 50 50 50 50 50 50 2 2 2 2 2 2 2 2 2 2
5 15 50 50 50 50 50 50 50 50 50 50 2 2 2 2 2 2 2 2 2 2
5 16 50 50 50 50 50 50 50 50 50 50 2 2 2 2 2 2 2 2 2 2
5 17 50 50 50 50 50 50 50 50 50 50 2 2 2 2 2 2 2 2 2 2
5 18 50 50 50 50 50 50 50 50 50 50 2 2 2 2 2 2 2 2 2 2
5 19 50 50 50 50 50 50 50 50 50 50 2 2 2 2 2 2 2 2 2 2
5 20 50 50 50 50 50 50 50 50 50 50 2 2 2 2 2 2 2 2 2 2
5 21 50 50 50 50 50 50 50 50 50 50 2 2 2 2 2 2 2 2 2 2
5 22 50 50 50 50 50 50 50 50 50 50 2 2 2 2 2 2 2 2 2 2
5 23 50 50 50 50 50 50 50 50 50 50 2 2 2 2 2 2 2 2 2 2
5 24 50 50 50 50 50 50 50 50 50 50 2 2 2 2 2 2 2 2 2 2
5 25 50 50 50 50 50 50 50 50 50 50 2 2 2 2 2 2 2 2 2 2
5 26 50 50 50 50 50 50 50 50 50 50 2 2 2 2 2 2 2 2 2 2
5 27 50 50 50 50 50 50 50 50 50 50 2 2 2 2 2 2 2 2 2 2
5 28 50 50 50 50 50 50 50 50 50 50 2 2 2 2 2 2 2 2 2 2
5 29 50 50 50 50 50 50 50 50 50 50 2 2 2 2 2 2 2 2 2 2
5 30 50 50 50 50 50 50 50 50 50 50 2 2 2 2 2 2 2 2 2 2
5 31 50 50 50 50 50 50 50 50 50 50 2 2 2 2 2 2 2 2 2 2
5 32 50 50 50 50 50 50 50 50 50 50 2 2 2 2 2 2 2 2 2 2
5 33 50 50 50 50 50 50 50 50 50 50 2 2 2 2 2 2 2 2 2 2
5 34 50 50 50 50 50 50 50 50 50 50 2 2 2 2 2 2 2 2 2 2
5 35 50 50 50 50 50 50 50 50 50 50 2 2 2 2 2 2 2 2 2 2
5 36 50 50 50 50 50 50 50 50 50 50 2 2 2 2 2 2 2 2 2 2
5 37 50 50 50 50 50 50 50 50 50 50 2 2 2 2 2 2 2 2 2 2
5 38 50 50 50 50 50 50 50 50 50 50 2 2 2 2 2 2 2 2 2 2
5 39 50 50 50 50 50 50 50 50 50 50 2 2 2 2 2 2 2 2 2 2
5 40 50 50 50 50 50 50 50 50 50 50 2 2 2 2 2 2 2 2 2 2
5 41 50 50 50 50 50 50 50 50 50 50 2 2 2 2 2 2 2 2 2 2
6 1 50 50 50 50 50 50 50 50 50 50 2 2 2 2 2 2 2 2 2 2
6 2 50 50 50 50 50 50 50 50 50 50 2 2 2 2 2 2 2 2 2 2
6 3 50 50 50 50 50 50 50 50 50 50 2 2 2 2 2 2 2 2 2 2
6 4 50 50 50 50 50 50 50 50 50 50 2 2 2 2 2 2 2 2 2 2
6 5 50 50 50 50 50 50 50 50 50 50 2 2 2 2 2 2 2 2 2 2
6 7 50 50 50 50 50 50 50 50 50 50 2 2 2 2 2 2 2 2 2 2
6 8 50 50 50 50 50 50 50 50 50 50 2 2 2 2 2 2 2 2 2 2
6 9 50 50 50 50 50 50 50 50 50 50 2 2 2 2 2 2 2 2 2 2
6 10 50 50 50 50 50 50 50 50 50 50 2 2 2 2 2 2 2 2 2 2
6 11 50 50 50 50 50 50 50 50 50 50 2 2 2 2 2 2 2 2 2 2
6 12 50 50 50 50 50 50 50 50 50 50 2 2 2 2 2 2 2 2 2 2
6 13 50 50 50 50 50 50 50 50 50 50 2 2 2 2 2 2 2 2 2 2
6 14 50 50 50 50 50 50 50 50 50 50 2 2 2 2 2 2 2 2 2 2
6 15 50 50 50 50 50 50 50 50 50 50 2 2 2 2 2 2 2 2 2 2
6 16 50 50 50 50 50 50 50 50 50 50 2 2 2 2 2 2 2 2 2 2
6 17 50 50 50 50 50 50 50 50 50 50 2 2 2 2 2 2 2 2 2 2
6 18 50 50 50 50 50 50 50 50 50 50 2 2 2 2 2 2 2 2 2 2
6 19 50 50 50 50 50 50 50 50 50 50 2 2 2 2 2 2 2 2 2 2
6 20 50 50 50 50 50 50 50 50 50 50 2 2 2 2 2 2 2 2 2 2
6 21 50 50 50 50 50 50 50 50 50 50 2 2 2 2 2 2 2 2 2 2
6 22 50 50 50 50 50 50 50 50 50 50 2 2 2 2 2 2 2 2 2 2
6 23 50 50 50 50 50 50 50 50 50 50 2 2 2 2 2 2 2 2 2 2
6 24 50 50 50 50 50 50 50 50 50 50 2 2 2 2 2 2 2 2 2 2
6 25 50 50 50 50 50 50 50 50 50 50 2 2 2 2 2 2 2 2 2 2
6 26 50 50 50 50 50 50 50 50 50 50 2 2 2 2 2 2 2 2 2 2
6 27 50 50 50 50 50 50 50 50 50 50 2 2 2 2 2 2 2 2 2 2
6 28 50 50 50 50 50 50 50 50 50 50 2 2 2 2 2 2 2 2 2 2
6 29 50 50 50 50 50 50 50 50 50 50 2 2 2 2 2 2 2 2 2 2
6 30 50 50 50 50 50 50 50 50 50 50 2 2 2 2 2 2 2 2 2 2
6 31 50 50 50 50 50 50 50 50 50 50 2 2 2 2 2 2 2 2 2 2
6 32 50 50 50 50 50 50 50 50 50 50 2 2 2 2 2 2 2 2 2 2
6 33 50 50 50 50 50 50 50 50 50 50 2 2 2 2 2 2 2 2 2 2
6 34 50 50 50 50 50 50 50 50 50 50 2 2 2 2 2 2 2 2 2 2
6 35 50 50 50 50 50 50 50 50 50 50 2 2 2 2 2 2 2 2 2 2
6 36 50 50 50 50 50 50 50 50 50 50 2 2 2 2 2 2 2 2 2 2
6 37 50 50 50 50 50 50 50 50 50 50 2 2 2 2 2 2 2 2 2 2
6 38 50 50 50 50 50 50 50 50 50 50 2 2 2 2 2 2 2 2 2 2
6 39 50 50 50 50 50 50 50 50 50 50 2 2 2 2 2 2 2 2 2 2
6 40 50 50 50 50 50 50 50 50 50 50 2 2 2 2 2 2 2 2 2 2
6 41 50 50 50 50 50 50 50 50 50 50 2 2 2 2 2 2 2 2 2 2
7 1 50 50 50 50 50 50 50 50 50 50 2 2 2 2 2 2 2 2 2 2
7 2 50 50 50 50 50 50 50 50 50 50 2 2 2 2 2 2 2 2 2 2
7 3 50 50 50 50 50 50 50 50 50 50 2 2 2 2 2 2 2 2 2 2
7 4 50 50 50 50 50 50 50 50 50 50 2 2 2 2 2 2 2 2 2 2
7 5 50 50 50 50 50 50 50 50 50 50 2 2 2 2 2 2 2 2 2 2
7 6 50 50 50 50 50 50 50 50 50 50 2 2 2 2 2 2 2 2 2 2
7 8 50 50 50 50 50 50 50 50 50 50 2 2 2 2 2 2 2 2 2 2
7 9 50 50 50 50 50 50 50 50 50 50 2 2 2 2 2 2 2 2 2 2
7 10 50 50 50 50 50 50 50 50 50 50 2 2 2 2 2 2 2 2 2 2
7 11 50 50 50 50 50 50 50 50 50 50 2 2 2 2 2 2 2 2 2 2
7 12 50 50 50 50 50 50 50 50 50 50 2 2 2 2 2 2 2 2 2 2
7 13 50 50 50 50 50 50 50 50 50 50 2 2 2 2 2 2 2 2 2 2
7 14 50 50 50 50 50 50 50 50 50 50 2 2 2 2 2 2 2 2 2 2
7 15 50 50 50 50 50 50 50 50 50 50 2 2 2 2 2 2 2 2 2 2
7 16 50 50 50 50 50 50 50 50 50 50 2 2 2 2 2 2 2 2 2 2
7 17 50 50 50 50 50 50 50 50 50 50 2 2 2 2 2 2 2 2 2 2
7 18 50 50 50 50 50 50 50 50 50 50 2 2 2 2 2 2 2 2 2 2
7 19 50 50 50 50 50 50 50 50 50 50 2 2 2 2 2 2 2 2 2 2
7 20 50 50 50 50 50 50 50 50 50 50 2 2 2 2 2 2 2 2 2 2
7 21 50 50 50 50 50 50 50 50 50 50 2 2 2 2 2 2 2 2 2 2
7 22 50 50 50 50 50 50 50 50 50 50 2 2 2 2 2 2 2 2 2 2
7 23 50 50 50 50 50 50 50 50 50 50 2 2 2 2 2 2 2 2 2 2
7 24 50 50 50 50 50 50 50 50 50 50 2 2 2 2 2 2 2 2 2 2
7 25 50 50 50 50 50 50 50 50 50 50 2 2 2 2 2 2 2 2 2 2
7 26 50 50 50 50 50 50 50 50 50 50 2 2 2 2 2 2 2 2 2 2
7 27 50 50 50 50 50 50 50 50 50 50 2 2 2 2 2 2 2 2 2 2
7 28 50 50 50 50 50 50 50 50 50 50 2 2 2 2 2 2 2 2 2 2
7 29 50 50 50 50 50 50 50 50 50 50 2 2 2 2 2 2 2 2 2 2
7 30 50 50 50 50 50 50 50 50 50 50 2 2 2 2 2 2 2 2 2 2
7 31 50 50 50 50 50 50 50 50 50 50 2 2 2 2 2 2 2 2 2 2
7 32 50 50 50 50 50 50 50 50 50 50 2 2 2 2 2 2 2 2 2 2
7 33 50 50 50 50 50 50 50 50 50 50 2 2 2 2 2 2 2 2 2 2
7 34 50 50 50 50 50 50 50 50 50 50 2 2 2 2 2 2 2 2 2 2
7 35 50 50 50 50 50 50 50 50 50 50 2 2 2 2 2 2 2 2 2 2
7 36 50 50 50 50 50 50 50 50 50 50 2 2 2 2 2 2 2 2 2 2
7 37 50 50 50 50 50 50 50 50 50 50 2 2 2 2 2 2 2 2 2 2
7 38 50 50 50 50 50 50 50 50 50 50 2 2 2 2 2 2 2 2 2 2
7 39 50 50 50 50 50 50 50 50 50 50 2 2 2 2 2 2 2 2 2 2
7 40 50 50 50 50 50 50 50 50 50 50 2 2 2 2 2 2 2 2 2 2
7 41 50 50 50 50 50 50 50 50 50 50 2 2 2 2 2 2 2 2 2 2
8 1 50 50 50 50 50 50 50 50 50 50 2 2 2 2 2 2 2 2 2 2
8 2 50 50 50 50 50 50 50 50 50 50 2 2 2 2 2 2 2 2 2 2
8 3 50 50 50 50 50 50 50 50 50 50 2 2 2 2 2 2 2 2 2 2
8 4 50 50 50 50 50 50 50 50 50 50 2 2 2 2 2 2 2 2 2 2
8 5 50 50 50 50 50 50 50 50 50 50 2 2 2 2 2 2 2 2 2 2
8 6 50 50 50 50 50 50 50 50 50 50 2 2 2 2 2 2 2 2 2 2
8 7 50 50 50 50 50 50 50 50 50 50 2 2 2 2 2 2 2 2 2 2
8 8 50 50 50 50 50 50 50 50 50 50 2 2 2 2 2 2 2 2 2 2
8 9 50 50 50 50 50 50 50 50 50 50 2 2 2 2 2 2 2 2 2 2
8 10 50 50 50 50 50 50 50 50 50 50 2 2 2 2 2 2 2 2 2 2
8 11 50 50 50 50 50 50 50 50 50 50 2 2 2 2 2 2 2 2 2 2
8 12 50 50 50 50 50 50 50 50 50 50 2 2 2 2 2 2 2 2 2 2
8 13 50 50 50 50 50 50 50 50 50 50 2 2 2 2 2 2 2 2 2 2
8 14 50 50 50 50 50 50 50 50 50 50 2 2 2 2 2 2 2 2 2 2
8 15 50 50 50 50 50 50 50 50 50 50 2 2 2 2 2 2 2 2 2 2
8 16 50 50 50 50 50 50 50 50 50 50 2 2 2 2 2 2 2 2 2 2
8 17 50 50 50 50 50 50 50 50 50 50 2 2 2 2 2 2 2 2 2 2
8 18 50 50 50 50 50 50 50 50 50 50 2 2 2 2 2 2 2 2 2 2
8 19 50 50 50 50 50 50 50 50 50 50 2 2 2 2 2 2 2 2 2 2
8 20 50 50 50 50 50 50 50 50 50 50 2 2 2 2 2 2 2 2 2 2
8 21 50 50 50 50 50 50 50 50 50 50 2 2 2 2 2 2 2 2 2 2
8 22 50 50 50 50 50 50 50 50 50 50 2 2 2 2 2 2 2 2 2 2
8 23 50 50 50 50 50 50 50 50 50 50 2 2 2 2 2 2 2 2 2 2
8 24 50 50 50 50 50 50 50 50 50 50 2 2 2 2 2 2 2 2 2 2
8 25 50 50 50 50 50 50 50 50 50 50 2 2 2 2 2 2 2 2 2 2
8 26 50 50 50 50 50 50 50 50 50 50 2 2 2 2 2 2 2 2 2 2
8 27 50 50 50 50 50 50 50 50 50 50 2 2 2 2 2 2 2 2 2 2
8 28 50 50 50 50 50 50 50 50 50 50 2 2 2 2 2 2 2 2 2 2
8 29 50 50 50 50 50 50 50 50 50 50 2 2 2 2 2 2 2 2 2 2
8 30 50 50 50 50 50 50 50 50 50 50 2 2 2 2 2 2 2 2 2 2
8 31 50 50 50 50 50 50 50 50 50 50 2 2 2 2 2 2 2 2 2 2
8 32 50 50 50 50 50 50 50 50 50 50 2 2 2 2 2 2 2 2 2 2
8 33 50 50 50 50 50 50 50 50 50 50 2 2 2 2 2 2 2 2 2 2
8 34 50 50 50 50 50 50 50 50 50 50 2 2 2 2 2 2 2 2 2 2
8 35 50 50 50 50 50 50 50 50 50 50 2 2 2 2 2 2 2 2 2 2
8 36 50 50 50 50 50 50 50 50 50 50 2 2 2 2 2 2 2 2 2 2
8 37 50 50 50 50 50 50 50 50 50 50 2 2 2 2 2 2 2 2 2 2
8 38 50 50 50 50 50 50 50 50 50 50 2 2 2 2 2 2 2 2 2 2
8 39 50 50 50 50 50 50 50 50 50 50 2 2 2 2 2 2 2 2 2 2
8 40 50 50 50 50 50 50 50 50 50 50 2 2 2 2 2 2 2 2 2 2
8 41 50 50 50 50 50 50 50 50 50 50 2 2 2 2 2 2 2 2 2 2
9 1 50 50 50 50 50 50 50 50 50 50 2 2 2 2 2 2 2 2 2 2
9 2 50 50 50 50 50 50 50 50 50 50 2 2 2 2 2 2 2 2 2 2
9 3 50 50 50 50 50 50 50 50 50 50 2 2 2 2 2 2 2 2 2 2
9 4 50 50 50 50 50 50 50 50 50 50 2 2 2 2 2 2 2 2 2 2
9 5 50 50 50 50 50 50 50 50 50 50 2 2 2 2 2 2 2 2 2 2
9 6 50 50 50 50 50 50 50 50 50 50 2 2 2 2 2 2 2 2 2 2
9 7 50 50 50 50 50 50 50 50 50 50 2 2 2 2 2 2 2 2 2 2
9 9 50 50 50 50 50 50 50 50 50 50 2 2 2 2 2 2 2 2 2 2
9 10 50 50 50 50 50 50 50 50 50 50 2 2 2 2 2 2 2 2 2 2
9 11 50 50 50 50 50 50 50 50 50 50 2 2 2 2 2 2 2 2 2 2
9 12 50 50 50 50 50 50 50 50 50 50 2 2 2 2 2 2 2 2 2 2
9 13 50 50 50 50 50 50 50 50 50 50 2 2 2 2 2 2 2 2 2 2
9 14 50 50 50 50 50 50 50 50 50 50 2 2 2 2 2 2 2 2 2 2
9 15 50 50 50 50 50 50 50 50 50 50 2 2 2 2 2 2 2 2 2 2
9 16 50 50 50 50 50 50 50 50 50 50 2 2 2 2 2 2 2 2 2 2
9 17 50 50 50 50 50 50 50 50 50 50 2 2 2 2 2 2 2 2 2 2
9 18 50 50 50 50 50 50 50 50 50 50 2 2 2 2 2 2 2 2 2 2
9 19 50 50 50 50 50 50 50 50 50 50 2 2 2 2 2 2 2 2 2 2
9 20 50 50 50 50 50 50 50 50 50 50 2 2 2 2 2 2 2 2 2 2
9 21 50 50 50 50 50 50 50 50 50 50 2 2 2 2 2 2 2 2 2 2
9 22 50 50 50 50 50 50 50 50 50 50 2 2 2 2 2 2 2 2 2 2
9 23 50 50 50 50 50 50 50 50 50 50 2 2 2 2 2 2 2 2 2 2
9 24 50 50 50 50 50 50 50 50 50 50 2 2 2 2 2 2 2 2 2 2
9 25 50 50 50 50 50 50 50 50 50 50 2 2 2 2 2 2 2 2 2 2
9 26 50 50 50 50 50 50 50 50 50 50 2 2 2 2 2 2 2 2 2 2
9 27 50 50 50 50 50 50 50 50 50 50 2 2 2 2 2 2 2 2 2 2
9 28 50 50 50 50 50 50 50 50 50 50 2 2 2 2 2 2 2 2 2 2
9 29 50 50 50 50 50 50 50 50 50 50 2 2 2 2 2 2 2 2 2 2
9 30 50 50 50 50 50 50 50 50 50 50 2 2 2 2 2 2 2 2 2 2
9 31 50 50 50 50 50 50 50 50 50 50 2 2 2 2 2 2 2 2 2 2
9 32 50 50 50 50 50 50 50 50 50 50 2 2 2 2 2 2 2 2 2 2
9 33 50 50 50 50 50 50 50 50 50 50 2 2 2 2 2 2 2 2 2 2
9 34 50 50 50 50 50 50 50 50 50 50 2 2 2 2 2 2 2 2 2 2
9 35 50 50 50 50 50 50 50 50 50 50 2 2 2 2 2 2 2 2 2 2
9 36 50 50 50 50 50 50 50 50 50 50 2 2 2 2 2 2 2 2 2 2
9 37 50 50 50 50 50 50 50 50 50 50 2 2 2 2 2 2 2 2 2 2
9 38 50 50 50 50 50 50 50 50 50 50 2 2 2 2 2 2 2 2 2 2
9 39 50 50 50 50 50 50 50 50 50 50 2 2 2 2 2 2 2 2 2 2
9 40 50 50 50 50 50 50 50 50 50 50 2 2 2 2 2 2 2 2 2 2
9 41 50 50 50 50 50 50 50 50 50 50 2 2 2 2 2 2 2 2 2 2
10 1 50 50 50 50 50 50 50 50 50 50 2 2 2 2 2 2 2 2 2 2
10 2 50 50 50 50 50 50 50 50 50 50 2 2 2 2 2 2 2 2 2 2
10 3 50 50 50 50 50 50 50 50 50 50 2 2 2 2 2 2 2 2 2 2
10 4 50 50 50 50 50 50 50 50 50 50 2 2 2 2 2 2 2 2 2 2
10 5 50 50 50 50 50 50 50 50 50 50 2 2 2 2 2 2 2 2 2 2
10 6 50 50 50 50 50 50 50 50 50 50 2 2 2 2 2 2 2 2 2 2
10 7 50 50 50 50 50 50 50 50 50 50 2 2 2 2 2 2 2 2 2 2
10 8 50 50 50 50 50 50 50 50 50 50 2 2 2 2 2 2 2 2 2 2
10 9 50 50 50 50 50 50 50 50 50 50 2 2 2 2 2 2 2 2 2 2
10 10 50 50 50 50 50 50 50 50 50 50 2 2 2 2 2 2 2 2 2 2
10 11 50 50 50 50 50 50 50 50 50 50 2 2 2 2 2 2 2 2 2 2
10 12 50 50 50 50 50 50 50 50 50 50 2 2 2 2 2 2 2 2 2 2
10 13 50 50 50 50 50 50 50 50 50 50 2 2 2 2 2 2 2 2 2 2
10 14 50 50 50 50 50 50 50 50 50 50 2 2 2 2 2 2 2 2 2 2
10 15 50 50 50 50 50 50 50 50 50 50 2 2 2 2 2 2 2 2 2 2
10 16 50 50 50 50 50 50 50 50 50 50 2 2 2 2 2 2 2 2 2 2
10 17 50 50 50 50 50 50 50 50 50 50 2 2 2 2 2 2 2 2 2 2
10 18 50 50 50 50 50 50 50 50 50 50 2 2 2 2 2 2 2 2 2 2
10 19 50 50 50 50 50 50 50 50 50 50 2 2 2 2 2 2 2 2 2 2
10 20 50 50 50 50 50 50 50 50 50 50 2 2 2 2 2 2 2 2 2 2
10 21 50 50 50 50 50 50 50 50 50 50 2 2 2 2 2 2 2 2 2 2
10 22 50 50 50 50 50 50 50 50 50 50 2 2 2 2 2 2 2 2 2 2
10 23 50 50 50 50 50 50 50 50 50 50 2 2 2 2 2 2 2 2 2 2
10 24 50 50 50 50 50 50 50 50 50 50 2 2 2 2 2 2 2 2 2 2
10 25 50 50 50 50 50 50 50 50 50 50 2 2 2 2 2 2 2 2 2 2
10 26 50 50 50 50 50 50 50 50 50 50 2 2 2 2 2 2 2 2 2 2
10 27 50 50 50 50 50 50 50 50 50 50 2 2 2 2 2 2 2 2 2 2
10 28 50 50 50 50 50 50 50 50 50 50 2 2 2 2 2 2 2 2 2 2
10 29 50 50 50 50 50 50 50 50 50 50 2 2 2 2 2 2 2 2 2 2
10 30 50 50 50 50 50 50 50 50 50 50 2 2 2 2 2 2 2 2 2 2
10 31 50 50 50 50 50 50 50 50 50 50 2 2 2 2 2 2 2 2 2 2
10 32 50 50 50 50 50 50 50 50 50 50 2 2 2 2 2 2 2 2 2 2
10 33 50 50 50 50 50 50 50 50 50 50 2 2 2 2 2 2 2 2 2 2
10 34 50 50 50 50 50 50 50 50 50 50 2 2 2 2 2 2 2 2 2 2
10 35 50 50 50 50 50 50 50 50 50 50 2 2 2 2 2 2 2 2 2 2
10 36 50 50 50 50 50 50 50 50 50 50 2 2 2 2 2 2 2 2 2 2
10 37 50 50 50 50 50 50 50 50 50 50 2 2 2 2 2 2 2 2 2 2
10 38 50 50 50 50 50 50 50 50 50 50 2 2 2 2 2 2 2 2 2 2
10 39 50 50 50 50 50 50 50 50 50 50 2 2 2 2 2 2 2 2 2 2
10 40 50 50 50 50 50 50 50 50 50 50 2 2 2 2 2 2 2 2 2 2
10 41 50 50 50 50 50 50 50 50 50 50 2 2 2 2 2 2 2 2 2 2
11 1 50 50 50 50 50 50 50 50 50 50 2 2 2 2 2 2 2 2 2 2
11 2 50 50 50 50 50 50 50 50 50 50 2 2 2 2 2 2 2 2 2 2
11 3 50 50 50 50 50 50 50 50 50 50 2 2 2 2 2 2 2 2 2 2
11 4 50 50 50 50 50 50 50 50 50 50 2 2 2 2 2 2 2 2 2 2
11 5 50 50 50 50 50 50 50 50 50 50 2 2 2 2 2 2 2 2 2 2
11 6 50 50 50 50 50 50 50 50 50 50 2 2 2 2 2 2 2 2 2 2
11 7 50 50 50 50 50 50 50 50 50 50 2 2 2 2 2 2 2 2 2 2
11 8 50 50 50 50 50 50 50 50 50 50 2 2 2 2 2 2 2 2 2 2
11 9 50 50 50 50 50 50 50 50 50 50 2 2 2 2 2 2 2 2 2 2
11 11 50 50 50 50 50 50 50 50 50 50 2 2 2 2 2 2 2 2 2 2
11 12 50 50 50 50 50 50 50 50 50 50 2 2 2 2 2 2 2 2 2 2
11 13 50 50 50 50 50 50 50 50 50 50 2 2 2 2 2 2 2 2 2 2
11 14 50 50 50 50 50 50 50 50 50 50 2 2 2 2 2 2 2 2 2 2
11 15 50 50 50 50 50 50 50 50 50 50 2 2 2 2 2 2 2 2 2 2
11 16 50 50 50 50 50 50 50 50 50 50 2 2 2 2 2 2 2 2 2 2
11 17 50 50 50 50 50 50 50 50 50 50 2 2 2 2 2 2 2 2 2 2
11 18 50 50 50 50 50 50 50 50 50 50 2 2 2 2 2 2 2 2 2 2
11 19 50 50 50 50 50 50 50 50 50 50 2 2 2 2 2 2 2 2 2 2
11 20 50 50 50 50 50 50 50 50 50 50 2 2 2 2 2 2 2 2 2 2
11 21 50 50 50 50 50 50 50 50 50 50 2 2 2 2 2 2 2 2 2 2
11 22 50 50 50 50 50 50 50 50 50 50 2 2 2 2 2 2 2 2 2 2
11 23 50 50 50 50 50 50 50 50 50 50 2 2 2 2 2 2 2 2 2 2
11 24 50 50 50 50 50 50 50 50 50 50 2 2 2 2 2 2 2 2 2 2
11 25 50 50 50 50 50 50 50 50 50 50 2 2 2 2 2 2 2 2 2 2
11 26 50 50 50 50 50 50 50 50 50 50 2 2 2 2 2 2 2 2 2 2
11 27 50 50 50 50 50 50 50 50 50 50 2 2 2 2 2 2 2 2 2 2
11 28 50 50 50 50 50 50 50 50 50 50 2 2 2 2 2 2 2 2 2 2
11 29 50 50 50 50 50 50 50 50 50 50 2 2 2 2 2 2 2 2 2 2
11 30 50 50 50 50 50 50 50 50 50 50 2 2 2 2 2 2 2 2 2 2
11 31 50 50 50 50 50 50 50 50 50 50 2 2 2 2 2 2 2 2 2 2
11 32 50 50 50 50 50 50 50 50 50 50 2 2 2 2 2 2 2 2 2 2
11 33 50 50 50 50 50 50 50 50 50 50 2 2 2 2 2 2 2 2 2 2
11 34 50 50 50 50 50 50 50 50 50 50 2 2 2 2 2 2 2 2 2 2
11 35 50 50 50 50 50 50 50 50 50 50 2 2 2 2 2 2 2 2 2 2
11 36 50 50 50 50 50 50 50 50 50 50 2 2 2 2 2 2 2 2 2 2
11 37 50 50 50 50 50 50 50 50 50 50 2 2 2 2 2 2 2 2 2 2
11 38 50 50 50 50 50 50 50 50 50 50 2 2 2 2 2 2 2 2 2 2
11 39 50 50 50 50 50 50 50 50 50 50 2 2 2 2 2 2 2 2 2 2
11 40 50 50 50 50 50 50 50 50 50 50 2 2 2 2 2 2 2 2 2 2
11 41 50 50 50 50 50 50 50 50 50 50 2 2 2 2 2 2 2 2 2 2
12 1 50 50 50 50 50 50 50 50 50 50 2 2 2 2 2 2 2 2 2 2
12 2 50 50 50 50 50 50 50 50 50 50 2 2 2 2 2 2 2 2 2 2
12 3 50 50 50 50 50 50 50 50 50 50 2 2 2 2 2 2 2 2 2 2
12 4 50 50 50 50 50 50 50 50 50 50 2 2 2 2 2 2 2 2 2 2
12 5 50 50 50 50 50 50 50 50 50 50 2 2 2 2 2 2 2 2 2 2
12 6 50 50 50 50 50 50 50 50 50 50 2 2 2 2 2 2 2 2 2 2
12 7 50 50 50 50 50 50 50 50 50 50 2 2 2 2 2 2 2 2 2 2
12 8 50 50 50 50 50 50 50 50 50 50 2 2 2 2 2 2 2 2 2 2
12 9 50 50 50 50 50 50 50 50 50 50 2 2 2 2 2 2 2 2 2 2
12 10 50 50 50 50 50 50 50 50 50 50 2 2 2 2 2 2 2 2 2 2
12 12 50 50 50 50 50 50 50 50 50 50 2 2 2 2 2 2 2 2 2 2
12 13 50 50 50 50 50 50 50 50 50 50 2 2 2 2 2 2 2 2 2 2
12 14 50 50 50 50 50 50 50 50 50 50 2 2 2 2 2 2 2 2 2 2
12 15 50 50 50 50 50 50 50 50 50 50 2 2 2 2 2 2 2 2 2 2
12 16 50 50 50 50 50 50 50 50 50 50 2 2 2 2 2 2 2 2 2 2
12 17 50 50 50 50 50 50 50 50 50 50 2 2 2 2 2 2 2 2 2 2
12 18 50 50 50 50 50 50 50 50 50 50 2 2 2 2 2 2 2 2 2 2
12 19 50 50 50 50 50 50 50 50 50 50 2 2 2 2 2 2 2 2 2 2
12 20 50 50 50 50 50 50 50 50 50 50 2 2 2 2 2 2 2 2 2 2
12 21 50 50 50 50 50 50 50 50 50 50 2 2 2 2 2 2 2 2 2 2
12 22 50 50 50 50 50 50 50 50 50 50 2 2 2 2 2 2 2 2 2 2
12 23 50 50 50 50 50 50 50 50 50 50 2 2 2 2 2 2 2 2 2 2
12 24 50 50 50 50 50 50 50 50 50 50 2 2 2 2 2 2 2 2 2 2
12 25 50 50 50 50 50 50 50 50 50 50 2 2 2 2 2 2 2 2 2 2
12 26 50 50 50 50 50 50 50 50 50 50 2 2 2 2 2 2 2 2 2 2
12 27 50 50 50 50 50 50 50 50 50 50 2 2 2 2 2 2 2 2 2 2
12 28 50 50 50 50 50 50 50 50 50 50 2 2 2 2 2 2 2 2 2 2
12 29 50 50 50 50 50 50 50 50 50 50 2 2 2 2 2 2 2 2 2 2
12 30 50 50 50 50 50 50 50 50 50 50 2 2 2 2 2 2 2 2 2 2
12 31 50 50 50 50 50 50 50 50 50 50 2 2 2 2 2 2 2 2 2 2
12 32 50 50 50 50 50 50 50 50 50 50 2 2 2 2 2 2 2 2 2 2
12 33 50 50 50 50 50 50 50 50 50 50 2 2 2 2 2 2 2 2 2 2
12 34 50 50 50 50 50 50 50 50 50 50 2 2 2 2 2 2 2 2 2 2
12 35 50 50 50 50 50 50 50 50 50 50 2 2 2 2 2 2 2 2 2 2
12 36 50 50 50 50 50 50 50 50 50 50 2 2 2 2 2 2 2 2 2 2
12 37 50 50 50 50 50 50 50 50 50 50 2 2 2 2 2 2 2 2 2 2
12 38 50 50 50 50 50 50 50 50 50 50 2 2 2 2 2 2 2 2 2 2
12 39 50 50 50 50 50 50 50 50 50 50 2 2 2 2 2 2 2 2 2 2
12 40 50 50 50 50 50 50 50 50 50 50 2 2 2 2 2 2 2 2 2 2
12 41 50 50 50 50 50 50 50 50 50 50 2 2 2 2 2 2 2 2 2 2
13 1 50 50 50 50 50 50 50 50 50 50 2 2 2 2 2 2 2 2 2 2
13 2 50 50 50 50 50 50 50 50 50 50 2 2 2 2 2 2 2 2 2 2
13 3 50 50 50 50 50 50 50 50 50 50 2 2 2 2 2 2 2 2 2 2
13 4 50 50 50 50 50 50 50 50 50 50 2 2 2 2 2 2 2 2 2 2
13 5 50 50 50 50 50 50 50 50 50 50 2 2 2 2 2 2 2 2 2 2
13 6 50 50 50 50 50 50 50 50 50 50 2 2 2 2 2 2 2 2 2 2
13 7 50 50 50 50 50 50 50 50 50 50 2 2 2 2 2 2 2 2 2 2
13 8 50 50 50 50 50 50 50 50 50 50 2 2 2 2 2 2 2 2 2 2
13 9 50 50 50 50 50 50 50 50 50 50 2 2 2 2 2 2 2 2 2 2
13 10 50 50 50 50 50 50 50 50 50 50 2 2 2 2 2 2 2 2 2 2
13 11 50 50 50 50 50 50 50 50 50 50 2 2 2 2 2 2 2 2 2 2
13 13 50 50 50 50 50 50 50 50 50 50 2 2 2 2 2 2 2 2 2 2
13 14 50 50 50 50 50 50 50 50 50 50 2 2 2 2 2 2 2 2 2 2
13 15 50 50 50 50 50 50 50 50 50 50 2 2 2 2 2 2 2 2 2 2
13 16 50 50 50 50 50 50 50 50 50 50 2 2 2 2 2 2 2 2 2 2
13 17 50 50 50 50 50 50 50 50 50 50 2 2 2 2 2 2 2 2 2 2
13 18 50 50 50 50 50 50 50 50 50 50 2 2 2 2 2 2 2 2 2 2
13 19 50 50 50 50 50 50 50 50 50 50 2 2 2 2 2 2 2 2 2 2
13 20 50 50 50 50 50 50 50 50 50 50 2 2 2 2 2 2 2 2 2 2
13 21 50 50 50 50 50 50 50 50 50 50 2 2 2 2 2 2 2 2 2 2
13 22 50 50 50 50 50 50 50 50 50 50 2 2 2 2 2 2 2 2 2 2
13 23 50 50 50 50 50 50 50 50 50 50 2 2 2 2 2 2 2 2 2 2
13 24 50 50 50 50 50 50 50 50 50 50 2 2 2 2 2 2 2 2 2 2
13 25 50 50 50 50 50 50 50 50 50 50 2 2 2 2 2 2 2 2 2 2
13 26 50 50 50 50 50 50 50 50 50 50 2 2 2 2 2 2 2 2 2 2
13 27 50 50 50 50 50 50 50 50 50 50 2 2 2 2 2 2 2 2 2 2
13 28 50 50 50 50 50 50 50 50 50 50 2 2 2 2 2 2 2 2 2 2
13 29 50 50 50 50 50 50 50 50 50 50 2 2 2 2 2 2 2 2 2 2
13 30 50 50 50 50 50 50 50 50 50 50 2 2 2 2 2 2 2 2 2 2
13 31 50 50 50 50 50 50 50 50 50 50 2 2 2 2 2 2 2 2 2 2
13 32 50 50 50 50 50 50 50 50 50 50 2 2 2 2 2 2 2 2 2 2
13 33 50 50 50 50 50 50 50 50 50 50 2 2 2 2 2 2 2 2 2 2
13 34 50 50 50 50 50 50 50 50 50 50 2 2 2 2 2 2 2 2 2 2
13 35 50 50 50 50 50 50 50 50 50 50 2 2 2 2 2 2 2 2 2 2
13 36 50 50 50 50 50 50 50 50 50 50 2 2 2 2 2 2 2 2 2 2
13 37 50 50 50 50 50 50 50 50 50 50 2 2 2 2 2 2 2 2 2 2
13 38 50 50 50 50 50 50 50 50 50 50 2 2 2 2 2 2 2 2 2 2
13 39 50 50 50 50 50 50 50 50 50 50 2 2 2 2 2 2 2 2 2 2
13 40 50 50 50 50 50 50 50 50 50 50 2 2 2 2 2 2 2 2 2 2
13 41 50 50 50 50 50 50 50 50 50 50 2 2 2 2 2 2 2 2 2 2
14 1 50 50 50 50 50 50 50 50 50 50 2 2 2 2 2 2 2 2 2 2
14 2 50 50 50 50 50 50 50 50 50 50 2 2 2 2 2 2 2 2 2 2
14 3 50 50 50 50 50 50 50 50 50 50 2 2 2 2 2 2 2 2 2 2
14 4 50 50 50 50 50 50 50 50 50 50 2 2 2 2 2 2 2 2 2 2
14 5 50 50 50 50 50 50 50 50 50 50 2 2 2 2 2 2 2 2 2 2
14 6 50 50 50 50 50 50 50 50 50 50 2 2 2 2 2 2 2 2 2 2
14 7 50 50 50 50 50 50 50 50 50 50 2 2 2 2 2 2 2 2 2 2
14 8 50 50 50 50 50 50 50 50 50 50 2 2 2 2 2 2 2 2 2 2
14 9 50 50 50 50 50 50 50 50 50 50 2 2 2 2 2 2 2 2 2 2
14 10 50 50 50 50 50 50 50 50 50 50 2 2 2 2 2 2 2 2 2 2
14 11 50 50 50 50 50 50 50 50 50 50 2 2 2 2 2 2 2 2 2 2
14 12 50 50 50 50 50 50 50 50 50 50 2 2 2 2 2 2 2 2 2 2
14 13 50 50 50 50 50 50 50 50 50 50 2 2 2 2 2 2 2 2 2 2
14 14 50 50 50 50 50 50 50 50 50 50 2 2 2 2 2 2 2 2 2 2
14 15 50 50 50 50 50 50 50 50 50 50 2 2 2 2 2 2 2 2 2 2
14 16 50 50 50 50 50 50 50 50 50 50 2 2 2 2 2 2 2 2 2 2
14 17 50 50 50 50 50 50 50 50 50 50 2 2 2 2 2 2 2 2 2 2
14 18 50 50 50 50 50 50 50 50 50 50 2 2 2 2 2 2 2 2 2 2
14 19 50 50 50 50 50 50 50 50 50 50 2 2 2 2 2 2 2 2 2 2
14 20 50 50 50 50 50 50 50 50 50 50 2 2 2 2 2 2 2 2 2 2
14 21 50 50 50 50 50 50 50 50 50 50 2 2 2 2 2 2 2 2 2 2
14 22 50 50 50 50 50 50 50 50 50 50 2 2 2 2 2 2 2 2 2 2
14 23 50 50 50 50 50 50 50 50 50 50 2 2 2 2 2 2 2 2 2 2
14 24 50 50 50 50 50 50 50 50 50 50 2 2 2 2 2 2 2 2 2 2
14 25 50 50 50 50 50 50 50 50 50 50 2 2 2 2 2 2 2 2 2 2
14 26 50 50 50 50 50 50 50 50 50 50 2 2 2 2 2 2 2 2 2 2
14 27 50 50 50 50 50 50 50 50 50 50 2 2 2 2 2 2 2 2 2 2
14 28 50 50 50 50 50 50 50 50 50 50 2 2 2 2 2 2 2 2 2 2
14 29 50 50 50 50 50 50 50 50 50 50 2 2 2 2 2 2 2 2 2 2
14 30 50 50 50 50 50 50 50 50 50 50 2 2 2 2 2 2 2 2 2 2
14 31 50 50 50 50 50 50 50 50 50 50 2 2 2 2 2 2 2 2 2 2
14 32 50 50 50 50 50 50 50 50 50 50 2 2 2 2 2 2 2 2 2 2
14 33 50 50 50 50 50 50 50 50 50 50 2 2 2 2 2 2 2 2 2 2
14 34 50 50 50 50 50 50 50 50 50 50 2 2 2 2 2 2 2 2 2 2
14 35 50 50 50 50 50 50 50 50 50 50 2 2 2 2 2 2 2 2 2 2
14 36 50 50 50 50 50 50 50 50 50 50 2 2 2 2 2 2 2 2 2 2
14 37 50 50 50 50 50 50 50 50 50 50 2 2 2 2 2 2 2 2 2 2
14 38 50 50 50 50 50 50 50 50 50 50 2 2 2 2 2 2 2 2 2 2
14 39 50 50 50 50 50 50 50 50 50 50 2 2 2 2 2 2 2 2 2 2
14 40 50 50 50 50 50 50 50 50 50 50 2 2 2 2 2 2 2 2 2 2
14 41 50 50 50 50 50 50 50 50 50 50 2 2 2 2 2 2 2 2 2 2
15 1 50 50 50 50 50 50 50 50 50 50 2 2 2 2 2 2 2 2 2 2
15 2 50 50 50 50 50 50 50 50 50 50 2 2 2 2 2 2 2 2 2 2
15 3 50 50 50 50 50 50 50 50 50 50 2 2 2 2 2 2 2 2 2 2
15 4 50 50 50 50 50 50 50 50 50 50 2 2 2 2 2 2 2 2 2 2
15 5 50 50 50 50 50 50 50 50 50 50 2 2 2 2 2 2 2 2 2 2
15 6 50 50 50 50 50 50 50 50 50 50 2 2 2 2 2 2 2 2 2 2
15 7 50 50 50 50 50 50 50 50 50 50 2 2 2 2 2 2 2 2 2 2
15 8 50 50 50 50 50 50 50 50 50 50 2 2 2 2 2 2 2 2 2 2
15 9 50 50 50 50 50 50 50 50 50 50 2 2 2 2 2 2 2 2 2 2
15 10 50 50 50 50 50 50 50 50 50 50 2 2 2 2 2 2 2 2 2 2
15 11 50 50 50 50 50 50 50 50 50 50 2 2 2 2 2 2 2 2 2 2
15 12 50 50 50 50 50 50 50 50 50 50 2 2 2 2 2 2 2 2 2 2
15 13 50 50 50 50 50 50 50 50 50 50 2 2 2 2 2 2 2 2 2 2
15 14 50 50 50 50 50 50 50 50 50 50 2 2 2 2 2 2 2 2 2 2
15 15 50 50 50 50 50 50 50 50 50 50 2 2 2 2 2 2 2 2 2 2
15 16 50 50 50 50 50 50 50 50 50 50 2 2 2 2 2 2 2 2 2 2
15 17 50 50 50 50 50 50 50 50 50 50 2 2 2 2 2 2 2 2 2 2
15 18 50 50 50 50 50 50 50 50 50 50 2 2 2 2 2 2 2 2 2 2
15 19 50 50 50 50 50 50 50 50 50 50 2 2 2 2 2 2 2 2 2 2
15 20 50 50 50 50 50 50 50 50 50 50 2 2 2 2 2 2 2 2 2 2
15 21 50 50 50 50 50 50 50 50 50 50 2 2 2 2 2 2 2 2 2 2
15 22 50 50 50 50 50 50 50 50 50 50 2 2 2 2 2 2 2 2 2 2
15 23 50 50 50 50 50 50 50 50 50 50 2 2 2 2 2 2 2 2 2 2
15 24 50 50 50 50 50 50 50 50 50 50 2 2 2 2 2 2 2 2 2 2
15 25 50 50 50 50 50 50 50 50 50 50 2 2 2 2 2 2 2 2 2 2
15 26 50 50 50 50 50 50 50 50 50 50 2 2 2 2 2 2 2 2 2 2
15 27 50 50 50 50 50 50 50 50 50 50 2 2 2 2 2 2 2 2 2 2
15 28 50 50 50 50 50 50 50 50 50 50 2 2 2 2 2 2 2 2 2 2
15 29 50 50 50 50 50 50 50 50 50 50 2 2 2 2 2 2 2 2 2 2
15 30 50 50 50 50 50 50 50 50 50 50 2 2 2 2 2 2 2 2 2 2
15 31 50 50 50 50 50 50 50 50 50 50 2 2 2 2 2 2 2 2 2 2
15 32 50 50 50 50 50 50 50 50 50 50 2 2 2 2 2 2 2 2 2 2
15 33 50 50 50 50 50 50 50 50 50 50 2 2 2 2 2 2 2 2 2 2
15 34 50 50 50 50 50 50 50 50 50 50 2 2 2 2 2 2 2 2 2 2
15 35 50 50 50 50 50 50 50 50 50 50 2 2 2 2 2 2 2 2 2 2
15 36 50 50 50 50 50 50 50 50 50 50 2 2 2 2 2 2 2 2 2 2
15 37 50 50 50 50 50 50 50 50 50 50 2 2 2 2 2 2 2 2 2 2
15 38 50 50 50 50 50 50 50 50 50 50 2 2 2 2 2 2 2 2 2 2
15 39 50 50 50 50 50 50 50 50 50 50 2 2 2 2 2 2 2 2 2 2
15 40 50 50 50 50 50 50 50 50 50 50 2 2 2 2 2 2 2 2 2 2
15 41 50 50 50 50 50 50 50 50 50 50 2 2 2 2 2 2 2 2 2 2
16 1 50 50 50 50 50 50 50 50 50 50 2 2 2 2 2 2 2 2 2 2
16 2 50 50 50 50 50 50 50 50 50 50 2 2 2 2 2 2 2 2 2 2
16 3 50 50 50 50 50 50 50 50 50 50 2 2 2 2 2 2 2 2 2 2
16 4 50 50 50 50 50 50 50 50 50 50 2 2 2 2 2 2 2 2 2 2
16 5 50 50 50 50 50 50 50 50 50 50 2 2 2 2 2 2 2 2 2 2
16 6 50 50 50 50 50 50 50 50 50 50 2 2 2 2 2 2 2 2 2 2
16 7 50 50 50 50 50 50 50 50 50 50 2 2 2 2 2 2 2 2 2 2
16 8 50 50 50 50 50 50 50 50 50 50 2 2 2 2 2 2 2 2 2 2
16 9 50 50 50 50 50 50 50 50 50 50 2 2 2 2 2 2 2 2 2 2
16 10 50 50 50 50 50 50 50 50 50 50 2 2 2 2 2 2 2 2 2 2
16 11 50 50 50 50 50 50 50 50 50 50 2 2 2 2 2 2 2 2 2 2
16 12 50 50 50 50 50 50 50 50 50 50 2 2 2 2 2 2 2 2 2 2
16 13 50 50 50 50 50 50 50 50 50 50 2 2 2 2 2 2 2 2 2 2
16 14 50 50 50 50 50 50 50 50 50 50 2 2 2 2 2 2 2 2 2 2
16 15 50 50 50 50 50 50 50 50 50 50 2 2 2 2 2 2 2 2 2 2
16 16 50 50 50 50 50 50 50 50 50 50 2 2 2 2 2 2 2 2 2 2
16 17 50 50 50 50 50 50 50 50 50 50 2 2 2 2 2 2 2 2 2 2
16 18 50 50 50 50 50 50 50 50 50 50 2 2 2 2 2 2 2 2 2 2
16 19 50 50 50 50 50 50 50 50 50 50 2 2 2 2 2 2 2 2 2 2
16 20 50 50 50 50 50 50 50 50 50 50 2 2 2 2 2 2 2 2 2 2
16 21 50 50 50 50 50 50 50 50 50 50 2 2 2 2 2 2 2 2 2 2
16 22 50 50 50 50 50 50 50 50 50 50 2 2 2 2 2 2 2 2 2 2
16 23 50 50 50 50 50 50 50 50 50 50 2 2 2 2 2 2 2 2 2 2
16 24 50 50 50 50 50 50 50 50 50 50 2 2 2 2 2 2 2 2 2 2
16 25 50 50 50 50 50 50 50 50 50 50 2 2 2 2 2 2 2 2 2 2
16 26 50 50 50 50 50 50 50 50 50 50 2 2 2 2 2 2 2 2 2 2
16 27 50 50 50 50 50 50 50 50 50 50 2 2 2 2 2 2 2 2 2 2
16 28 50 50 50 50 50 50 50 50 50 50 2 2 2 2 2 2 2 2 2 2
16 29 50 50 50 50 50 50 50 50 50 50 2 2 2 2 2 2 2 2 2 2
16 30 50 50 50 50 50 50 50 50 50 50 2 2 2 2 2 2 2 2 2 2
16 31 50 50 50 50 50 50 50 50 50 50 2 2 2 2 2 2 2 2 2 2
16 32 50 50 50 50 50 50 50 50 50 50 2 2 2 2 2 2 2 2 2 2
16 33 50 50 50 50 50 50 50 50 50 50 2 2 2 2 2 2 2 2 2 2
16 34 50 50 50 50 50 50 50 50 50 50 2 2 2 2 2 2 2 2 2 2
16 35 50 50 50 50 50 50 50 50 50 50 2 2 2 2 2 2 2 2 2 2
16 36 50 50 50 50 50 50 50 50 50 50 2 2 2 2 2 2 2 2 2 2
16 37 50 50 50 50 50 50 50 50 50 50 2 2 2 2 2 2 2 2 2 2
16 38 50 50 50 50 50 50 50 50 50 50 2 2 2 2 2 2 2 2 2 2
16 39 50 50 50 50 50 50 50 50 50 50 2 2 2 2 2 2 2 2 2 2
16 40 50 50 50 50 50 50 50 50 50 50 2 2 2 2 2 2 2 2 2 2
16 41 50 50 50 50 50 50 50 50 50 50 2 2 2 2 2 2 2 2 2 2
17 1 50 50 50 50 50 50 50 50 50 50 2 2 2 2 2 2 2 2 2 2
17 2 50 50 50 50 50 50 50 50 50 50 2 2 2 2 2 2 2 2 2 2
17 3 50 50 50 50 50 50 50 50 50 50 2 2 2 2 2 2 2 2 2 2
17 4 50 50 50 50 50 50 50 50 50 50 2 2 2 2 2 2 2 2 2 2
17 5 50 50 50 50 50 50 50 50 50 50 2 2 2 2 2 2 2 2 2 2
17 6 50 50 50 50 50 50 50 50 50 50 2 2 2 2 2 2 2 2 2 2
17 7 50 50 50 50 50 50 50 50 50 50 2 2 2 2 2 2 2 2 2 2
17 8 50 50 50 50 50 50 50 50 50 50 2 2 2 2 2 2 2 2 2 2
17 9 50 50 50 50 50 50 50 50 50 50 2 2 2 2 2 2 2 2 2 2
17 10 50 50 50 50 50 50 50 50 50 50 2 2 2 2 2 2 2 2 2 2
17 11 50 50 50 50 50 50 50 50 50 50 2 2 2 2 2 2 2 2 2 2
17 12 50 50 50 50 50 50 50 50 50 50 2 2 2 2 2 2 2 2 2 2
17 13 50 50 50 50 50 50 50 50 50 50 2 2 2 2 2 2 2 2 2 2
17 14 50 50 50 50 50 50 50 50 50 50 2 2 2 2 2 2 2 2 2 2
17 15 50 50 50 50 50 50 50 50 50 50 2 2 2 2 2 2 2 2 2 2
17 16 50 50 50 50 50 50 50 50 50 50 2 2 2 2 2 2 2 2 2 2
17 17 50 50 50 50 50 50 50 50 50 50 2 2 2 2 2 2 2 2 2 2
17 18 50 50 50 50 50 50 50 50 50 50 2 2 2 2 2 2 2 2 2 2
17 19 50 50 50 50 50 50 50 50 50 50 2 2 2 2 2 2 2 2 2 2
17 20 50 50 50 50 50 50 50 50 50 50 2 2 2 2 2 2 2 2 2 2
17 21 50 50 50 50 50 50 50 50 50 50 2 2 2 2 2 2 2 2 2 2
17 22 50 50 50 50 50 50 50 50 50 50 2 2 2 2 2 2 2 2 2 2
17 23 50 50 50 50 50 50 50 50 50 50 2 2 2 2 2 2 2 2 2 2
17 24 50 50 50 50 50 50 50 50 50 50 2 2 2 2 2 2 2 2 2 2
17 25 50 50 50 50 50 50 50 50 50 50 2 2 2 2 2 2 2 2 2 2
17 26 50 50 50 50 50 50 50 50 50 50 2 2 2 2 2 2 2 2 2 2
17 27 50 50 50 50 50 50 50 50 50 50 2 2 2 2 2 2 2 2 2 2
17 28 50 50 50 50 50 50 50 50 50 50 2 2 2 2 2 2 2 2 2 2
17 29 50 50 50 50 50 50 50 50 50 50 2 2 2 2 2 2 2 2 2 2
17 30 50 50 50 50 50 50 50 50 50 50 2 2 2 2 2 2 2 2 2 2
17 31 50 50 50 50 50 50 50 50 50 50 2 2 2 2 2 2 2 2 2 2
17 32 50 50 50 50 50 50 50 50 50 50 2 2 2 2 2 2 2 2 2 2
17 33 50 50 50 50 50 50 50 50 50 50 2 2 2 2 2 2 2 2 2 2
17 34 50 50 50 50 50 50 50 50 50 50 2 2 2 2 2 2 2 2 2 2
17 35 50 50 50 50 50 50 50 50 50 50 2 2 2 2 2 2 2 2 2 2
17 36 50 50 50 50 50 50 50 50 50 50 2 2 2 2 2 2 2 2 2 2
17 37 50 50 50 50 50 50 50 50 50 50 2 2 2 2 2 2 2 2 2 2
17 38 50 50 50 50 50 50 50 50 50 50 2 2 2 2 2 2 2 2 2 2
17 39 50 50 50 50 50 50 50 50 50 50 2 2 2 2 2 2 2 2 2 2
17 40 50 50 50 50 50 50 50 50 50 50 2 2 2 2 2 2 2 2 2 2
17 41 50 50 50 50 50 50 50 50 50 50 2 2 2 2 2 2 2 2 2 2
18 1 50 50 50 50 50 50 50 50 50 50 2 2 2 2 2 2 2 2 2 2
18 2 50 50 50 50 50 50 50 50 50 50 2 2 2 2 2 2 2 2 2 2
18 3 50 50 50 50 50 50 50 50 50 50 2 2 2 2 2 2 2 2 2 2
18 4 50 50 50 50 50 50 50 50 50 50 2 2 2 2 2 2 2 2 2 2
18 5 50 50 50 50 50 50 50 50 50 50 2 2 2 2 2 2 2 2 2 2
18 6 50 50 50 50 50 50 50 50 50 50 2 2 2 2 2 2 2 2 2 2
18 7 50 50 50 50 50 50 50 50 50 50 2 2 2 2 2 2 2 2 2 2
18 8 50 50 50 50 50 50 50 50 50 50 2 2 2 2 2 2 2 2 2 2
18 9 50 50 50 50 50 50 50 50 50 50 2 2 2 2 2 2 2 2 2 2
18 10 50 50 50 50 50 50 50 50 50 50 2 2 2 2 2 2 2 2 2 2
18 11 50 50 50 50 50 50 50 50 50 50 2 2 2 2 2 2 2 2 2 2
18 12 50 50 50 50 50 50 50 50 50 50 2 2 2 2 2 2 2 2 2 2
18 13 50 50 50 50 50 50 50 50 50 50 2 2 2 2 2 2 2 2 2 2
18 14 50 50 50 50 50 50 50 50 50 50 2 2 2 2 2 2 2 2 2 2
18 15 50 50 50 50 50 50 50 50 50 50 2 2 2 2 2 2 2 2 2 2
18 16 50 50 50 50 50 50 50 50 50 50 2 2 2 2 2 2 2 2 2 2
18 17 50 50 50 50 50 50 50 50 50 50 2 2 2 2 2 2 2 2 2 2
18 19 50 50 50 50 50 50 50 50 50 50 2 2 2 2 2 2 2 2 2 2
18 20 50 50 50 50 50 50 50 50 50 50 2 2 2 2 2 2 2 2 2 2
18 21 50 50 50 50 50 50 50 50 50 50 2 2 2 2 2 2 2 2 2 2
18 22 50 50 50 50 50 50 50 50 50 50 2 2 2 2 2 2 2 2 2 2
18 23 50 50 50 50 50 50 50 50 50 50 2 2 2 2 2 2 2 2 2 2
18 24 50 50 50 50 50 50 50 50 50 50 2 2 2 2 2 2 2 2 2 2
18 25 50 50 50 50 50 50 50 50 50 50 2 2 2 2 2 2 2 2 2 2
18 26 50 50 50 50 50 50 50 50 50 50 2 2 2 2 2 2 2 2 2 2
18 27 50 50 50 50 50 50 50 50 50 50 2 2 2 2 2 2 2 2 2 2
18 28 50 50 50 50 50 50 50 50 50 50 2 2 2 2 2 2 2 2 2 2
18 29 50 50 50 50 50 50 50 50 50 50 2 2 2 2 2 2 2 2 2 2
18 30 50 50 50 50 50 50 50 50 50 50 2 2 2 2 2 2 2 2 2 2
18 31 50 50 50 50 50 50 50 50 50 50 2 2 2 2 2 2 2 2 2 2
18 32 50 50 50 50 50 50 50 50 50 50 2 2 2 2 2 2 2 2 2 2
18 33 50 50 50 50 50 50 50 50 50 50 2 2 2 2 2 2 2 2 2 2
18 34 50 50 50 50 50 50 50 50 50 50 2 2 2 2 2 2 2 2 2 2
18 35 50 50 50 50 50 50 50 50 50 50 2 2 2 2 2 2 2 2 2 2
18 36 50 50 50 50 50 50 50 50 50 50 2 2 2 2 2 2 2 2 2 2
18 37 50 50 50 50 50 50 50 50 50 50 2 2 2 2 2 2 2 2 2 2
18 38 50 50 50 50 50 50 50 50 50 50 2 2 2 2 2 2 2 2 2 2
18 39 50 50 50 50 50 50 50 50 50 50 2 2 2 2 2 2 2 2 2 2
18 40 50 50 50 50 50 50 50 50 50 50 2 2 2 2 2 2 2 2 2 2
18 41 50 50 50 50 50 50 50 50 50 50 2 2 2 2 2 2 2 2 2 2
19 1 50 50 50 50 50 50 50 50 50 50 2 2 2 2 2 2 2 2 2 2
19 2 50 50 50 50 50 50 50 50 50 50 2 2 2 2 2 2 2 2 2 2
19 3 50 50 50 50 50 50 50 50 50 50 2 2 2 2 2 2 2 2 2 2
19 4 50 50 50 50 50 50 50 50 50 50 2 2 2 2 2 2 2 2 2 2
19 5 50 50 50 50 50 50 50 50 50 50 2 2 2 2 2 2 2 2 2 2
19 6 50 50 50 50 50 50 50 50 50 50 2 2 2 2 2 2 2 2 2 2
19 7 50 50 50 50 50 50 50 50 50 50 2 2 2 2 2 2 2 2 2 2
19 8 50 50 50 50 50 50 50 50 50 50 2 2 2 2 2 2 2 2 2 2
19 9 50 50 50 50 50 50 50 50 50 50 2 2 2 2 2 2 2 2 2 2
19 10 50 50 50 50 50 50 50 50 50 50 2 2 2 2 2 2 2 2 2 2
19 11 50 50 50 50 50 50 50 50 50 50 2 2 2 2 2 2 2 2 2 2
19 12 50 50 50 50 50 50 50 50 50 50 2 2 2 2 2 2 2 2 2 2
19 13 50 50 50 50 50 50 50 50 50 50 2 2 2 2 2 2 2 2 2 2
19 14 50 50 50 50 50 50 50 50 50 50 2 2 2 2 2 2 2 2 2 2
19 15 50 50 50 50 50 50 50 50 50 50 2 2 2 2 2 2 2 2 2 2
19 16 50 50 50 50 50 50 50 50 50 50 2 2 2 2 2 2 2 2 2 2
19 17 50 50 50 50 50 50 50 50 50 50 2 2 2 2 2 2 2 2 2 2
19 18 50 50 50 50 50 50 50 50 50 50 2 2 2 2 2 2 2 2 2 2
19 19 50 50 50 50 50 50 50 50 50 50 2 2 2 2 2 2 2 2 2 2
19 20 50 50 50 50 50 50 50 50 50 50 2 2 2 2 2 2 2 2 2 2
19 21 50 50 50 50 50 50 50 50 50 50 2 2 2 2 2 2 2 2 2 2
19 22 50 50 50 50 50 50 50 50 50 50 2 2 2 2 2 2 2 2 2 2
19 23 50 50 50 50 50 50 50 50 50 50 2 2 2 2 2 2 2 2 2 2
19 24 50 50 50 50 50 50 50 50 50 50 2 2 2 2 2 2 2 2 2 2
19 25 50 50 50 50 50 50 50 50 50 50 2 2 2 2 2 2 2 2 2 2
19 26 50 50 50 50 50 50 50 50 50 50 2 2 2 2 2 2 2 2 2 2
19 27 50 50 50 50 50 50 50 50 50 50 2 2 2 2 2 2 2 2 2 2
19 28 50 50 50 50 50 50 50 50 50 50 2 2 2 2 2 2 2 2 2 2
19 29 50 50 50 50 50 50 50 50 50 50 2 2 2 2 2 2 2 2 2 2
19 30 50 50 50 50 50 50 50 50 50 50 2 2 2 2 2 2 2 2 2 2
19 31 50 50 50 50 50 50 50 50 50 50 2 2 2 2 2 2 2 2 2 2
19 32 50 50 50 50 50 50 50 50 50 50 2 2 2 2 2 2 2 2 2 2
19 33 50 50 50 50 50 50 50 50 50 50 2 2 2 2 2 2 2 2 2 2
19 34 50 50 50 50 50 50 50 50 50 50 2 2 2 2 2 2 2 2 2 2
19 35 50 50 50 50 50 50 50 50 50 50 2 2 2 2 2 2 2 2 2 2
19 36 50 50 50 50 50 50 50 50 50 50 2 2 2 2 2 2 2 2 2 2
19 37 50 50 50 50 50 50 50 50 50 50 2 2 2 2 2 2 2 2 2 2
19 38 50 50 50 50 50 50 50 50 50 50 2 2 2 2 2 2 2 2 2 2
19 39 50 50 50 50 50 50 50 50 50 50 2 2 2 2 2 2 2 2 2 2
19 40 50 50 50 50 50 50 50 50 50 50 2 2 2 2 2 2 2 2 2 2
19 41 50 50 50 50 50 50 50 50 50 50 2 2 2 2 2 2 2 2 2 2
20 1 50 50 50 50 50 50 50 50 50 50 2 2 2 2 2 2 2 2 2 2
20 2 50 50 50 50 50 50 50 50 50 50 2 2 2 2 2 2 2 2 2 2
20 3 50 50 50 50 50 50 50 50 50 50 2 2 2 2 2 2 2 2 2 2
20 4 50 50 50 50 50 50 50 50 50 50 2 2 2 2 2 2 2 2 2 2
20 5 50 50 50 50 50 50 50 50 50 50 2 2 2 2 2 2 2 2 2 2
20 6 50 50 50 50 50 50 50 50 50 50 2 2 2 2 2 2 2 2 2 2
20 7 50 50 50 50 50 50 50 50 50 50 2 2 2 2 2 2 2 2 2 2
20 8 50 50 50 50 50 50 50 50 50 50 2 2 2 2 2 2 2 2 2 2
20 9 50 50 50 50 50 50 50 50 50 50 2 2 2 2 2 2 2 2 2 2
20 10 50 50 50 50 50 50 50 50 50 50 2 2 2 2 2 2 2 2 2 2
20 11 50 50 50 50 50 50 50 50 50 50 2 2 2 2 2 2 2 2 2 2
20 12 50 50 50 50 50 50 50 50 50 50 2 2 2 2 2 2 2 2 2 2
20 13 50 50 50 50 50 50 50 50 50 50 2 2 2 2 2 2 2 2 2 2
20 14 50 50 50 50 50 50 50 50 50 50 2 2 2 2 2 2 2 2 2 2
20 15 50 50 50 50 50 50 50 50 50 50 2 2 2 2 2 2 2 2 2 2
20 16 50 50 50 50 50 50 50 50 50 50 2 2 2 2 2 2 2 2 2 2
20 17 50 50 50 50 50 50 50 50 50 50 2 2 2 2 2 2 2 2 2 2
20 18 50 50 50 50 50 50 50 50 50 50 2 2 2 2 2 2 2 2 2 2
20 20 50 50 50 50 50 50 50 50 50 50 2 2 2 2 2 2 2 2 2 2
20 21 50 50 50 50 50 50 50 50 50 50 2 2 2 2 2 2 2 2 2 2
20 22 50 50 50 50 50 50 50 50 50 50 2 2 2 2 2 2 2 2 2 2
20 23 50 50 50 50 50 50 50 50 50 50 2 2 2 2 2 2 2 2 2 2
20 24 50 50 50 50 50 50 50 50 50 50 2 2 2 2 2 2 2 2 2 2
20 25 50 50 50 50 50 50 50 50 50 50 2 2 2 2 2 2 2 2 2 2
20 26 50 50 50 50 50 50 50 50 50 50 2 2 2 2 2 2 2 2 2 2
20 27 50 50 50 50 50 50 50 50 50 50 2 2 2 2 2 2 2 2 2 2
20 28 50 50 50 50 50 50 50 50 50 50 2 2 2 2 2 2 2 2 2 2
20 29 50 50 50 50 50 50 50 50 50 50 2 2 2 2 2 2 2 2 2 2
20 30 50 50 50 50 50 50 50 50 50 50 2 2 2 2 2 2 2 2 2 2
20 31 50 50 50 50 50 50 50 50 50 50 2 2 2 2 2 2 2 2 2 2
20 32 50 50 50 50 50 50 50 50 50 50 2 2 2 2 2 2 2 2 2 2
20 33 50 50 50 50 50 50 50 50 50 50 2 2 2 2 2 2 2 2 2 2
20 34 50 50 50 50 50 50 50 50 50 50 2 2 2 2 2 2 2 2 2 2
20 35 50 50 50 50 50 50 50 50 50 50 2 2 2 2 2 2 2 2 2 2
20 36 50 50 50 50 50 50 50 50 50 50 2 2 2 2 2 2 2 2 2 2
20 37 50 50 50 50 50 50 50 50 50 50 2 2 2 2 2 2 2 2 2 2
20 38 50 50 50 50 50 50 50 50 50 50 2 2 2 2 2 2 2 2 2 2
20 39 50 50 50 50 50 50 50 50 50 50 2 2 2 2 2 2 2 2 2 2
20 40 50 50 50 50 50 50 50 50 50 50 2 2 2 2 2 2 2 2 2 2
20 41 50 50 50 50 50 50 50 50 50 50 2 2 2 2 2 2 2 2 2 2
21 1 50 50 50 50 50 50 50 50 50 50 2 2 2 2 2 2 2 2 2 2
21 2 50 50 50 50 50 50 50 50 50 50 2 2 2 2 2 2 2 2 2 2
21 3 50 50 50 50 50 50 50 50 50 50 2 2 2 2 2 2 2 2 2 2
21 4 50 50 50 50 50 50 50 50 50 50 2 2 2 2 2 2 2 2 2 2
21 5 50 50 50 50 50 50 50 50 50 50 2 2 2 2 2 2 2 2 2 2
21 6 50 50 50 50 50 50 50 50 50 50 2 2 2 2 2 2 2 2 2 2
21 7 50 50 50 50 50 50 50 50 50 50 2 2 2 2 2 2 2 2 2 2
21 8 50 50 50 50 50 50 50 50 50 50 2 2 2 2 2 2 2 2 2 2
21 9 50 50 50 50 50 50 50 50 50 50 2 2 2 2 2 2 2 2 2 2
21 10 50 50 50 50 50 50 50 50 50 50 2 2 2 2 2 2 2 2 2 2
21 11 50 50 50 50 50 50 50 50 50 50 2 2 2 2 2 2 2 2 2 2
21 12 50 50 50 50 50 50 50 50 50 50 2 2 2 2 2 2 2 2 2 2
21 13 50 50 50 50 50 50 50 50 50 50 2 2 2 2 2 2 2 2 2 2
21 14 50 50 50 50 50 50 50 50 50 50 2 2 2 2 2 2 2 2 2 2
21 15 50 50 50 50 50 50 50 50 50 50 2 2 2 2 2 2 2 2 2 2
21 16 50 50 50 50 50 50 50 50 50 50 2 2 2 2 2 2 2 2 2 2
21 17 50 50 50 50 50 50 50 50 50 50 2 2 2 2 2 2 2 2 2 2
21 18 50 50 50 50 50 50 50 50 50 50 2 2 2 2 2 2 2 2 2 2
21 19 50 50 50 50 50 50 50 50 50 50 2 2 2 2 2 2 2 2 2 2
21 20 50 50 50 50 50 50 50 50 50 50 2 2 2 2 2 2 2 2 2 2
21 21 50 50 50 50 50 50 50 50 50 50 2 2 2 2 2 2 2 2 2 2
21 23 50 50 50 50 50 50 50 50 50 50 2 2 2 2 2 2 2 2 2 2
21 24 50 50 50 50 50 50 50 50 50 50 2 2 2 2 2 2 2 2 2 2
21 25 50 50 50 50 50 50 50 50 50 50 2 2 2 2 2 2 2 2 2 2
21 26 50 50 50 50 50 50 50 50 50 50 2 2 2 2 2 2 2 2 2 2
21 27 50 50 50 50 50 50 50 50 50 50 2 2 2 2 2 2 2 2 2 2
21 28 50 50 50 50 50 50 50 50 50 50 2 2 2 2 2 2 2 2 2 2
21 29 50 50 50 50 50 50 50 50 50 50 2 2 2 2 2 2 2 2 2 2
21 30 50 50 50 50 50 50 50 50 50 50 2 2 2 2 2 2 2 2 2 2
21 31 50 50 50 50 50 50 50 50 50 50 2 2 2 2 2 2 2 2 2 2
21 32 50 50 50 50 50 50 50 50 50 50 2 2 2 2 2 2 2 2 2 2
21 33 50 50 50 50 50 50 50 50 50 50 2 2 2 2 2 2 2 2 2 2
21 34 50 50 50 50 50 50 50 50 50 50 2 2 2 2 2 2 2 2 2 2
21 35 50 50 50 50 50 50 50 50 50 50 2 2 2 2 2 2 2 2 2 2
21 36 50 50 50 50 50 50 50 50 50 50 2 2 2 2 2 2 2 2 2 2
21 37 50 50 50 50 50 50 50 50 50 50 2 2 2 2 2 2 2 2 2 2
21 38 50 50 50 50 50 50 50 50 50 50 2 2 2 2 2 2 2 2 2 2
21 39 50 50 50 50 50 50 50 50 50 50 2 2 2 2 2 2 2 2 2 2
21 40 50 50 50 50 50 50 50 50 50 50 2 2 2 2 2 2 2 2 2 2
21 41 50 50 50 50 50 50 50 50 50 50 2 2 2 2 2 2 2 2 2 2
22 1 50 50 50 50 50 50 50 50 50 50 2 2 2 2 2 2 2 2 2 2
22 2 50 50 50 50 50 50 50 50 50 50 2 2 2 2 2 2 2 2 2 2
22 3 50 50 50 50 50 50 50 50 50 50 2 2 2 2 2 2 2 2 2 2
22 4 50 50 50 50 50 50 50 50 50 50 2 2 2 2 2 2 2 2 2 2
22 5 50 50 50 50 50 50 50 50 50 50 2 2 2 2 2 2 2 2 2 2
22 6 50 50 50 50 50 50 50 50 50 50 2 2 2 2 2 2 2 2 2 2
22 7 50 50 50 50 50 50 50 50 50 50 2 2 2 2 2 2 2 2 2 2
22 8 50 50 50 50 50 50 50 50 50 50 2 2 2 2 2 2 2 2 2 2
22 9 50 50 50 50 50 50 50 50 50 50 2 2 2 2 2 2 2 2 2 2
22 10 50 50 50 50 50 50 50 50 50 50 2 2 2 2 2 2 2 2 2 2
22 11 50 50 50 50 50 50 50 50 50 50 2 2 2 2 2 2 2 2 2 2
22 12 50 50 50 50 50 50 50 50 50 50 2 2 2 2 2 2 2 2 2 2
22 13 50 50 50 50 50 50 50 50 50 50 2 2 2 2 2 2 2 2 2 2
22 14 50 50 50 50 50 50 50 50 50 50 2 2 2 2 2 2 2 2 2 2
22 15 50 50 50 50 50 50 50 50 50 50 2 2 2 2 2 2 2 2 2 2
22 16 50 50 50 50 50 50 50 50 50 50 2 2 2 2 2 2 2 2 2 2
22 17 50 50 50 50 50 50 50 50 50 50 2 2 2 2 2 2 2 2 2 2
22 18 50 50 50 50 50 50 50 50 50 50 2 2 2 2 2 2 2 2 2 2
22 19 50 50 50 50 50 50 50 50 50 50 2 2 2 2 2 2 2 2 2 2
22 20 50 50 50 50 50 50 50 50 50 50 2 2 2 2 2 2 2 2 2 2
22 21 50 50 50 50 50 50 50 50 50 50 2 2 2 2 2 2 2 2 2 2
22 22 50 50 50 50 50 50 50 50 50 50 2 2 2 2 2 2 2 2 2 2
22 23 50 50 50 50 50 50 50 50 50 50 2 2 2 2 2 2 2 2 2 2
22 24 50 50 50 50 50 50 50 50 50 50 2 2 2 2 2 2 2 2 2 2
22 25 50 50 50 50 50 50 50 50 50 50 2 2 2 2 2 2 2 2 2 2
22 26 50 50 50 50 50 50 50 50 50 50 2 2 2 2 2 2 2 2 2 2
22 27 50 50 50 50 50 50 50 50 50 50 2 2 2 2 2 2 2 2 2 2
22 28 50 50 50 50 50 50 50 50 50 50 2 2 2 2 2 2 2 2 2 2
22 29 50 50 50 50 50 50 50 50 50 50 2 2 2 2 2 2 2 2 2 2
22 30 50 50 50 50 50 50 50 50 50 50 2 2 2 2 2 2 2 2 2 2
22 31 50 50 50 50 50 50 50 50 50 50 2 2 2 2 2 2 2 2 2 2
22 32 50 50 50 50 50 50 50 50 50 50 2 2 2 2 2 2 2 2 2 2
22 33 50 50 50 50 50 50 50 50 50 50 2 2 2 2 2 2 2 2 2 2
22 34 50 50 50 50 50 50 50 50 50 50 2 2 2 2 2 2 2 2 2 2
22 35 50 50 50 50 50 50 50 50 50 50 2 2 2 2 2 2 2 2 2 2
22 36 50 50 50 50 50 50 50 50 50 50 2 2 2 2 2 2 2 2 2 2
22 37 50 50 50 50 50 50 50 50 50 50 2 2 2 2 2 2 2 2 2 2
22 38 50 50 50 50 50 50 50 50 50 50 2 2 2 2 2 2 2 2 2 2
22 39 50 50 50 50 50 50 50 50 50 50 2 2 2 2 2 2 2 2 2 2
22 40 50 50 50 50 50 50 50 50 50 50 2 2 2 2 2 2 2 2 2 2
22 41 50 50 50 50 50 50 50 50 50 50 2 2 2 2 2 2 2 2 2 2
23 1 50 50 50 50 50 50 50 50 50 50 2 2 2 2 2 2 2 2 2 2
23 2 50 50 50 50 50 50 50 50 50 50 2 2 2 2 2 2 2 2 2 2
23 3 50 50 50 50 50 50 50 50 50 50 2 2 2 2 2 2 2 2 2 2
23 4 50 50 50 50 50 50 50 50 50 50 2 2 2 2 2 2 2 2 2 2
23 5 50 50 50 50 50 50 50 50 50 50 2 2 2 2 2 2 2 2 2 2
23 6 50 50 50 50 50 50 50 50 50 50 2 2 2 2 2 2 2 2 2 2
23 7 50 50 50 50 50 50 50 50 50 50 2 2 2 2 2 2 2 2 2 2
23 8 50 50 50 50 50 50 50 50 50 50 2 2 2 2 2 2 2 2 2 2
23 9 50 50 50 50 50 50 50 50 50 50 2 2 2 2 2 2 2 2 2 2
23 10 50 50 50 50 50 50 50 50 50 50 2 2 2 2 2 2 2 2 2 2
23 11 50 50 50 50 50 50 50 50 50 50 2 2 2 2 2 2 2 2 2 2
23 12 50 50 50 50 50 50 50 50 50 50 2 2 2 2 2 2 2 2 2 2
23 13 50 50 50 50 50 50 50 50 50 50 2 2 2 2 2 2 2 2 2 2
23 14 50 50 50 50 50 50 50 50 50 50 2 2 2 2 2 2 2 2 2 2
23 15 50 50 50 50 50 50 50 50 50 50 2 2 2 2 2 2 2 2 2 2
23 16 50 50 50 50 50 50 50 50 50 50 2 2 2 2 2 2 2 2 2 2
23 17 50 50 50 50 50 50 50 50 50 50 2 2 2 2 2 2 2 2 2 2
23 18 50 50 50 50 50 50 50 50 50 50 2 2 2 2 2 2 2 2 2 2
23 19 50 50 50 50 50 50 50 50 50 50 2 2 2 2 2 2 2 2 2 2
23 20 50 50 50 50 50 50 50 50 50 50 2 2 2 2 2 2 2 2 2 2
23 21 50 50 50 50 50 50 50 50 50 50 2 2 2 2 2 2 2 2 2 2
23 22 50 50 50 50 50 50 50 50 50 50 2 2 2 2 2 2 2 2 2 2
23 24 50 50 50 50 50 50 50 50 50 50 2 2 2 2 2 2 2 2 2 2
23 25 50 50 50 50 50 50 50 50 50 50 2 2 2 2 2 2 2 2 2 2
23 26 50 50 50 50 50 50 50 50 50 50 2 2 2 2 2 2 2 2 2 2
23 27 50 50 50 50 50 50 50 50 50 50 2 2 2 2 2 2 2 2 2 2
23 28 50 50 50 50 50 50 50 50 50 50 2 2 2 2 2 2 2 2 2 2
23 29 50 50 50 50 50 50 50 50 50 50 2 2 2 2 2 2 2 2 2 2
23 30 50 50 50 50 50 50 50 50 50 50 2 2 2 2 2 2 2 2 2 2
23 31 50 50 50 50 50 50 50 50 50 50 2 2 2 2 2 2 2 2 2 2
23 32 50 50 50 50 50 50 50 50 50 50 2 2 2 2 2 2 2 2 2 2
23 33 50 50 50 50 50 50 50 50 50 50 2 2 2 2 2 2 2 2 2 2
23 34 50 50 50 50 50 50 50 50 50 50 2 2 2 2 2 2 2 2 2 2
23 35 50 50 50 50 50 50 50 50 50 50 2 2 2 2 2 2 2 2 2 2
23 36 50 50 50 50 50 50 50 50 50 50 2 2 2 2 2 2 2 2 2 2
23 37 50 50 50 50 50 50 50 50 50 50 2 2 2 2 2 2 2 2 2 2
23 38 50 50 50 50 50 50 50 50 50 50 2 2 2 2 2 2 2 2 2 2
23 39 50 50 50 50 50 50 50 50 50 50 2 2 2 2 2 2 2 2 2 2
23 40 50 50 50 50 50 50 50 50 50 50 2 2 2 2 2 2 2 2 2 2
23 41 50 50 50 50 50 50 50 50 50 50 2 2 2 2 2 2 2 2 2 2
24 1 50 50 50 50 50 50 50 50 50 50 2 2 2 2 2 2 2 2 2 2
24 2 50 50 50 50 50 50 50 50 50 50 2 2 2 2 2 2 2 2 2 2
24 3 50 50 50 50 50 50 50 50 50 50 2 2 2 2 2 2 2 2 2 2
24 4 50 50 50 50 50 50 50 50 50 50 2 2 2 2 2 2 2 2 2 2
24 5 50 50 50 50 50 50 50 50 50 50 2 2 2 2 2 2 2 2 2 2
24 6 50 50 50 50 50 50 50 50 50 50 2 2 2 2 2 2 2 2 2 2
24 7 50 50 50 50 50 50 50 50 50 50 2 2 2 2 2 2 2 2 2 2
24 8 50 50 50 50 50 50 50 50 50 50 2 2 2 2 2 2 2 2 2 2
24 9 50 50 50 50 50 50 50 50 50 50 2 2 2 2 2 2 2 2 2 2
24 10 50 50 50 50 50 50 50 50 50 50 2 2 2 2 2 2 2 2 2 2
24 11 50 50 50 50 50 50 50 50 50 50 2 2 2 2 2 2 2 2 2 2
24 12 50 50 50 50 50 50 50 50 50 50 2 2 2 2 2 2 2 2 2 2
24 13 50 50 50 50 50 50 50 50 50 50 2 2 2 2 2 2 2 2 2 2
24 14 50 50 50 50 50 50 50 50 50 50 2 2 2 2 2 2 2 2 2 2
24 15 50 50 50 50 50 50 50 50 50 50 2 2 2 2 2 2 2 2 2 2
24 16 50 50 50 50 50 50 50 50 50 50 2 2 2 2 2 2 2 2 2 2
24 17 50 50 50 50 50 50 50 50 50 50 2 2 2 2 2 2 2 2 2 2
24 18 50 50 50 50 50 50 50 50 50 50 2 2 2 2 2 2 2 2 2 2
24 19 50 50 50 50 50 50 50 50 50 50 2 2 2 2 2 2 2 2 2 2
24 20 50 50 50 50 50 50 50 50 50 50 2 2 2 2 2 2 2 2 2 2
24 21 50 50 50 50 50 50 50 50 50 50 2 2 2 2 2 2 2 2 2 2
24 22 50 50 50 50 50 50 50 50 50 50 2 2 2 2 2 2 2 2 2 2
24 23 50 50 50 50 50 50 50 50 50 50 2 2 2 2 2 2 2 2 2 2
24 24 50 50 50 50 50 50 50 50 50 50 2 2 2 2 2 2 2 2 2 2
24 25 50 50 50 50 50 50 50 50 50 50 2 2 2 2 2 2 2 2 2 2
24 27 50 50 50 50 50 50 50 50 50 50 2 2 2 2 2 2 2 2 2 2
24 28 50 50 50 50 50 50 50 50 50 50 2 2 2 2 2 2 2 2 2 2
24 29 50 50 50 50 50 50 50 50 50 50 2 2 2 2 2 2 2 2 2 2
24 30 50 50 50 50 50 50 50 50 50 50 2 2 2 2 2 2 2 2 2 2
24 31 50 50 50 50 50 50 50 50 50 50 2 2 2 2 2 2 2 2 2 2
24 32 50 50 50 50 50 50 50 50 50 50 2 2 2 2 2 2 2 2 2 2
24 33 50 50 50 50 50 50 50 50 50 50 2 2 2 2 2 2 2 2 2 2
24 34 50 50 50 50 50 50 50 50 50 50 2 2 2 2 2 2 2 2 2 2
24 35 50 50 50 50 50 50 50 50 50 50 2 2 2 2 2 2 2 2 2 2
24 36 50 50 50 50 50 50 50 50 50 50 2 2 2 2 2 2 2 2 2 2
24 37 50 50 50 50 50 50 50 50 50 50 2 2 2 2 2 2 2 2 2 2
24 38 50 50 50 50 50 50 50 50 50 50 2 2 2 2 2 2 2 2 2 2
24 39 50 50 50 50 50 50 50 50 50 50 2 2 2 2 2 2 2 2 2 2
24 40 50 50 50 50 50 50 50 50 50 50 2 2 2 2 2 2 2 2 2 2
24 41 50 50 50 50 50 50 50 50 50 50 2 2 2 2 2 2 2 2 2 2
25 1 50 50 50 50 50 50 50 50 50 50 2 2 2 2 2 2 2 2 2 2
25 2 50 50 50 50 50 50 50 50 50 50 2 2 2 2 2 2 2 2 2 2
25 3 50 50 50 50 50 50 50 50 50 50 2 2 2 2 2 2 2 2 2 2
25 4 50 50 50 50 50 50 50 50 50 50 2 2 2 2 2 2 2 2 2 2
25 5 50 50 50 50 50 50 50 50 50 50 2 2 2 2 2 2 2 2 2 2
25 6 50 50 50 50 50 50 50 50 50 50 2 2 2 2 2 2 2 2 2 2
25 7 50 50 50 50 50 50 50 50 50 50 2 2 2 2 2 2 2 2 2 2
25 8 50 50 50 50 50 50 50 50 50 50 2 2 2 2 2 2 2 2 2 2
25 9 50 50 50 50 50 50 50 50 50 50 2 2 2 2 2 2 2 2 2 2
25 10 50 50 50 50 50 50 50 50 50 50 2 2 2 2 2 2 2 2 2 2
25 11 50 50 50 50 50 50 50 50 50 50 2 2 2 2 2 2 2 2 2 2
25 12 50 50 50 50 50 50 50 50 50 50 2 2 2 2 2 2 2 2 2 2
25 13 50 50 50 50 50 50 50 50 50 50 2 2 2 2 2 2 2 2 2 2
25 14 50 50 50 50 50 50 50 50 50 50 2 2 2 2 2 2 2 2 2 2
25 15 50 50 50 50 50 50 50 50 50 50 2 2 2 2 2 2 2 2 2 2
25 16 50 50 50 50 50 50 50 50 50 50 2 2 2 2 2 2 2 2 2 2
25 17 50 50 50 50 50 50 50 50 50 50 2 2 2 2 2 2 2 2 2 2
25 18 50 50 50 50 50 50 50 50 50 50 2 2 2 2 2 2 2 2 2 2
25 19 50 50 50 50 50 50 50 50 50 50 2 2 2 2 2 2 2 2 2 2
25 20 50 50 50 50 50 50 50 50 50 50 2 2 2 2 2 2 2 2 2 2
25 21 50 50 50 50 50 50 50 50 50 50 2 2 2 2 2 2 2 2 2 2
25 22 50 50 50 50 50 50 50 50 50 50 2 2 2 2 2 2 2 2 2 2
25 23 50 50 50 50 50 50 50 50 50 50 2 2 2 2 2 2 2 2 2 2
25 24 50 50 50 50 50 50 50 50 50 50 2 2 2 2 2 2 2 2 2 2
25 25 50 50 50 50 50 50 50 50 50 50 2 2 2 2 2 2 2 2 2 2
25 26 50 50 50 50 50 50 50 50 50 50 2 2 2 2 2 2 2 2 2 2
25 27 50 50 50 50 50 50 50 50 50 50 2 2 2 2 2 2 2 2 2 2
25 28 50 50 50 50 50 50 50 50 50 50 2 2 2 2 2 2 2 2 2 2
25 29 50 50 50 50 50 50 50 50 50 50 2 2 2 2 2 2 2 2 2 2
25 30 50 50 50 50 50 50 50 50 50 50 2 2 2 2 2 2 2 2 2 2
25 31 50 50 50 50 50 50 50 50 50 50 2 2 2 2 2 2 2 2 2 2
25 32 50 50 50 50 50 50 50 50 50 50 2 2 2 2 2 2 2 2 2 2
25 33 50 50 50 50 50 50 50 50 50 50 2 2 2 2 2 2 2 2 2 2
25 34 50 50 50 50 50 50 50 50 50 50 2 2 2 2 2 2 2 2 2 2
25 35 50 50 50 50 50 50 50 50 50 50 2 2 2 2 2 2 2 2 2 2
25 36 50 50 50 50 50 50 50 50 50 50 2 2 2 2 2 2 2 2 2 2
25 37 50 50 50 50 50 50 50 50 50 50 2 2 2 2 2 2 2 2 2 2
25 38 50 50 50 50 50 50 50 50 50 50 2 2 2 2 2 2 2 2 2 2
25 39 50 50 50 50 50 50 50 50 50 50 2 2 2 2 2 2 2 2 2 2
25 40 50 50 50 50 50 50 50 50 50 50 2 2 2 2 2 2 2 2 2 2
25 41 50 50 50 50 50 50 50 50 50 50 2 2 2 2 2 2 2 2 2 2
26 1 50 50 50 50 50 50 50 50 50 50 2 2 2 2 2 2 2 2 2 2
26 2 50 50 50 50 50 50 50 50 50 50 2 2 2 2 2 2 2 2 2 2
26 3 50 50 50 50 50 50 50 50 50 50 2 2 2 2 2 2 2 2 2 2
26 4 50 50 50 50 50 50 50 50 50 50 2 2 2 2 2 2 2 2 2 2
26 5 50 50 50 50 50 50 50 50 50 50 2 2 2 2 2 2 2 2 2 2
26 6 50 50 50 50 50 50 50 50 50 50 2 2 2 2 2 2 2 2 2 2
26 7 50 50 50 50 50 50 50 50 50 50 2 2 2 2 2 2 2 2 2 2
26 8 50 50 50 50 50 50 50 50 50 50 2 2 2 2 2 2 2 2 2 2
26 9 50 50 50 50 50 50 50 50 50 50 2 2 2 2 2 2 2 2 2 2
26 10 50 50 50 50 50 50 50 50 50 50 2 2 2 2 2 2 2 2 2 2
26 11 50 50 50 50 50 50 50 50 50 50 2 2 2 2 2 2 2 2 2 2
26 12 50 50 50 50 50 50 50 50 50 50 2 2 2 2 2 2 2 2 2 2
26 13 50 50 50 50 50 50 50 50 50 50 2 2 2 2 2 2 2 2 2 2
26 14 50 50 50 50 50 50 50 50 50 50 2 2 2 2 2 2 2 2 2 2
26 15 50 50 50 50 50 50 50 50 50 50 2 2 2 2 2 2 2 2 2 2
26 16 50 50 50 50 50 50 50 50 50 50 2 2 2 2 2 2 2 2 2 2
26 17 50 50 50 50 50 50 50 50 50 50 2 2 2 2 2 2 2 2 2 2
26 18 50 50 50 50 50 50 50 50 50 50 2 2 2 2 2 2 2 2 2 2
26 19 50 50 50 50 50 50 50 50 50 50 2 2 2 2 2 2 2 2 2 2
26 20 50 50 50 50 50 50 50 50 50 50 2 2 2 2 2 2 2 2 2 2
26 21 50 50 50 50 50 50 50 50 50 50 2 2 2 2 2 2 2 2 2 2
26 22 50 50 50 50 50 50 50 50 50 50 2 2 2 2 2 2 2 2 2 2
26 23 50 50 50 50 50 50 50 50 50 50 2 2 2 2 2 2 2 2 2 2
26 24 50 50 50 50 50 50 50 50 50 50 2 2 2 2 2 2 2 2 2 2
26 25 50 50 50 50 50 50 50 50 50 50 2 2 2 2 2 2 2 2 2 2
26 26 50 50 50 50 50 50 50 50 50 50 2 2 2 2 2 2 2 2 2 2
26 27 50 50 50 50 50 50 50 50 50 50 2 2 2 2 2 2 2 2 2 2
26 28 50 50 50 50 50 50 50 50 50 50 2 2 2 2 2 2 2 2 2 2
26 29 50 50 50 50 50 50 50 50 50 50 2 2 2 2 2 2 2 2 2 2
26 30 50 50 50 50 50 50 50 50 50 50 2 2 2 2 2 2 2 2 2 2
26 31 50 50 50 50 50 50 50 50 50 50 2 2 2 2 2 2 2 2 2 2
26 32 50 50 50 50 50 50 50 50 50 50 2 2 2 2 2 2 2 2 2 2
26 33 50 50 50 50 50 50 50 50 50 50 2 2 2 2 2 2 2 2 2 2
26 34 50 50 50 50 50 50 50 50 50 50 2 2 2 2 2 2 2 2 2 2
26 35 50 50 50 50 50 50 50 50 50 50 2 2 2 2 2 2 2 2 2 2
26 36 50 50 50 50 50 50 50 50 50 50 2 2 2 2 2 2 2 2 2 2
26 37 50 50 50 50 50 50 50 50 50 50 2 2 2 2 2 2 2 2 2 2
26 38 50 50 50 50 50 50 50 50 50 50 2 2 2 2 2 2 2 2 2 2
26 39 50 50 50 50 50 50 50 50 50 50 2 2 2 2 2 2 2 2 2 2
26 40 50 50 50 50 50 50 50 50 50 50 2 2 2 2 2 2 2 2 2 2
26 41 50 50 50 50 50 50 50 50 50 50 2 2 2 2 2 2 2 2 2 2
27 1 50 50 50 50 50 50 50 50 50 50 2 2 2 2 2 2 2 2 2 2
27 2 50 50 50 50 50 50 50 50 50 50 2 2 2 2 2 2 2 2 2 2
27 3 50 50 50 50 50 50 50 50 50 50 2 2 2 2 2 2 2 2 2 2
27 4 50 50 50 50 50 50 50 50 50 50 2 2 2 2 2 2 2 2 2 2
27 5 50 50 50 50 50 50 50 50 50 50 2 2 2 2 2 2 2 2 2 2
27 6 50 50 50 50 50 50 50 50 50 50 2 2 2 2 2 2 2 2 2 2
27 7 50 50 50 50 50 50 50 50 50 50 2 2 2 2 2 2 2 2 2 2
27 8 50 50 50 50 50 50 50 50 50 50 2 2 2 2 2 2 2 2 2 2
27 9 50 50 50 50 50 50 50 50 50 50 2 2 2 2 2 2 2 2 2 2
27 10 50 50 50 50 50 50 50 50 50 50 2 2 2 2 2 2 2 2 2 2
27 11 50 50 50 50 50 50 50 50 50 50 2 2 2 2 2 2 2 2 2 2
27 12 50 50 50 50 50 50 50 50 50 50 2 2 2 2 2 2 2 2 2 2
27 13 50 50 50 50 50 50 50 50 50 50 2 2 2 2 2 2 2 2 2 2
27 14 50 50 50 50 50 50 50 50 50 50 2 2 2 2 2 2 2 2 2 2
27 15 50 50 50 50 50 50 50 50 50 50 2 2 2 2 2 2 2 2 2 2
27 16 50 50 50 50 50 50 50 50 50 50 2 2 2 2 2 2 2 2 2 2
27 17 50 50 50 50 50 50 50 50 50 50 2 2 2 2 2 2 2 2 2 2
27 18 50 50 50 50 50 50 50 50 50 50 2 2 2 2 2 2 2 2 2 2
27 19 50 50 50 50 50 50 50 50 50 50 2 2 2 2 2 2 2 2 2 2
27 20 50 50 50 50 50 50 50 50 50 50 2 2 2 2 2 2 2 2 2 2
27 21 50 50 50 50 50 50 50 50 50 50 2 2 2 2 2 2 2 2 2 2
27 22 50 50 50 50 50 50 50 50 50 50 2 2 2 2 2 2 2 2 2 2
27 23 50 50 50 50 50 50 50 50 50 50 2 2 2 2 2 2 2 2 2 2
27 24 50 50 50 50 50 50 50 50 50 50 2 2 2 2 2 2 2 2 2 2
27 25 50 50 50 50 50 50 50 50 50 50 2 2 2 2 2 2 2 2 2 2
27 26 50 50 50 50 50 50 50 50 50 50 2 2 2 2 2 2 2 2 2 2
27 27 50 50 50 50 50 50 50 50 50 50 2 2 2 2 2 2 2 2 2 2
27 28 50 50 50 50 50 50 50 50 50 50 2 2 2 2 2 2 2 2 2 2
27 29 50 50 50 50 50 50 50 50 50 50 2 2 2 2 2 2 2 2 2 2
27 30 50 50 50 50 50 50 50 50 50 50 2 2 2 2 2 2 2 2 2 2
27 31 50 50 50 50 50 50 50 50 50 50 2 2 2 2 2 2 2 2 2 2
27 32 50 50 50 50 50 50 50 50 50 50 2 2 2 2 2 2 2 2 2 2
27 33 50 50 50 50 50 50 50 50 50 50 2 2 2 2 2 2 2 2 2 2
27 34 50 50 50 50 50 50 50 50 50 50 2 2 2 2 2 2 2 2 2 2
27 35 50 50 50 50 50 50 50 50 50 50 2 2 2 2 2 2 2 2 2 2
27 36 50 50 50 50 50 50 50 50 50 50 2 2 2 2 2 2 2 2 2 2
27 37 50 50 50 50 50 50 50 50 50 50 2 2 2 2 2 2 2 2 2 2
27 38 50 50 50 50 50 50 50 50 50 50 2 2 2 2 2 2 2 2 2 2
27 39 50 50 50 50 50 50 50 50 50 50 2 2 2 2 2 2 2 2 2 2
27 40 50 50 50 50 50 50 50 50 50 50 2 2 2 2 2 2 2 2 2 2
27 41 50 50 50 50 50 50 50 50 50 50 2 2 2 2 2 2 2 2 2 2
28 1 50 50 50 50 50 50 50 50 50 50 2 2 2 2 2 2 2 2 2 2
28 2 50 50 50 50 50 50 50 50 50 50 2 2 2 2 2 2 2 2 2 2
28 3 50 50 50 50 50 50 50 50 50 50 2 2 2 2 2 2 2 2 2 2
28 4 50 50 50 50 50 50 50 50 50 50 2 2 2 2 2 2 2 2 2 2
28 5 50 50 50 50 50 50 50 50 50 50 2 2 2 2 2 2 2 2 2 2
28 6 50 50 50 50 50 50 50 50 50 50 2 2 2 2 2 2 2 2 2 2
28 7 50 50 50 50 50 50 50 50 50 50 2 2 2 2 2 2 2 2 2 2
28 8 50 50 50 50 50 50 50 50 50 50 2 2 2 2 2 2 2 2 2 2
28 9 50 50 50 50 50 50 50 50 50 50 2 2 2 2 2 2 2 2 2 2
28 10 50 50 50 50 50 50 50 50 50 50 2 2 2 2 2 2 2 2 2 2
28 11 50 50 50 50 50 50 50 50 50 50 2 2 2 2 2 2 2 2 2 2
28 12 50 50 50 50 50 50 50 50 50 50 2 2 2 2 2 2 2 2 2 2
28 13 50 50 50 50 50 50 50 50 50 50 2 2 2 2 2 2 2 2 2 2
28 14 50 50 50 50 50 50 50 50 50 50 2 2 2 2 2 2 2 2 2 2
28 15 50 50 50 50 50 50 50 50 50 50 2 2 2 2 2 2 2 2 2 2
28 16 50 50 50 50 50 50 50 50 50 50 2 2 2 2 2 2 2 2 2 2
28 17 50 50 50 50 50 50 50 50 50 50 2 2 2 2 2 2 2 2 2 2
28 18 50 50 50 50 50 50 50 50 50 50 2 2 2 2 2 2 2 2 2 2
28 19 50 50 50 50 50 50 50 50 50 50 2 2 2 2 2 2 2 2 2 2
28 20 50 50 50 50 50 50 50 50 50 50 2 2 2 2 2 2 2 2 2 2
28 21 50 50 50 50 50 50 50 50 50 50 2 2 2 2 2 2 2 2 2 2
28 22 50 50 50 50 50 50 50 50 50 50 2 2 2 2 2 2 2 2 2 2
28 23 50 50 50 50 50 50 50 50 50 50 2 2 2 2 2 2 2 2 2 2
28 24 50 50 50 50 50 50 50 50 50 50 2 2 2 2 2 2 2 2 2 2
28 25 50 50 50 50 50 50 50 50 50 50 2 2 2 2 2 2 2 2 2 2
28 26 50 50 50 50 50 50 50 50 50 50 2 2 2 2 2 2 2 2 2 2
28 27 50 50 50 50 50 50 50 50 50 50 2 2 2 2 2 2 2 2 2 2
28 28 50 50 50 50 50 50 50 50 50 50 2 2 2 2 2 2 2 2 2 2
28 29 50 50 50 50 50 50 50 50 50 50 2 2 2 2 2 2 2 2 2 2
28 30 50 50 50 50 50 50 50 50 50 50 2 2 2 2 2 2 2 2 2 2
28 31 50 50 50 50 50 50 50 50 50 50 2 2 2 2 2 2 2 2 2 2
28 32 50 50 50 50 50 50 50 50 50 50 2 2 2 2 2 2 2 2 2 2
28 33 50 50 50 50 50 50 50 50 50 50 2 2 2 2 2 2 2 2 2 2
28 34 50 50 50 50 50 50 50 50 50 50 2 2 2 2 2 2 2 2 2 2
28 35 50 50 50 50 50 50 50 50 50 50 2 2 2 2 2 2 2 2 2 2
28 36 50 50 50 50 50 50 50 50 50 50 2 2 2 2 2 2 2 2 2 2
28 37 50 50 50 50 50 50 50 50 50 50 2 2 2 2 2 2 2 2 2 2
28 38 50 50 50 50 50 50 50 50 50 50 2 2 2 2 2 2 2 2 2 2
28 39 50 50 50 50 50 50 50 50 50 50 2 2 2 2 2 2 2 2 2 2
28 40 50 50 50 50 50 50 50 50 50 50 2 2 2 2 2 2 2 2 2 2
28 41 50 50 50 50 50 50 50 50 50 50 2 2 2 2 2 2 2 2 2 2
29 1 50 50 50 50 50 50 50 50 50 50 2 2 2 2 2 2 2 2 2 2
29 2 50 50 50 50 50 50 50 50 50 50 2 2 2 2 2 2 2 2 2 2
29 3 50 50 50 50 50 50 50 50 50 50 2 2 2 2 2 2 2 2 2 2
29 4 50 50 50 50 50 50 50 50 50 50 2 2 2 2 2 2 2 2 2 2
29 5 50 50 50 50 50 50 50 50 50 50 2 2 2 2 2 2 2 2 2 2
29 6 50 50 50 50 50 50 50 50 50 50 2 2 2 2 2 2 2 2 2 2
29 7 50 50 50 50 50 50 50 50 50 50 2 2 2 2 2 2 2 2 2 2
29 8 50 50 50 50 50 50 50 50 50 50 2 2 2 2 2 2 2 2 2 2
29 9 50 50 50 50 50 50 50 50 50 50 2 2 2 2 2 2 2 2 2 2
29 10 50 50 50 50 50 50 50 50 50 50 2 2 2 2 2 2 2 2 2 2
29 11 50 50 50 50 50 50 50 50 50 50 2 2 2 2 2 2 2 2 2 2
29 12 50 50 50 50 50 50 50 50 50 50 2 2 2 2 2 2 2 2 2 2
29 13 50 50 50 50 50 50 50 50 50 50 2 2 2 2 2 2 2 2 2 2
29 14 50 50 50 50 50 50 50 50 50 50 2 2 2 2 2 2 2 2 2 2
29 15 50 50 50 50 50 50 50 50 50 50 2 2 2 2 2 2 2 2 2 2
29 16 50 50 50 50 50 50 50 50 50 50 2 2 2 2 2 2 2 2 2 2
29 17 50 50 50 50 50 50 50 50 50 50 2 2 2 2 2 2 2 2 2 2
29 18 50 50 50 50 50 50 50 50 50 50 2 2 2 2 2 2 2 2 2 2
29 19 50 50 50 50 50 50 50 50 50 50 2 2 2 2 2 2 2 2 2 2
29 20 50 50 50 50 50 50 50 50 50 50 2 2 2 2 2 2 2 2 2 2
29 21 50 50 50 50 50 50 50 50 50 50 2 2 2 2 2 2 2 2 2 2
29 22 50 50 50 50 50 50 50 50 50 50 2 2 2 2 2 2 2 2 2 2
29 23 50 50 50 50 50 50 50 50 50 50 2 2 2 2 2 2 2 2 2 2
29 24 50 50 50 50 50 50 50 50 50 50 2 2 2 2 2 2 2 2 2 2
29 25 50 50 50 50 50 50 50 50 50 50 2 2 2 2 2 2 2 2 2 2
29 26 50 50 50 50 50 50 50 50 50 50 2 2 2 2 2 2 2 2 2 2
29 27 50 50 50 50 50 50 50 50 50 50 2 2 2 2 2 2 2 2 2 2
29 28 50 50 50 50 50 50 50 50 50 50 2 2 2 2 2 2 2 2 2 2
29 29 50 50 50 50 50 50 50 50 50 50 2 2 2 2 2 2 2 2 2 2
29 30 50 50 50 50 50 50 50 50 50 50 2 2 2 2 2 2 2 2 2 2
29 31 50 50 50 50 50 50 50 50 50 50 2 2 2 2 2 2 2 2 2 2
29 32 50 50 50 50 50 50 50 50 50 50 2 2 2 2 2 2 2 2 2 2
29 33 50 50 50 50 50 50 50 50 50 50 2 2 2 2 2 2 2 2 2 2
29 34 50 50 50 50 50 50 50 50 50 50 2 2 2 2 2 2 2 2 2 2
29 35 50 50 50 50 50 50 50 50 50 50 2 2 2 2 2 2 2 2 2 2
29 36 50 50 50 50 50 50 50 50 50 50 2 2 2 2 2 2 2 2 2 2
29 37 50 50 50 50 50 50 50 50 50 50 2 2 2 2 2 2 2 2 2 2
29 38 50 50 50 50 50 50 50 50 50 50 2 2 2 2 2 2 2 2 2 2
29 39 50 50 50 50 50 50 50 50 50 50 2 2 2 2 2 2 2 2 2 2
29 40 50 50 50 50 50 50 50 50 50 50 2 2 2 2 2 2 2 2 2 2
29 41 50 50 50 50 50 50 50 50 50 50 2 2 2 2 2 2 2 2 2 2
30 1 50 50 50 50 50 50 50 50 50 50 2 2 2 2 2 2 2 2 2 2
30 2 50 50 50 50 50 50 50 50 50 50 2 2 2 2 2 2 2 2 2 2
30 3 50 50 50 50 50 50 50 50 50 50 2 2 2 2 2 2 2 2 2 2
30 4 50 50 50 50 50 50 50 50 50 50 2 2 2 2 2 2 2 2 2 2
30 5 50 50 50 50 50 50 50 50 50 50 2 2 2 2 2 2 2 2 2 2
30 6 50 50 50 50 50 50 50 50 50 50 2 2 2 2 2 2 2 2 2 2
30 7 50 50 50 50 50 50 50 50 50 50 2 2 2 2 2 2 2 2 2 2
30 8 50 50 50 50 50 50 50 50 50 50 2 2 2 2 2 2 2 2 2 2
30 9 50 50 50 50 50 50 50 50 50 50 2 2 2 2 2 2 2 2 2 2
30 10 50 50 50 50 50 50 50 50 50 50 2 2 2 2 2 2 2 2 2 2
30 11 50 50 50 50 50 50 50 50 50 50 2 2 2 2 2 2 2 2 2 2
30 12 50 50 50 50 50 50 50 50 50 50 2 2 2 2 2 2 2 2 2 2
30 13 50 50 50 50 50 50 50 50 50 50 2 2 2 2 2 2 2 2 2 2
30 14 50 50 50 50 50 50 50 50 50 50 2 2 2 2 2 2 2 2 2 2
30 15 50 50 50 50 50 50 50 50 50 50 2 2 2 2 2 2 2 2 2 2
30 16 50 50 50 50 50 50 50 50 50 50 2 2 2 2 2 2 2 2 2 2
30 17 50 50 50 50 50 50 50 50 50 50 2 2 2 2 2 2 2 2 2 2
30 18 50 50 50 50 50 50 50 50 50 50 2 2 2 2 2 2 2 2 2 2
30 19 50 50 50 50 50 50 50 50 50 50 2 2 2 2 2 2 2 2 2 2
30 20 50 50 50 50 50 50 50 50 50 50 2 2 2 2 2 2 2 2 2 2
30 21 50 50 50 50 50 50 50 50 50 50 2 2 2 2 2 2 2 2 2 2
30 22 50 50 50 50 50 50 50 50 50 50 2 2 2 2 2 2 2 2 2 2
30 23 50 50 50 50 50 50 50 50 50 50 2 2 2 2 2 2 2 2 2 2
30 24 50 50 50 50 50 50 50 50 50 50 2 2 2 2 2 2 2 2 2 2
30 25 50 50 50 50 50 50 50 50 50 50 2 2 2 2 2 2 2 2 2 2
30 26 50 50 50 50 50 50 50 50 50 50 2 2 2 2 2 2 2 2 2 2
30 27 50 50 50 50 50 50 50 50 50 50 2 2 2 2 2 2 2 2 2 2
30 29 50 50 50 50 50 50 50 50 50 50 2 2 2 2 2 2 2 2 2 2
30 30 50 50 50 50 50 50 50 50 50 50 2 2 2 2 2 2 2 2 2 2
30 31 50 50 50 50 50 50 50 50 50 50 2 2 2 2 2 2 2 2 2 2
30 32 50 50 50 50 50 50 50 50 50 50 2 2 2 2 2 2 2 2 2 2
30 33 50 50 50 50 50 50 50 50 50 50 2 2 2 2 2 2 2 2 2 2
30 34 50 50 50 50 50 50 50 50 50 50 2 2 2 2 2 2 2 2 2 2
30 35 50 50 50 50 50 50 50 50 50 50 2 2 2 2 2 2 2 2 2 2
30 36 50 50 50 50 50 50 50 50 50 50 2 2 2 2 2 2 2 2 2 2
30 37 50 50 50 50 50 50 50 50 50 50 2 2 2 2 2 2 2 2 2 2
30 38 50 50 50 50 50 50 50 50 50 50 2 2 2 2 2 2 2 2 2 2
30 39 50 50 50 50 50 50 50 50 50 50 2 2 2 2 2 2 2 2 2 2
30 40 50 50 50 50 50 50 50 50 50 50 2 2 2 2 2 2 2 2 2 2
30 41 50 50 50 50 50 50 50 50 50 50 2 2 2 2 2 2 2 2 2 2
31 1 50 50 50 50 50 50 50 50 50 50 2 2 2 2 2 2 2 2 2 2
31 2 50 50 50 50 50 50 50 50 50 50 2 2 2 2 2 2 2 2 2 2
31 3 50 50 50 50 50 50 50 50 50 50 2 2 2 2 2 2 2 2 2 2
31 4 50 50 50 50 50 50 50 50 50 50 2 2 2 2 2 2 2 2 2 2
31 5 50 50 50 50 50 50 50 50 50 50 2 2 2 2 2 2 2 2 2 2
31 6 50 50 50 50 50 50 50 50 50 50 2 2 2 2 2 2 2 2 2 2
31 7 50 50 50 50 50 50 50 50 50 50 2 2 2 2 2 2 2 2 2 2
31 8 50 50 50 50 50 50 50 50 50 50 2 2 2 2 2 2 2 2 2 2
31 9 50 50 50 50 50 50 50 50 50 50 2 2 2 2 2 2 2 2 2 2
31 10 50 50 50 50 50 50 50 50 50 50 2 2 2 2 2 2 2 2 2 2
31 11 50 50 50 50 50 50 50 50 50 50 2 2 2 2 2 2 2 2 2 2
31 12 50 50 50 50 50 50 50 50 50 50 2 2 2 2 2 2 2 2 2 2
31 13 50 50 50 50 50 50 50 50 50 50 2 2 2 2 2 2 2 2 2 2
31 14 50 50 50 50 50 50 50 50 50 50 2 2 2 2 2 2 2 2 2 2
31 15 50 50 50 50 50 50 50 50 50 50 2 2 2 2 2 2 2 2 2 2
31 16 50 50 50 50 50 50 50 50 50 50 2 2 2 2 2 2 2 2 2 2
31 17 50 50 50 50 50 50 50 50 50 50 2 2 2 2 2 2 2 2 2 2
31 18 50 50 50 50 50 50 50 50 50 50 2 2 2 2 2 2 2 2 2 2
31 19 50 50 50 50 50 50 50 50 50 50 2 2 2 2 2 2 2 2 2 2
31 20 50 50 50 50 50 50 50 50 50 50 2 2 2 2 2 2 2 2 2 2
31 21 50 50 50 50 50 50 50 50 50 50 2 2 2 2 2 2 2 2 2 2
31 22 50 50 50 50 50 50 50 50 50 50 2 2 2 2 2 2 2 2 2 2
31 23 50 50 50 50 50 50 50 50 50 50 2 2 2 2 2 2 2 2 2 2
31 24 50 50 50 50 50 50 50 50 50 50 2 2 2 2 2 2 2 2 2 2
31 25 50 50 50 50 50 50 50 50 50 50 2 2 2 2 2 2 2 2 2 2
31 26 50 50 50 50 50 50 50 50 50 50 2 2 2 2 2 2 2 2 2 2
31 27 50 50 50 50 50 50 50 50 50 50 2 2 2 2 2 2 2 2 2 2
31 28 50 50 50 50 50 50 50 50 50 50 2 2 2 2 2 2 2 2 2 2
31 29 50 50 50 50 50 50 50 50 50 50 2 2 2 2 2 2 2 2 2 2
31 30 50 50 50 50 50 50 50 50 50 50 2 2 2 2 2 2 2 2 2 2
31 31 50 50 50 50 50 50 50 50 50 50 2 2 2 2 2 2 2 2 2 2
31 32 50 50 50 50 50 50 50 50 50 50 2 2 2 2 2 2 2 2 2 2
31 33 50 50 50 50 50 50 50 50 50 50 2 2 2 2 2 2 2 2 2 2
31 34 50 50 50 50 50 50 50 50 50 50 2 2 2 2 2 2 2 2 2 2
31 35 50 50 50 50 50 50 50 50 50 50 2 2 2 2 2 2 2 2 2 2
31 36 50 50 50 50 50 50 50 50 50 50 2 2 2 2 2 2 2 2 2 2
31 37 50 50 50 50 50 50 50 50 50 50 2 2 2 2 2 2 2 2 2 2
31 38 50 50 50 50 50 50 50 50 50 50 2 2 2 2 2 2 2 2 2 2
31 39 50 50 50 50 50 50 50 50 50 50 2 2 2 2 2 2 2 2 2 2
31 40 50 50 50 50 50 50 50 50 50 50 2 2 2 2 2 2 2 2 2 2
31 41 50 50 50 50 50 50 50 50 50 50 2 2 2 2 2 2 2 2 2 2
32 1 50 50 50 50 50 50 50 50 50 50 2 2 2 2 2 2 2 2 2 2
32 2 50 50 50 50 50 50 50 50 50 50 2 2 2 2 2 2 2 2 2 2
32 3 50 50 50 50 50 50 50 50 50 50 2 2 2 2 2 2 2 2 2 2
32 4 50 50 50 50 50 50 50 50 50 50 2 2 2 2 2 2 2 2 2 2
32 5 50 50 50 50 50 50 50 50 50 50 2 2 2 2 2 2 2 2 2 2
32 6 50 50 50 50 50 50 50 50 50 50 2 2 2 2 2 2 2 2 2 2
32 7 50 50 50 50 50 50 50 50 50 50 2 2 2 2 2 2 2 2 2 2
32 8 50 50 50 50 50 50 50 50 50 50 2 2 2 2 2 2 2 2 2 2
32 9 50 50 50 50 50 50 50 50 50 50 2 2 2 2 2 2 2 2 2 2
32 10 50 50 50 50 50 50 50 50 50 50 2 2 2 2 2 2 2 2 2 2
32 11 50 50 50 50 50 50 50 50 50 50 2 2 2 2 2 2 2 2 2 2
32 12 50 50 50 50 50 50 50 50 50 50 2 2 2 2 2 2 2 2 2 2
32 13 50 50 50 50 50 50 50 50 50 50 2 2 2 2 2 2 2 2 2 2
32 14 50 50 50 50 50 50 50 50 50 50 2 2 2 2 2 2 2 2 2 2
32 15 50 50 50 50 50 50 50 50 50 50 2 2 2 2 2 2 2 2 2 2
32 16 50 50 50 50 50 50 50 50 50 50 2 2 2 2 2 2 2 2 2 2
32 17 50 50 50 50 50 50 50 50 50 50 2 2 2 2 2 2 2 2 2 2
32 18 50 50 50 50 50 50 50 50 50 50 2 2 2 2 2 2 2 2 2 2
32 19 50 50 50 50 50 50 50 50 50 50 2 2 2 2 2 2 2 2 2 2
32 20 50 50 50 50 50 50 50 50 50 50 2 2 2 2 2 2 2 2 2 2
32 21 50 50 50 50 50 50 50 50 50 50 2 2 2 2 2 2 2 2 2 2
32 22 50 50 50 50 50 50 50 50 50 50 2 2 2 2 2 2 2 2 2 2
32 23 50 50 50 50 50 50 50 50 50 50 2 2 2 2 2 2 2 2 2 2
32 24 50 50 50 50 50 50 50 50 50 50 2 2 2 2 2 2 2 2 2 2
32 25 50 50 50 50 50 50 50 50 50 50 2 2 2 2 2 2 2 2 2 2
32 26 50 50 50 50 50 50 50 50 50 50 2 2 2 2 2 2 2 2 2 2
32 27 50 50 50 50 50 50 50 50 50 50 2 2 2 2 2 2 2 2 2 2
32 28 50 50 50 50 50 50 50 50 50 50 2 2 2 2 2 2 2 2 2 2
32 29 50 50 50 50 50 50 50 50 50 50 2 2 2 2 2 2 2 2 2 2
32 30 50 50 50 50 50 50 50 50 50 50 2 2 2 2 2 2 2 2 2 2
32 31 50 50 50 50 50 50 50 50 50 50 2 2 2 2 2 2 2 2 2 2
32 32 50 50 50 50 50 50 50 50 50 50 2 2 2 2 2 2 2 2 2 2
32 33 50 50 50 50 50 50 50 50 50 50 2 2 2 2 2 2 2 2 2 2
32 34 50 50 50 50 50 50 50 50 50 50 2 2 2 2 2 2 2 2 2 2
32 35 50 50 50 50 50 50 50 50 50 50 2 2 2 2 2 2 2 2 2 2
32 36 50 50 50 50 50 50 50 50 50 50 2 2 2 2 2 2 2 2 2 2
32 37 50 50 50 50 50 50 50 50 50 50 2 2 2 2 2 2 2 2 2 2
32 38 50 50 50 50 50 50 50 50 50 50 2 2 2 2 2 2 2 2 2 2
32 39 50 50 50 50 50 50 50 50 50 50 2 2 2 2 2 2 2 2 2 2
32 40 50 50 50 50 50 50 50 50 50 50 2 2 2 2 2 2 2 2 2 2
32 41 50 50 50 50 50 50 50 50 50 50 2 2 2 2 2 2 2 2 2 2
33 1 50 50 50 50 50 50 50 50 50 50 2 2 2 2 2 2 2 2 2 2
33 2 50 50 50 50 50 50 50 50 50 50 2 2 2 2 2 2 2 2 2 2
33 3 50 50 50 50 50 50 50 50 50 50 2 2 2 2 2 2 2 2 2 2
33 4 50 50 50 50 50 50 50 50 50 50 2 2 2 2 2 2 2 2 2 2
33 5 50 50 50 50 50 50 50 50 50 50 2 2 2 2 2 2 2 2 2 2
33 6 50 50 50 50 50 50 50 50 50 50 2 2 2 2 2 2 2 2 2 2
33 7 50 50 50 50 50 50 50 50 50 50 2 2 2 2 2 2 2 2 2 2
33 8 50 50 50 50 50 50 50 50 50 50 2 2 2 2 2 2 2 2 2 2
33 9 50 50 50 50 50 50 50 50 50 50 2 2 2 2 2 2 2 2 2 2
33 10 50 50 50 50 50 50 50 50 50 50 2 2 2 2 2 2 2 2 2 2
33 11 50 50 50 50 50 50 50 50 50 50 2 2 2 2 2 2 2 2 2 2
33 12 50 50 50 50 50 50 50 50 50 50 2 2 2 2 2 2 2 2 2 2
33 13 50 50 50 50 50 50 50 50 50 50 2 2 2 2 2 2 2 2 2 2
33 14 50 50 50 50 50 50 50 50 50 50 2 2 2 2 2 2 2 2 2 2
33 15 50 50 50 50 50 50 50 50 50 50 2 2 2 2 2 2 2 2 2 2
33 16 50 50 50 50 50 50 50 50 50 50 2 2 2 2 2 2 2 2 2 2
33 17 50 50 50 50 50 50 50 50 50 50 2 2 2 2 2 2 2 2 2 2
33 18 50 50 50 50 50 50 50 50 50 50 2 2 2 2 2 2 2 2 2 2
33 19 50 50 50 50 50 50 50 50 50 50 2 2 2 2 2 2 2 2 2 2
33 20 50 50 50 50 50 50 50 50 50 50 2 2 2 2 2 2 2 2 2 2
33 21 50 50 50 50 50 50 50 50 50 50 2 2 2 2 2 2 2 2 2 2
33 22 50 50 50 50 50 50 50 50 50 50 2 2 2 2 2 2 2 2 2 2
33 23 50 50 50 50 50 50 50 50 50 50 2 2 2 2 2 2 2 2 2 2
33 24 50 50 50 50 50 50 50 50 50 50 2 2 2 2 2 2 2 2 2 2
33 25 50 50 50 50 50 50 50 50 50 50 2 2 2 2 2 2 2 2 2 2
33 26 50 50 50 50 50 50 50 50 50 50 2 2 2 2 2 2 2 2 2 2
33 27 50 50 50 50 50 50 50 50 50 50 2 2 2 2 2 2 2 2 2 2
33 28 50 50 50 50 50 50 50 50 50 50 2 2 2 2 2 2 2 2 2 2
33 29 50 50 50 50 50 50 50 50 50 50 2 2 2 2 2 2 2 2 2 2
33 31 50 50 50 50 50 50 50 50 50 50 2 2 2 2 2 2 2 2 2 2
33 32 50 50 50 50 50 50 50 50 50 50 2 2 2 2 2 2 2 2 2 2
33 33 50 50 50 50 50 50 50 50 50 50 2 2 2 2 2 2 2 2 2 2
33 34 50 50 50 50 50 50 50 50 50 50 2 2 2 2 2 2 2 2 2 2
33 35 50 50 50 50 50 50 50 50 50 50 2 2 2 2 2 2 2 2 2 2
33 36 50 50 50 50 50 50 50 50 50 50 2 2 2 2 2 2 2 2 2 2
33 37 50 50 50 50 50 50 50 50 50 50 2 2 2 2 2 2 2 2 2 2
33 38 50 50 50 50 50 50 50 50 50 50 2 2 2 2 2 2 2 2 2 2
33 39 50 50 50 50 50 50 50 50 50 50 2 2 2 2 2 2 2 2 2 2
33 40 50 50 50 50 50 50 50 50 50 50 2 2 2 2 2 2 2 2 2 2
33 41 50 50 50 50 50 50 50 50 50 50 2 2 2 2 2 2 2 2 2 2
34 1 50 50 50 50 50 50 50 50 50 50 2 2 2 2 2 2 2 2 2 2
34 2 50 50 50 50 50 50 50 50 50 50 2 2 2 2 2 2 2 2 2 2
34 3 50 50 50 50 50 50 50 50 50 50 2 2 2 2 2 2 2 2 2 2
34 4 50 50 50 50 50 50 50 50 50 50 2 2 2 2 2 2 2 2 2 2
34 5 50 50 50 50 50 50 50 50 50 50 2 2 2 2 2 2 2 2 2 2
34 6 50 50 50 50 50 50 50 50 50 50 2 2 2 2 2 2 2 2 2 2
34 7 50 50 50 50 50 50 50 50 50 50 2 2 2 2 2 2 2 2 2 2
34 8 50 50 50 50 50 50 50 50 50 50 2 2 2 2 2 2 2 2 2 2
34 9 50 50 50 50 50 50 50 50 50 50 2 2 2 2 2 2 2 2 2 2
34 10 50 50 50 50 50 50 50 50 50 50 2 2 2 2 2 2 2 2 2 2
34 11 50 50 50 50 50 50 50 50 50 50 2 2 2 2 2 2 2 2 2 2
34 12 50 50 50 50 50 50 50 50 50 50 2 2 2 2 2 2 2 2 2 2
34 13 50 50 50 50 50 50 50 50 50 50 2 2 2 2 2 2 2 2 2 2
34 14 50 50 50 50 50 50 50 50 50 50 2 2 2 2 2 2 2 2 2 2
34 15 50 50 50 50 50 50 50 50 50 50 2 2 2 2 2 2 2 2 2 2
34 16 50 50 50 50 50 50 50 50 50 50 2 2 2 2 2 2 2 2 2 2
34 17 50 50 50 50 50 50 50 50 50 50 2 2 2 2 2 2 2 2 2 2
34 18 50 50 50 50 50 50 50 50 50 50 2 2 2 2 2 2 2 2 2 2
34 19 50 50 50 50 50 50 50 50 50 50 2 2 2 2 2 2 2 2 2 2
34 20 50 50 50 50 50 50 50 50 50 50 2 2 2 2 2 2 2 2 2 2
34 21 50 50 50 50 50 50 50 50 50 50 2 2 2 2 2 2 2 2 2 2
34 22 50 50 50 50 50 50 50 50 50 50 2 2 2 2 2 2 2 2 2 2
34 23 50 50 50 50 50 50 50 50 50 50 2 2 2 2 2 2 2 2 2 2
34 24 50 50 50 50 50 50 50 50 50 50 2 2 2 2 2 2 2 2 2 2
34 25 50 50 50 50 50 50 50 50 50 50 2 2 2 2 2 2 2 2 2 2
34 26 50 50 50 50 50 50 50 50 50 50 2 2 2 2 2 2 2 2 2 2
34 27 50 50 50 50 50 50 50 50 50 50 2 2 2 2 2 2 2 2 2 2
34 28 50 50 50 50 50 50 50 50 50 50 2 2 2 2 2 2 2 2 2 2
34 29 50 50 50 50 50 50 50 50 50 50 2 2 2 2 2 2 2 2 2 2
34 30 50 50 50 50 50 50 50 50 50 50 2 2 2 2 2 2 2 2 2 2
34 32 50 50 50 50 50 50 50 50 50 50 2 2 2 2 2 2 2 2 2 2
34 33 50 50 50 50 50 50 50 50 50 50 2 2 2 2 2 2 2 2 2 2
34 34 50 50 50 50 50 50 50 50 50 50 2 2 2 2 2 2 2 2 2 2
34 35 50 50 50 50 50 50 50 50 50 50 2 2 2 2 2 2 2 2 2 2
34 36 50 50 50 50 50 50 50 50 50 50 2 2 2 2 2 2 2 2 2 2
34 37 50 50 50 50 50 50 50 50 50 50 2 2 2 2 2 2 2 2 2 2
34 38 50 50 50 50 50 50 50 50 50 50 2 2 2 2 2 2 2 2 2 2
34 39 50 50 50 50 50 50 50 50 50 50 2 2 2 2 2 2 2 2 2 2
34 40 50 50 50 50 50 50 50 50 50 50 2 2 2 2 2 2 2 2 2 2
34 41 50 50 50 50 50 50 50 50 50 50 2 2 2 2 2 2 2 2 2 2
35 1 50 50 50 50 50 50 50 50 50 50 2 2 2 2 2 2 2 2 2 2
35 2 50 50 50 50 50 50 50 50 50 50 2 2 2 2 2 2 2 2 2 2
35 3 50 50 50 50 50 50 50 50 50 50 2 2 2 2 2 2 2 2 2 2
35 4 50 50 50 50 50 50 50 50 50 50 2 2 2 2 2 2 2 2 2 2
35 5 50 50 50 50 50 50 50 50 50 50 2 2 2 2 2 2 2 2 2 2
35 6 50 50 50 50 50 50 50 50 50 50 2 2 2 2 2 2 2 2 2 2
35 7 50 50 50 50 50 50 50 50 50 50 2 2 2 2 2 2 2 2 2 2
35 8 50 50 50 50 50 50 50 50 50 50 2 2 2 2 2 2 2 2 2 2
35 9 50 50 50 50 50 50 50 50 50 50 2 2 2 2 2 2 2 2 2 2
35 10 50 50 50 50 50 50 50 50 50 50 2 2 2 2 2 2 2 2 2 2
35 11 50 50 50 50 50 50 50 50 50 50 2 2 2 2 2 2 2 2 2 2
35 12 50 50 50 50 50 50 50 50 50 50 2 2 2 2 2 2 2 2 2 2
35 13 50 50 50 50 50 50 50 50 50 50 2 2 2 2 2 2 2 2 2 2
35 14 50 50 50 50 50 50 50 50 50 50 2 2 2 2 2 2 2 2 2 2
35 15 50 50 50 50 50 50 50 50 50 50 2 2 2 2 2 2 2 2 2 2
35 16 50 50 50 50 50 50 50 50 50 50 2 2 2 2 2 2 2 2 2 2
35 17 50 50 50 50 50 50 50 50 50 50 2 2 2 2 2 2 2 2 2 2
35 18 50 50 50 50 50 50 50 50 50 50 2 2 2 2 2 2 2 2 2 2
35 19 50 50 50 50 50 50 50 50 50 50 2 2 2 2 2 2 2 2 2 2
35 20 50 50 50 50 50 50 50 50 50 50 2 2 2 2 2 2 2 2 2 2
35 21 50 50 50 50 50 50 50 50 50 50 2 2 2 2 2 2 2 2 2 2
35 22 50 50 50 50 50 50 50 50 50 50 2 2 2 2 2 2 2 2 2 2
35 23 50 50 50 50 50 50 50 50 50 50 2 2 2 2 2 2 2 2 2 2
35 24 50 50 50 50 50 50 50 50 50 50 2 2 2 2 2 2 2 2 2 2
35 25 50 50 50 50 50 50 50 50 50 50 2 2 2 2 2 2 2 2 2 2
35 26 50 50 50 50 50 50 50 50 50 50 2 2 2 2 2 2 2 2 2 2
35 27 50 50 50 50 50 50 50 50 50 50 2 2 2 2 2 2 2 2 2 2
35 28 50 50 50 50 50 50 50 50 50 50 2 2 2 2 2 2 2 2 2 2
35 29 50 50 50 50 50 50 50 50 50 50 2 2 2 2 2 2 2 2 2 2
35 30 50 50 50 50 50 50 50 50 50 50 2 2 2 2 2 2 2 2 2 2
35 31 50 50 50 50 50 50 50 50 50 50 2 2 2 2 2 2 2 2 2 2
35 32 50 50 50 50 50 50 50 50 50 50 2 2 2 2 2 2 2 2 2 2
35 33 50 50 50 50 50 50 50 50 50 50 2 2 2 2 2 2 2 2 2 2
35 34 50 50 50 50 50 50 50 50 50 50 2 2 2 2 2 2 2 2 2 2
35 35 50 50 50 50 50 50 50 50 50 50 2 2 2 2 2 2 2 2 2 2
35 36 50 50 50 50 50 50 50 50 50 50 2 2 2 2 2 2 2 2 2 2
35 37 50 50 50 50 50 50 50 50 50 50 2 2 2 2 2 2 2 2 2 2
35 38 50 50 50 50 50 50 50 50 50 50 2 2 2 2 2 2 2 2 2 2
35 39 50 50 50 50 50 50 50 50 50 50 2 2 2 2 2 2 2 2 2 2
35 40 50 50 50 50 50 50 50 50 50 50 2 2 2 2 2 2 2 2 2 2
35 41 50 50 50 50 50 50 50 50 50 50 2 2 2 2 2 2 2 2 2 2
36 1 50 50 50 50 50 50 50 50 50 50 2 2 2 2 2 2 2 2 2 2
36 2 50 50 50 50 50 50 50 50 50 50 2 2 2 2 2 2 2 2 2 2
36 3 50 50 50 50 50 50 50 50 50 50 2 2 2 2 2 2 2 2 2 2
36 4 50 50 50 50 50 50 50 50 50 50 2 2 2 2 2 2 2 2 2 2
36 5 50 50 50 50 50 50 50 50 50 50 2 2 2 2 2 2 2 2 2 2
36 6 50 50 50 50 50 50 50 50 50 50 2 2 2 2 2 2 2 2 2 2
36 7 50 50 50 50 50 50 50 50 50 50 2 2 2 2 2 2 2 2 2 2
36 8 50 50 50 50 50 50 50 50 50 50 2 2 2 2 2 2 2 2 2 2
36 9 50 50 50 50 50 50 50 50 50 50 2 2 2 2 2 2 2 2 2 2
36 10 50 50 50 50 50 50 50 50 50 50 2 2 2 2 2 2 2 2 2 2
36 11 50 50 50 50 50 50 50 50 50 50 2 2 2 2 2 2 2 2 2 2
36 12 50 50 50 50 50 50 50 50 50 50 2 2 2 2 2 2 2 2 2 2
36 13 50 50 50 50 50 50 50 50 50 50 2 2 2 2 2 2 2 2 2 2
36 14 50 50 50 50 50 50 50 50 50 50 2 2 2 2 2 2 2 2 2 2
36 15 50 50 50 50 50 50 50 50 50 50 2 2 2 2 2 2 2 2 2 2
36 16 50 50 50 50 50 50 50 50 50 50 2 2 2 2 2 2 2 2 2 2
36 17 50 50 50 50 50 50 50 50 50 50 2 2 2 2 2 2 2 2 2 2
36 18 50 50 50 50 50 50 50 50 50 50 2 2 2 2 2 2 2 2 2 2
36 19 50 50 50 50 50 50 50 50 50 50 2 2 2 2 2 2 2 2 2 2
36 20 50 50 50 50 50 50 50 50 50 50 2 2 2 2 2 2 2 2 2 2
36 21 50 50 50 50 50 50 50 50 50 50 2 2 2 2 2 2 2 2 2 2
36 22 50 50 50 50 50 50 50 50 50 50 2 2 2 2 2 2 2 2 2 2
36 23 50 50 50 50 50 50 50 50 50 50 2 2 2 2 2 2 2 2 2 2
36 24 50 50 50 50 50 50 50 50 50 50 2 2 2 2 2 2 2 2 2 2
36 25 50 50 50 50 50 50 50 50 50 50 2 2 2 2 2 2 2 2 2 2
36 26 50 50 50 50 50 50 50 50 50 50 2 2 2 2 2 2 2 2 2 2
36 27 50 50 50 50 50 50 50 50 50 50 2 2 2 2 2 2 2 2 2 2
36 28 50 50 50 50 50 50 50 50 50 50 2 2 2 2 2 2 2 2 2 2
36 29 50 50 50 50 50 50 50 50 50 50 2 2 2 2 2 2 2 2 2 2
36 30 50 50 50 50 50 50 50 50 50 50 2 2 2 2 2 2 2 2 2 2
36 31 50 50 50 50 50 50 50 50 50 50 2 2 2 2 2 2 2 2 2 2
36 32 50 50 50 50 50 50 50 50 50 50 2 2 2 2 2 2 2 2 2 2
36 34 50 50 50 50 50 50 50 50 50 50 2 2 2 2 2 2 2 2 2 2
36 35 50 50 50 50 50 50 50 50 50 50 2 2 2 2 2 2 2 2 2 2
36 36 50 50 50 50 50 50 50 50 50 50 2 2 2 2 2 2 2 2 2 2
36 37 50 50 50 50 50 50 50 50 50 50 2 2 2 2 2 2 2 2 2 2
36 38 50 50 50 50 50 50 50 50 50 50 2 2 2 2 2 2 2 2 2 2
36 39 50 50 50 50 50 50 50 50 50 50 2 2 2 2 2 2 2 2 2 2
36 40 50 50 50 50 50 50 50 50 50 50 2 2 2 2 2 2 2 2 2 2
36 41 50 50 50 50 50 50 50 50 50 50 2 2 2 2 2 2 2 2 2 2
37 1 50 50 50 50 50 50 50 50 50 50 2 2 2 2 2 2 2 2 2 2
37 2 50 50 50 50 50 50 50 50 50 50 2 2 2 2 2 2 2 2 2 2
37 3 50 50 50 50 50 50 50 50 50 50 2 2 2 2 2 2 2 2 2 2
37 4 50 50 50 50 50 50 50 50 50 50 2 2 2 2 2 2 2 2 2 2
37 5 50 50 50 50 50 50 50 50 50 50 2 2 2 2 2 2 2 2 2 2
37 6 50 50 50 50 50 50 50 50 50 50 2 2 2 2 2 2 2 2 2 2
37 7 50 50 50 50 50 50 50 50 50 50 2 2 2 2 2 2 2 2 2 2
37 8 50 50 50 50 50 50 50 50 50 50 2 2 2 2 2 2 2 2 2 2
37 9 50 50 50 50 50 50 50 50 50 50 2 2 2 2 2 2 2 2 2 2
37 10 50 50 50 50 50 50 50 50 50 50 2 2 2 2 2 2 2 2 2 2
37 11 50 50 50 50 50 50 50 50 50 50 2 2 2 2 2 2 2 2 2 2
37 12 50 50 50 50 50 50 50 50 50 50 2 2 2 2 2 2 2 2 2 2
37 13 50 50 50 50 50 50 50 50 50 50 2 2 2 2 2 2 2 2 2 2
37 14 50 50 50 50 50 50 50 50 50 50 2 2 2 2 2 2 2 2 2 2
37 15 50 50 50 50 50 50 50 50 50 50 2 2 2 2 2 2 2 2 2 2
37 16 50 50 50 50 50 50 50 50 50 50 2 2 2 2 2 2 2 2 2 2
37 17 50 50 50 50 50 50 50 50 50 50 2 2 2 2 2 2 2 2 2 2
37 18 50 50 50 50 50 50 50 50 50 50 2 2 2 2 2 2 2 2 2 2
37 19 50 50 50 50 50 50 50 50 50 50 2 2 2 2 2 2 2 2 2 2
37 20 50 50 50 50 50 50 50 50 50 50 2 2 2 2 2 2 2 2 2 2
37 21 50 50 50 50 50 50 50 50 50 50 2 2 2 2 2 2 2 2 2 2
37 22 50 50 50 50 50 50 50 50 50 50 2 2 2 2 2 2 2 2 2 2
37 23 50 50 50 50 50 50 50 50 50 50 2 2 2 2 2 2 2 2 2 2
37 24 50 50 50 50 50 50 50 50 50 50 2 2 2 2 2 2 2 2 2 2
37 25 50 50 50 50 50 50 50 50 50 50 2 2 2 2 2 2 2 2 2 2
37 26 50 50 50 50 50 50 50 50 50 50 2 2 2 2 2 2 2 2 2 2
37 27 50 50 50 50 50 50 50 50 50 50 2 2 2 2 2 2 2 2 2 2
37 28 50 50 50 50 50 50 50 50 50 50 2 2 2 2 2 2 2 2 2 2
37 29 50 50 50 50 50 50 50 50 50 50 2 2 2 2 2 2 2 2 2 2
37 30 50 50 50 50 50 50 50 50 50 50 2 2 2 2 2 2 2 2 2 2
37 31 50 50 50 50 50 50 50 50 50 50 2 2 2 2 2 2 2 2 2 2
37 32 50 50 50 50 50 50 50 50 50 50 2 2 2 2 2 2 2 2 2 2
37 33 50 50 50 50 50 50 50 50 50 50 2 2 2 2 2 2 2 2 2 2
37 34 50 50 50 50 50 50 50 50 50 50 2 2 2 2 2 2 2 2 2 2
37 35 50 50 50 50 50 50 50 50 50 50 2 2 2 2 2 2 2 2 2 2
37 36 50 50 50 50 50 50 50 50 50 50 2 2 2 2 2 2 2 2 2 2
37 37 50 50 50 50 50 50 50 50 50 50 2 2 2 2 2 2 2 2 2 2
37 38 50 50 50 50 50 50 50 50 50 50 2 2 2 2 2 2 2 2 2 2
37 39 50 50 50 50 50 50 50 50 50 50 2 2 2 2 2 2 2 2 2 2
37 40 50 50 50 50 50 50 50 50 50 50 2 2 2 2 2 2 2 2 2 2
37 41 50 50 50 50 50 50 50 50 50 50 2 2 2 2 2 2 2 2 2 2
38 1 50 50 50 50 50 50 50 50 50 50 2 2 2 2 2 2 2 2 2 2
38 2 50 50 50 50 50 50 50 50 50 50 2 2 2 2 2 2 2 2 2 2
38 3 50 50 50 50 50 50 50 50 50 50 2 2 2 2 2 2 2 2 2 2
38 4 50 50 50 50 50 50 50 50 50 50 2 2 2 2 2 2 2 2 2 2
38 5 50 50 50 50 50 50 50 50 50 50 2 2 2 2 2 2 2 2 2 2
38 6 50 50 50 50 50 50 50 50 50 50 2 2 2 2 2 2 2 2 2 2
38 7 50 50 50 50 50 50 50 50 50 50 2 2 2 2 2 2 2 2 2 2
38 8 50 50 50 50 50 50 50 50 50 50 2 2 2 2 2 2 2 2 2 2
38 9 50 50 50 50 50 50 50 50 50 50 2 2 2 2 2 2 2 2 2 2
38 10 50 50 50 50 50 50 50 50 50 50 2 2 2 2 2 2 2 2 2 2
38 11 50 50 50 50 50 50 50 50 50 50 2 2 2 2 2 2 2 2 2 2
38 12 50 50 50 50 50 50 50 50 50 50 2 2 2 2 2 2 2 2 2 2
38 13 50 50 50 50 50 50 50 50 50 50 2 2 2 2 2 2 2 2 2 2
38 14 50 50 50 50 50 50 50 50 50 50 2 2 2 2 2 2 2 2 2 2
38 15 50 50 50 50 50 50 50 50 50 50 2 2 2 2 2 2 2 2 2 2
38 16 50 50 50 50 50 50 50 50 50 50 2 2 2 2 2 2 2 2 2 2
38 17 50 50 50 50 50 50 50 50 50 50 2 2 2 2 2 2 2 2 2 2
38 18 50 50 50 50 50 50 50 50 50 50 2 2 2 2 2 2 2 2 2 2
38 19 50 50 50 50 50 50 50 50 50 50 2 2 2 2 2 2 2 2 2 2
38 20 50 50 50 50 50 50 50 50 50 50 2 2 2 2 2 2 2 2 2 2
38 21 50 50 50 50 50 50 50 50 50 50 2 2 2 2 2 2 2 2 2 2
38 22 50 50 50 50 50 50 50 50 50 50 2 2 2 2 2 2 2 2 2 2
38 23 50 50 50 50 50 50 50 50 50 50 2 2 2 2 2 2 2 2 2 2
38 24 50 50 50 50 50 50 50 50 50 50 2 2 2 2 2 2 2 2 2 2
38 25 50 50 50 50 50 50 50 50 50 50 2 2 2 2 2 2 2 2 2 2
38 26 50 50 50 50 50 50 50 50 50 50 2 2 2 2 2 2 2 2 2 2
38 27 50 50 50 50 50 50 50 50 50 50 2 2 2 2 2 2 2 2 2 2
38 28 50 50 50 50 50 50 50 50 50 50 2 2 2 2 2 2 2 2 2 2
38 29 50 50 50 50 50 50 50 50 50 50 2 2 2 2 2 2 2 2 2 2
38 30 50 50 50 50 50 50 50 50 50 50 2 2 2 2 2 2 2 2 2 2
38 31 50 50 50 50 50 50 50 50 50 50 2 2 2 2 2 2 2 2 2 2
38 32 50 50 50 50 50 50 50 50 50 50 2 2 2 2 2 2 2 2 2 2
38 33 50 50 50 50 50 50 50 50 50 50 2 2 2 2 2 2 2 2 2 2
38 35 50 50 50 50 50 50 50 50 50 50 2 2 2 2 2 2 2 2 2 2
38 36 50 50 50 50 50 50 50 50 50 50 2 2 2 2 2 2 2 2 2 2
38 37 50 50 50 50 50 50 50 50 50 50 2 2 2 2 2 2 2 2 2 2
38 38 50 50 50 50 50 50 50 50 50 50 2 2 2 2 2 2 2 2 2 2
38 39 50 50 50 50 50 50 50 50 50 50 2 2 2 2 2 2 2 2 2 2
38 40 50 50 50 50 50 50 50 50 50 50 2 2 2 2 2 2 2 2 2 2
38 41 50 50 50 50 50 50 50 50 50 50 2 2 2 2 2 2 2 2 2 2
39 1 50 50 50 50 50 50 50 50 50 50 2 2 2 2 2 2 2 2 2 2
39 2 50 50 50 50 50 50 50 50 50 50 2 2 2 2 2 2 2 2 2 2
39 3 50 50 50 50 50 50 50 50 50 50 2 2 2 2 2 2 2 2 2 2
39 4 50 50 50 50 50 50 50 50 50 50 2 2 2 2 2 2 2 2 2 2
39 5 50 50 50 50 50 50 50 50 50 50 2 2 2 2 2 2 2 2 2 2
39 6 50 50 50 50 50 50 50 50 50 50 2 2 2 2 2 2 2 2 2 2
39 7 50 50 50 50 50 50 50 50 50 50 2 2 2 2 2 2 2 2 2 2
39 8 50 50 50 50 50 50 50 50 50 50 2 2 2 2 2 2 2 2 2 2
39 9 50 50 50 50 50 50 50 50 50 50 2 2 2 2 2 2 2 2 2 2
39 10 50 50 50 50 50 50 50 50 50 50 2 2 2 2 2 2 2 2 2 2
39 11 50 50 50 50 50 50 50 50 50 50 2 2 2 2 2 2 2 2 2 2
39 12 50 50 50 50 50 50 50 50 50 50 2 2 2 2 2 2 2 2 2 2
39 13 50 50 50 50 50 50 50 50 50 50 2 2 2 2 2 2 2 2 2 2
39 14 50 50 50 50 50 50 50 50 50 50 2 2 2 2 2 2 2 2 2 2
39 15 50 50 50 50 50 50 50 50 50 50 2 2 2 2 2 2 2 2 2 2
39 16 50 50 50 50 50 50 50 50 50 50 2 2 2 2 2 2 2 2 2 2
39 17 50 50 50 50 50 50 50 50 50 50 2 2 2 2 2 2 2 2 2 2
39 18 50 50 50 50 50 50 50 50 50 50 2 2 2 2 2 2 2 2 2 2
39 19 50 50 50 50 50 50 50 50 50 50 2 2 2 2 2 2 2 2 2 2
39 20 50 50 50 50 50 50 50 50 50 50 2 2 2 2 2 2 2 2 2 2
39 21 50 50 50 50 50 50 50 50 50 50 2 2 2 2 2 2 2 2 2 2
39 22 50 50 50 50 50 50 50 50 50 50 2 2 2 2 2 2 2 2 2 2
39 23 50 50 50 50 50 50 50 50 50 50 2 2 2 2 2 2 2 2 2 2
39 24 50 50 50 50 50 50 50 50 50 50 2 2 2 2 2 2 2 2 2 2
39 25 50 50 50 50 50 50 50 50 50 50 2 2 2 2 2 2 2 2 2 2
39 26 50 50 50 50 50 50 50 50 50 50 2 2 2 2 2 2 2 2 2 2
39 27 50 50 50 50 50 50 50 50 50 50 2 2 2 2 2 2 2 2 2 2
39 28 50 50 50 50 50 50 50 50 50 50 2 2 2 2 2 2 2 2 2 2
39 29 50 50 50 50 50 50 50 50 50 50 2 2 2 2 2 2 2 2 2 2
39 30 50 50 50 50 50 50 50 50 50 50 2 2 2 2 2 2 2 2 2 2
39 31 50 50 50 50 50 50 50 50 50 50 2 2 2 2 2 2 2 2 2 2
39 32 50 50 50 50 50 50 50 50 50 50 2 2 2 2 2 2 2 2 2 2
39 33 50 50 50 50 50 50 50 50 50 50 2 2 2 2 2 2 2 2 2 2
39 34 50 50 50 50 50 50 50 50 50 50 2 2 2 2 2 2 2 2 2 2
39 35 50 50 50 50 50 50 50 50 50 50 2 2 2 2 2 2 2 2 2 2
39 37 50 50 50 50 50 50 50 50 50 50 2 2 2 2 2 2 2 2 2 2
39 38 50 50 50 50 50 50 50 50 50 50 2 2 2 2 2 2 2 2 2 2
39 39 50 50 50 50 50 50 50 50 50 50 2 2 2 2 2 2 2 2 2 2
39 40 50 50 50 50 50 50 50 50 50 50 2 2 2 2 2 2 2 2 2 2
39 41 50 50 50 50 50 50 50 50 50 50 2 2 2 2 2 2 2 2 2 2
40 1 50 50 50 50 50 50 50 50 50 50 2 2 2 2 2 2 2 2 2 2
40 2 50 50 50 50 50 50 50 50 50 50 2 2 2 2 2 2 2 2 2 2
40 3 50 50 50 50 50 50 50 50 50 50 2 2 2 2 2 2 2 2 2 2
40 4 50 50 50 50 50 50 50 50 50 50 2 2 2 2 2 2 2 2 2 2
40 5 50 50 50 50 50 50 50 50 50 50 2 2 2 2 2 2 2 2 2 2
40 6 50 50 50 50 50 50 50 50 50 50 2 2 2 2 2 2 2 2 2 2
40 7 50 50 50 50 50 50 50 50 50 50 2 2 2 2 2 2 2 2 2 2
40 8 50 50 50 50 50 50 50 50 50 50 2 2 2 2 2 2 2 2 2 2
40 9 50 50 50 50 50 50 50 50 50 50 2 2 2 2 2 2 2 2 2 2
40 10 50 50 50 50 50 50 50 50 50 50 2 2 2 2 2 2 2 2 2 2
40 11 50 50 50 50 50 50 50 50 50 50 2 2 2 2 2 2 2 2 2 2
40 12 50 50 50 50 50 50 50 50 50 50 2 2 2 2 2 2 2 2 2 2
40 13 50 50 50 50 50 50 50 50 50 50 2 2 2 2 2 2 2 2 2 2
40 14 50 50 50 50 50 50 50 50 50 50 2 2 2 2 2 2 2 2 2 2
40 15 50 50 50 50 50 50 50 50 50 50 2 2 2 2 2 2 2 2 2 2
40 16 50 50 50 50 50 50 50 50 50 50 2 2 2 2 2 2 2 2 2 2
40 17 50 50 50 50 50 50 50 50 50 50 2 2 2 2 2 2 2 2 2 2
40 18 50 50 50 50 50 50 50 50 50 50 2 2 2 2 2 2 2 2 2 2
40 19 50 50 50 50 50 50 50 50 50 50 2 2 2 2 2 2 2 2 2 2
40 20 50 50 50 50 50 50 50 50 50 50 2 2 2 2 2 2 2 2 2 2
40 21 50 50 50 50 50 50 50 50 50 50 2 2 2 2 2 2 2 2 2 2
40 22 50 50 50 50 50 50 50 50 50 50 2 2 2 2 2 2 2 2 2 2
40 23 50 50 50 50 50 50 50 50 50 50 2 2 2 2 2 2 2 2 2 2
40 24 50 50 50 50 50 50 50 50 50 50 2 2 2 2 2 2 2 2 2 2
40 25 50 50 50 50 50 50 50 50 50 50 2 2 2 2 2 2 2 2 2 2
40 26 50 50 50 50 50 50 50 50 50 50 2 2 2 2 2 2 2 2 2 2
40 27 50 50 50 50 50 50 50 50 50 50 2 2 2 2 2 2 2 2 2 2
40 28 50 50 50 50 50 50 50 50 50 50 2 2 2 2 2 2 2 2 2 2
40 29 50 50 50 50 50 50 50 50 50 50 2 2 2 2 2 2 2 2 2 2
40 30 50 50 50 50 50 50 50 50 50 50 2 2 2 2 2 2 2 2 2 2
40 31 50 50 50 50 50 50 50 50 50 50 2 2 2 2 2 2 2 2 2 2
40 32 50 50 50 50 50 50 50 50 50 50 2 2 2 2 2 2 2 2 2 2
40 33 50 50 50 50 50 50 50 50 50 50 2 2 2 2 2 2 2 2 2 2
40 34 50 50 50 50 50 50 50 50 50 50 2 2 2 2 2 2 2 2 2 2
40 35 50 50 50 50 50 50 50 50 50 50 2 2 2 2 2 2 2 2 2 2
40 36 50 50 50 50 50 50 50 50 50 50 2 2 2 2 2 2 2 2 2 2
40 37 50 50 50 50 50 50 50 50 50 50 2 2 2 2 2 2 2 2 2 2
40 38 50 50 50 50 50 50 50 50 50 50 2 2 2 2 2 2 2 2 2 2
40 39 50 50 50 50 50 50 50 50 50 50 2 2 2 2 2 2 2 2 2 2
40 40 50 50 50 50 50 50 50 50 50 50 2 2 2 2 2 2 2 2 2 2
40 41 50 50 50 50 50 50 50 50 50 50 2 2 2 2 2 2 2 2 2 2
41 1 50 50 50 50 50 50 50 50 50 50 2 2 2 2 2 2 2 2 2 2
41 2 50 50 50 50 50 50 50 50 50 50 2 2 2 2 2 2 2 2 2 2
41 3 50 50 50 50 50 50 50 50 50 50 2 2 2 2 2 2 2 2 2 2
41 4 50 50 50 50 50 50 50 50 50 50 2 2 2 2 2 2 2 2 2 2
41 5 50 50 50 50 50 50 50 50 50 50 2 2 2 2 2 2 2 2 2 2
41 6 50 50 50 50 50 50 50 50 50 50 2 2 2 2 2 2 2 2 2 2
41 7 50 50 50 50 50 50 50 50 50 50 2 2 2 2 2 2 2 2 2 2
41 8 50 50 50 50 50 50 50 50 50 50 2 2 2 2 2 2 2 2 2 2
41 9 50 50 50 50 50 50 50 50 50 50 2 2 2 2 2 2 2 2 2 2
41 10 50 50 50 50 50 50 50 50 50 50 2 2 2 2 2 2 2 2 2 2
41 11 50 50 50 50 50 50 50 50 50 50 2 2 2 2 2 2 2 2 2 2
41 12 50 50 50 50 50 50 50 50 50 50 2 2 2 2 2 2 2 2 2 2
41 13 50 50 50 50 50 50 50 50 50 50 2 2 2 2 2 2 2 2 2 2
41 14 50 50 50 50 50 50 50 50 50 50 2 2 2 2 2 2 2 2 2 2
41 15 50 50 50 50 50 50 50 50 50 50 2 2 2 2 2 2 2 2 2 2
41 16 50 50 50 50 50 50 50 50 50 50 2 2 2 2 2 2 2 2 2 2
41 17 50 50 50 50 50 50 50 50 50 50 2 2 2 2 2 2 2 2 2 2
41 18 50 50 50 50 50 50 50 50 50 50 2 2 2 2 2 2 2 2 2 2
41 19 50 50 50 50 50 50 50 50 50 50 2 2 2 2 2 2 2 2 2 2
41 20 50 50 50 50 50 50 50 50 50 50 2 2 2 2 2 2 2 2 2 2
41 21 50 50 50 50 50 50 50 50 50 50 2 2 2 2 2 2 2 2 2 2
41 22 50 50 50 50 50 50 50 50 50 50 2 2 2 2 2 2 2 2 2 2
41 23 50 50 50 50 50 50 50 50 50 50 2 2 2 2 2 2 2 2 2 2
41 24 50 50 50 50 50 50 50 50 50 50 2 2 2 2 2 2 2 2 2 2
41 25 50 50 50 50 50 50 50 50 50 50 2 2 2 2 2 2 2 2 2 2
41 26 50 50 50 50 50 50 50 50 50 50 2 2 2 2 2 2 2 2 2 2
41 27 50 50 50 50 50 50 50 50 50 50 2 2 2 2 2 2 2 2 2 2
41 28 50 50 50 50 50 50 50 50 50 50 2 2 2 2 2 2 2 2 2 2
41 29 50 50 50 50 50 50 50 50 50 50 2 2 2 2 2 2 2 2 2 2
41 30 50 50 50 50 50 50 50 50 50 50 2 2 2 2 2 2 2 2 2 2
41 31 50 50 50 50 50 50 50 50 50 50 2 2 2 2 2 2 2 2 2 2
41 32 50 50 50 50 50 50 50 50 50 50 2 2 2 2 2 2 2 2 2 2
41 33 50 50 50 50 50 50 50 50 50 50 2 2 2 2 2 2 2 2 2 2
41 34 50 50 50 50 50 50 50 50 50 50 2 2 2 2 2 2 2 2 2 2
41 35 50 50 50 50 50 50 50 50 50 50 2 2 2 2 2 2 2 2 2 2
41 36 50 50 50 50 50 50 50 50 50 50 2 2 2 2 2 2 2 2 2 2
41 37 50 50 50 50 50 50 50 50 50 50 2 2 2 2 2 2 2 2 2 2
41 38 50 50 50 50 50 50 50 50 50 50 2 2 2 2 2 2 2 2 2 2
41 39 50 50 50 50 50 50 50 50 50 50 2 2 2 2 2 2 2 2 2 2
41 40 50 50 50 50 50 50 50 50 50 50 2 2 2 2 2 2 2 2 2 2
41 41 50 50 50 50 50 50 50 50 50 50 2 2 2 2 2 2 2 2 2 2
