4 3 2 1
0.003000 5.333333 0.003000 0.003000
0.036000 64.000000 0.036000 0.036000
0.036000 64.000000 0.036000 0.036000
0.036000 64.000000 0.036000 0.036000
0.036000 64.000000 0.036000 0.036000
0.036000 64.000000 0.036000 0.036000
0.036000 64.000000 0.036000 0.036000
0.036000 64.000000 0.036000 0.036000
0.036000 64.000000 0.036000 0.036000
0.036000 64.000000 0.036000 0.036000
0.036000 64.000000 0.036000 0.036000
0.036000 64.000000 0.036000 0.036000
0.036000 64.000000 0.036000 0.036000
0.036000 64.000000 0.036000 0.036000
0.036000 64.000000 0.036000 0.036000
0.036000 64.000000 0.036000 0.036000
0.039000 64.000000 0.036000 0.036000
0.036000 64.000000 0.036000 0.036000
0.036000 64.000000 0.036000 0.036000
0.036000 64.000000 0.036000 0.036000
0.036000 64.000000 0.036000 0.036000
0.036000 64.000000 0.036000 0.036000
0.036000 64.000000 0.036000 0.036000
0.036000 64.000000 0.036000 0.036000
0.036000 64.000000 0.036000 0.036000
0.036000 64.000000 0.036000 0.036000
0.036000 64.000000 0.036000 0.036000
0.036000 64.000000 0.036000 0.036000
0.036000 64.000000 0.036000 0.036000
0.036000 64.000000 0.036000 0.036000
0.036000 64.000000 0.044401 0.054601
0.042001 64.000000 0.036000 0.036600
0.045001 64.000000 0.036000 0.036000
0.036000 64.000000 0.036000 0.036000
0.036000 64.000000 0.036000 0.036000
0.036000 64.000000 0.036000 0.036000
0.036000 64.000000 0.036000 0.036000
0.036000 64.000000 0.036000 0.036000
0.036000 64.000000 0.036000 0.036000
0.036000 64.000000 0.036000 0.036000
0.036000 64.000000 0.036000 0.036000
0.036000 64.000000 0.036000 0.036000
0.036000 64.000000 0.036000 0.036000
0.036000 64.000000 0.036000 0.036000
0.036000 64.000000 0.036000 0.036000
0.036000 64.000000 0.049801 0.049201
0.042001 64.000000 0.036000 0.036000
0.045001 64.000000 0.036000 0.036000
0.036000 64.000000 0.036000 0.036000
0.036000 64.000000 0.036000 0.036000
0.036000 64.000000 0.036000 0.036000
0.036000 64.000000 0.036000 0.036000
0.036000 64.000000 0.036000 0.036000
0.036000 64.000000 0.036000 0.036000
0.036000 64.000000 0.036000 0.036000
0.036000 64.000000 0.036000 0.036000
0.036000 64.000000 0.036000 0.036000
0.036000 64.000000 0.036000 0.036000
0.036000 64.000000 0.036000 0.036000
0.036000 64.000000 0.036000 0.036000
