#Origin_ID <-> node_ID
200192 100192
200193 100193
200194 100194
200195 100195
200196 100196
200197 100197
200202 100202
200695 100695
200216 100216
200224 100224
200225 100225
200226 100226
200227 100227
200228 100228
200229 100229
200230 100230
200231 100231
200232 100232
200233 100233
200234 100234
200235 100235
200236 100236
200237 100237
200243 100243
200252 100252
200255 100255
200256 100256
210016 110016
200260 100260
200261 100261
200262 100262
200263 100263
200264 100264
200265 100265
200266 100266
200267 100267
200268 100268
200269 100269
200270 100270
200271 100271
200272 100272
210001 110001
210002 110002
210003 110003
210004 110004
210005 110005
210006 110006
210007 110007
210008 110008
210009 110009
210010 110010
210011 110011
210012 110012
210013 110013
210014 110014
210015 110015
200288 100288
200289 100289
200290 100290
200291 100291
200292 100292
200293 100293
200298 100298
200299 100299
200301 100301
200302 100302
200303 100303
200304 100304
200305 100305
200308 100308
200309 100309
200310 100310
200311 100311
200312 100312
200826 100826
200827 100827
200316 100316
200317 100317
200318 100318
200319 100319
200320 100320
200321 100321
200322 100322
200324 100324
200325 100325
200326 100326
200839 100839
200342 100342
200343 100343
200344 100344
200345 100345
200346 100346
200347 100347
200348 100348
200360 100360
200361 100361
200362 100362
200363 100363
210017 110017
200366 100366
200990 100990
200393 100393
200401 100401
200997 100997
200417 100417
200419 100419
200420 100420
200421 100421
200422 100422
200423 100423
200424 100424
200425 100425
200426 100426
200428 100428
200431 100431
200691 100691
200967 100967
200968 100968
200977 100977
200981 100981
200982 100982
200983 100983
200984 100984
200985 100985
200986 100986
200988 100988
200612 100612
200995 100995
200996 100996
200838 100838
200998 100998
200999 100999
200690 100690
200001 100001
200002 100002
200003 100003
200004 100004
200005 100005
200006 100006
200007 100007
200008 100008
200009 100009
200010 100010
200011 100011
200012 100012
200013 100013
200014 100014
200015 100015
200016 100016
200017 100017
200018 100018
200019 100019
200020 100020
200021 100021
200022 100022
200023 100023
200024 100024
200025 100025
200026 100026
200027 100027
200028 100028
200029 100029
200030 100030
200031 100031
200032 100032
200033 100033
200034 100034
200035 100035
200036 100036
200037 100037
200038 100038
200039 100039
200040 100040
200041 100041
200042 100042
200043 100043
200044 100044
200045 100045
200046 100046
200047 100047
200048 100048
200049 100049
200050 100050
200051 100051
200052 100052
200053 100053
200054 100054
200055 100055
200056 100056
200057 100057
200058 100058
200059 100059
200060 100060
200061 100061
200062 100062
200063 100063
200064 100064
200065 100065
200066 100066
200067 100067
200068 100068
200069 100069
200070 100070
200071 100071
200072 100072
200073 100073
200074 100074
200075 100075
200076 100076
200077 100077
200078 100078
200079 100079
200080 100080
200081 100081
200082 100082
200083 100083
200084 100084
200085 100085
200086 100086
200087 100087
200088 100088
200089 100089
200090 100090
200091 100091
200092 100092
200093 100093
200094 100094
200095 100095
200096 100096
200097 100097
200098 100098
200099 100099
200100 100100
200101 100101
200102 100102
200103 100103
200104 100104
200105 100105
200106 100106
200107 100107
200108 100108
200109 100109
200110 100110
200111 100111
200112 100112
200113 100113
200114 100114
200115 100115
200116 100116
200117 100117
200118 100118
200119 100119
200120 100120
200121 100121
200122 100122
200123 100123
200124 100124
200125 100125
200126 100126
200127 100127
200128 100128
200129 100129
200130 100130
200131 100131
200132 100132
200133 100133
200134 100134
200135 100135
200136 100136
200137 100137
200138 100138
200139 100139
200141 100141
200142 100142
200143 100143
200144 100144
200145 100145
200146 100146
200147 100147
200148 100148
200149 100149
200150 100150
200151 100151
200152 100152
200153 100153
200154 100154
200155 100155
200156 100156
200161 100161
200164 100164
200165 100165
200168 100168
200169 100169
200170 100170
200684 100684
200685 100685
200174 100174
200175 100175
200176 100176
200177 100177
200178 100178
200179 100179
200180 100180
200181 100181
200182 100182
200183 100183
200184 100184
200185 100185
200186 100186
200187 100187
200188 100188
200189 100189
200190 100190
200191 100191
#Dest_ID <-> node_ID
260011 160011
250393 150393
250401 150401
260017 160017
250417 150417
250419 150419
250420 150420
250421 150421
250422 150422
250423 150423
250424 150424
250425 150425
250426 150426
250428 150428
250431 150431
250967 150967
250968 150968
250977 150977
260016 160016
250981 150981
250982 150982
250983 150983
250984 150984
250985 150985
250986 150986
250988 150988
250990 150990
250995 150995
250996 150996
250997 150997
250998 150998
250999 150999
250001 150001
250002 150002
250003 150003
250004 150004
250005 150005
250006 150006
250007 150007
250008 150008
250009 150009
250010 150010
250011 150011
250012 150012
250013 150013
250014 150014
250015 150015
250016 150016
250017 150017
250018 150018
250019 150019
250020 150020
250021 150021
250022 150022
250023 150023
250024 150024
250025 150025
250026 150026
250027 150027
250028 150028
250029 150029
250030 150030
250031 150031
250032 150032
250033 150033
250034 150034
250035 150035
250036 150036
250037 150037
250038 150038
250039 150039
250040 150040
250041 150041
250042 150042
250043 150043
250044 150044
250045 150045
250046 150046
250047 150047
250048 150048
250049 150049
250050 150050
250051 150051
250052 150052
250053 150053
250054 150054
250055 150055
250056 150056
250057 150057
250058 150058
250059 150059
250060 150060
250061 150061
250062 150062
250063 150063
250064 150064
250065 150065
250066 150066
250067 150067
250068 150068
250069 150069
250070 150070
250071 150071
250072 150072
250073 150073
250074 150074
250075 150075
250076 150076
250077 150077
250078 150078
250079 150079
250080 150080
250081 150081
250082 150082
250083 150083
250084 150084
250085 150085
250086 150086
250087 150087
250088 150088
250089 150089
250090 150090
250091 150091
250092 150092
250093 150093
250094 150094
250095 150095
250096 150096
250097 150097
250098 150098
250099 150099
250100 150100
250101 150101
250102 150102
250103 150103
250104 150104
250105 150105
250106 150106
250107 150107
250108 150108
250109 150109
250110 150110
250111 150111
250112 150112
250113 150113
250114 150114
250115 150115
250116 150116
250117 150117
250118 150118
250119 150119
250120 150120
250121 150121
250122 150122
250123 150123
250124 150124
250125 150125
250126 150126
250127 150127
250128 150128
250129 150129
250130 150130
250131 150131
250132 150132
250133 150133
250134 150134
250135 150135
250136 150136
250137 150137
250138 150138
250139 150139
250141 150141
250142 150142
250143 150143
250144 150144
250145 150145
250146 150146
250147 150147
250148 150148
250149 150149
250150 150150
250151 150151
250152 150152
250153 150153
250154 150154
250155 150155
250156 150156
250161 150161
250164 150164
250165 150165
250168 150168
250169 150169
250170 150170
250684 150684
250685 150685
250174 150174
250175 150175
250176 150176
250177 150177
250178 150178
250179 150179
250180 150180
250181 150181
250182 150182
250183 150183
250184 150184
250185 150185
250186 150186
250187 150187
250188 150188
250189 150189
250190 150190
250191 150191
250192 150192
250193 150193
250194 150194
250195 150195
250196 150196
250197 150197
250202 150202
250216 150216
250224 150224
250225 150225
250226 150226
250227 150227
250228 150228
250229 150229
250230 150230
250231 150231
250232 150232
250233 150233
250234 150234
250235 150235
250236 150236
250237 150237
250243 150243
250252 150252
250690 150690
250255 150255
250256 150256
250691 150691
250260 150260
250261 150261
250262 150262
250263 150263
250264 150264
250265 150265
250266 150266
250267 150267
250268 150268
250269 150269
250270 150270
250271 150271
250272 150272
260001 160001
260002 160002
260003 160003
260004 160004
260005 160005
260006 160006
260007 160007
260008 160008
260009 160009
260010 160010
250695 150695
260012 160012
260013 160013
260014 160014
260015 160015
250288 150288
250289 150289
250290 150290
250291 150291
250292 150292
250293 150293
250838 150838
250612 150612
250298 150298
250299 150299
250301 150301
250302 150302
250303 150303
250304 150304
250305 150305
250308 150308
250309 150309
250310 150310
250311 150311
250312 150312
250826 150826
250827 150827
250316 150316
250317 150317
250318 150318
250319 150319
250320 150320
250321 150321
250322 150322
250324 150324
250325 150325
250326 150326
250839 150839
250342 150342
250343 150343
250344 150344
250345 150345
250346 150346
250347 150347
250348 150348
250360 150360
250361 150361
250362 150362
250363 150363
250366 150366
