#Origin_ID <-> node_ID
200192 100192
200193 100193
200194 100194
200195 100195
200196 100196
200197 100197
200198 100198
200199 100199
200200 100200
200201 100201
200202 100202
200203 100203
200204 100204
200205 100205
200206 100206
200207 100207
200208 100208
200209 100209
200210 100210
200211 100211
200212 100212
200213 100213
200214 100214
200215 100215
200216 100216
200217 100217
200218 100218
200219 100219
200220 100220
200221 100221
200222 100222
200223 100223
200224 100224
200225 100225
200226 100226
200227 100227
200228 100228
200229 100229
200230 100230
200231 100231
200232 100232
200233 100233
200234 100234
200235 100235
200236 100236
200237 100237
200238 100238
200239 100239
200240 100240
200241 100241
200242 100242
200243 100243
200244 100244
200245 100245
200246 100246
200247 100247
200248 100248
200249 100249
200250 100250
200251 100251
200252 100252
200253 100253
200254 100254
200255 100255
200256 100256
200257 100257
200258 100258
200259 100259
200260 100260
200261 100261
200262 100262
200263 100263
200264 100264
200265 100265
200266 100266
200267 100267
200268 100268
200269 100269
200270 100270
200271 100271
200272 100272
200273 100273
200274 100274
200275 100275
200276 100276
200277 100277
200278 100278
200279 100279
200280 100280
200281 100281
200282 100282
200283 100283
200001 100001
200002 100002
200003 100003
200004 100004
200005 100005
200006 100006
200007 100007
200008 100008
200009 100009
200010 100010
200011 100011
200012 100012
200013 100013
200014 100014
200015 100015
200016 100016
200017 100017
200018 100018
200019 100019
200020 100020
200021 100021
200022 100022
200023 100023
200024 100024
200025 100025
200026 100026
200027 100027
200028 100028
200029 100029
200030 100030
200031 100031
200032 100032
200033 100033
200034 100034
200035 100035
200036 100036
200037 100037
200038 100038
200039 100039
200040 100040
200041 100041
200042 100042
200043 100043
200044 100044
200045 100045
200046 100046
200047 100047
200048 100048
200049 100049
200050 100050
200051 100051
200052 100052
200053 100053
200054 100054
200055 100055
200056 100056
200057 100057
200058 100058
200059 100059
200060 100060
200061 100061
200062 100062
200063 100063
200064 100064
200065 100065
200066 100066
200067 100067
200068 100068
200069 100069
200070 100070
200071 100071
200072 100072
200073 100073
200074 100074
200075 100075
200076 100076
200077 100077
200078 100078
200079 100079
200080 100080
200081 100081
200082 100082
200083 100083
200084 100084
200085 100085
200086 100086
200087 100087
200088 100088
200089 100089
200090 100090
200091 100091
200092 100092
200093 100093
200094 100094
200095 100095
200096 100096
200097 100097
200098 100098
200099 100099
200100 100100
200101 100101
200102 100102
200103 100103
200104 100104
200105 100105
200106 100106
200107 100107
200108 100108
200109 100109
200110 100110
200111 100111
200112 100112
200113 100113
200114 100114
200115 100115
200116 100116
200117 100117
200118 100118
200119 100119
200120 100120
200121 100121
200122 100122
200123 100123
200124 100124
200125 100125
200126 100126
200127 100127
200128 100128
200129 100129
200130 100130
200131 100131
200132 100132
200133 100133
200134 100134
200135 100135
200136 100136
200137 100137
200138 100138
200139 100139
200140 100140
200141 100141
200142 100142
200143 100143
200144 100144
200145 100145
200146 100146
200147 100147
200148 100148
200149 100149
200150 100150
200151 100151
200152 100152
200153 100153
200154 100154
200155 100155
200156 100156
200157 100157
200158 100158
200159 100159
200160 100160
200161 100161
200162 100162
200163 100163
200164 100164
200165 100165
200166 100166
200167 100167
200168 100168
200169 100169
200170 100170
200171 100171
200172 100172
200173 100173
200174 100174
200175 100175
200176 100176
200177 100177
200178 100178
200179 100179
200180 100180
200181 100181
200182 100182
200183 100183
200184 100184
200185 100185
200186 100186
200187 100187
200188 100188
200189 100189
200190 100190
200191 100191
#Dest_ID <-> node_ID
250001 150001
250002 150002
250003 150003
250004 150004
250005 150005
250006 150006
250007 150007
250008 150008
250009 150009
250010 150010
250011 150011
250012 150012
250013 150013
250014 150014
250015 150015
250016 150016
250017 150017
250018 150018
250019 150019
250020 150020
250021 150021
250022 150022
250023 150023
250024 150024
250025 150025
250026 150026
250027 150027
250028 150028
250029 150029
250030 150030
250031 150031
250032 150032
250033 150033
250034 150034
250035 150035
250036 150036
250037 150037
250038 150038
250039 150039
250040 150040
250041 150041
250042 150042
250043 150043
250044 150044
250045 150045
250046 150046
250047 150047
250048 150048
250049 150049
250050 150050
250051 150051
250052 150052
250053 150053
250054 150054
250055 150055
250056 150056
250057 150057
250058 150058
250059 150059
250060 150060
250061 150061
250062 150062
250063 150063
250064 150064
250065 150065
250066 150066
250067 150067
250068 150068
250069 150069
250070 150070
250071 150071
250072 150072
250073 150073
250074 150074
250075 150075
250076 150076
250077 150077
250078 150078
250079 150079
250080 150080
250081 150081
250082 150082
250083 150083
250084 150084
250085 150085
250086 150086
250087 150087
250088 150088
250089 150089
250090 150090
250091 150091
250092 150092
250093 150093
250094 150094
250095 150095
250096 150096
250097 150097
250098 150098
250099 150099
250100 150100
250101 150101
250102 150102
250103 150103
250104 150104
250105 150105
250106 150106
250107 150107
250108 150108
250109 150109
250110 150110
250111 150111
250112 150112
250113 150113
250114 150114
250115 150115
250116 150116
250117 150117
250118 150118
250119 150119
250120 150120
250121 150121
250122 150122
250123 150123
250124 150124
250125 150125
250126 150126
250127 150127
250128 150128
250129 150129
250130 150130
250131 150131
250132 150132
250133 150133
250134 150134
250135 150135
250136 150136
250137 150137
250138 150138
250139 150139
250140 150140
250141 150141
250142 150142
250143 150143
250144 150144
250145 150145
250146 150146
250147 150147
250148 150148
250149 150149
250150 150150
250151 150151
250152 150152
250153 150153
250154 150154
250155 150155
250156 150156
250157 150157
250158 150158
250159 150159
250160 150160
250161 150161
250162 150162
250163 150163
250164 150164
250165 150165
250166 150166
250167 150167
250168 150168
250169 150169
250170 150170
250171 150171
250172 150172
250173 150173
250174 150174
250175 150175
250176 150176
250177 150177
250178 150178
250179 150179
250180 150180
250181 150181
250182 150182
250183 150183
250184 150184
250185 150185
250186 150186
250187 150187
250188 150188
250189 150189
250190 150190
250191 150191
250192 150192
250193 150193
250194 150194
250195 150195
250196 150196
250197 150197
250198 150198
250199 150199
250200 150200
250201 150201
250202 150202
250203 150203
250204 150204
250205 150205
250206 150206
250207 150207
250208 150208
250209 150209
250210 150210
250211 150211
250212 150212
250213 150213
250214 150214
250215 150215
250216 150216
250217 150217
250218 150218
250219 150219
250220 150220
250221 150221
250222 150222
250223 150223
250224 150224
250225 150225
250226 150226
250227 150227
250228 150228
250229 150229
250230 150230
250231 150231
250232 150232
250233 150233
250234 150234
250235 150235
250236 150236
250237 150237
250238 150238
250239 150239
250240 150240
250241 150241
250242 150242
250243 150243
250244 150244
250245 150245
250246 150246
250247 150247
250248 150248
250249 150249
250250 150250
250251 150251
250252 150252
250253 150253
250254 150254
250255 150255
250256 150256
250257 150257
250258 150258
250259 150259
250260 150260
250261 150261
250262 150262
250263 150263
250264 150264
250265 150265
250266 150266
250267 150267
250268 150268
250269 150269
250270 150270
250271 150271
250272 150272
250273 150273
250274 150274
250275 150275
250276 150276
250277 150277
250278 150278
250279 150279
250280 150280
250281 150281
250282 150282
250283 150283
