7310
153850 42.0
33380 42.0
103731 16.0
1298 16.0
3991 18.0
4002 25.0
33556 33.73
139511 33.73
104184 24.27
103196 24.27
30283 30.91
107605 10.0
107608 31.59
107605 31.59
3554 33.33
2456 33.33
34627 11.0
136133 20.0
135436 20.0
2674 16.5
4863 16.5
35772 11.0
37442 11.0
133523 38.0
53651 30.0
53875 30.0
33556 21.0
153689 21.0
126154 50.83
25688 50.83
25550 21.4
153689 40.2
39290 42.38
153659 42.38
53156 10.32
127979 39.0
127977 39.0
50808 27.0
123580 27.0
152696 42.0
32107 33.0
37072 14.0
39849 14.0
34677 14.0
37072 14.0
31161 20.19
1898 53.85
101899 53.85
40446 59.78
39118 59.78
132557 45.68
131050 17.7
138809 43.0
31970 23.63
137477 20.0
53205 20.0
151038 22.0
125687 48.25
125686 48.25
34298 18.33
38783 39.71
53829 39.71
129446 64.91
30043 66.03
31546 42.0
130634 42.0
38449 19.0
35772 19.0
11513 21.5
11492 19.09
150035 23.0
102824 22.83
102832 22.83
115152 27.33
123203 27.33
115124 18.08
35772 12.0
118123 51.75
6323 17.2
49790 36.05
24041 55.33
103784 33.59
103785 33.59
125078 53.59
126172 59.3
104149 63.71
125368 36.93
136265 66.58
136264 66.58
131422 33.0
31467 67.57
38485 67.19
36267 67.19
119212 24.14
117778 24.14
32809 21.0
31420 21.0
31409 25.0
35712 31.56
39850 14.0
39849 14.0
10399 6.0
132485 18.0
33292 21.0
31161 21.0
123580 26.18
50808 26.18
127341 13.0
21017 43.57
19474 43.57
122284 23.23
22279 23.23
13793 20.72
140540 31.6
113852 8.0
113853 8.0
133885 67.88
135247 68.52
135246 68.52
135246 64.79
111498 31.06
10853 36.48
111693 36.48
34044 67.83
113589 19.54
131590 46.62
111169 13.77
107552 16.0
14943 27.56
102861 31.57
2862 31.57
11989 4.49
112486 4.49
115156 16.15
115606 16.15
118991 19.0
118965 19.0
31224 32.05
130273 25.13
48666 25.13
53193 25.0
53517 25.0
24664 24.0
25052 24.0
124710 53.75
14548 11.0
150511 11.0
110558 18.0
110560 18.0
123340 37.86
23436 37.86
12853 12.0
51275 29.0
123856 29.0
119538 16.67
119529 16.67
133946 58.05
127710 33.06
127711 33.06
100780 56.45
126222 43.0
124361 43.0
11461 47.92
12411 47.92
112358 8.0
12389 8.0
189 67.59
386 67.59
11690 41.65
111437 41.65
47817 21.85
38788 21.85
110486 15.0
110494 15.0
52358 33.16
105208 33.16
126143 46.32
150666 36.36
126143 36.36
128831 56.54
127539 56.54
24395 29.13
124389 29.13
35396 31.35
32649 10.0
32648 10.0
127335 50.0
129196 50.0
31677 39.56
31678 39.56
124363 23.0
31330 38.21
5096 50.02
105120 50.02
152418 38.8
119401 12.41
32195 33.68
28493 11.0
147779 65.27
119942 21.91
120036 21.91
119841 13.85
119518 13.85
26688 17.19
107685 55.27
44006 59.2
122481 22.0
122480 22.0
123261 30.0
123234 30.0
115349 19.97
123151 19.97
107411 12.03
107372 12.03
47820 30.25
105138 64.61
104885 64.61
124110 18.83
124581 18.83
24117 16.0
123531 16.0
118355 55.42
153966 31.0
104958 48.27
4959 48.27
109161 51.44
3833 51.16
30826 43.84
26809 57.86
50658 27.37
129835 74.66
48575 74.66
121478 3.56
23436 3.56
121478 3.56
23436 3.56
9057 10.0
107568 10.0
26046 66.38
112382 37.5
7960 15.0
107819 16.0
107898 11.0
449 67.01
100657 67.01
139032 10.0
39391 30.0
139392 30.0
134302 35.0
101593 62.33
101586 63.06
1579 63.06
31137 47.29
31136 47.29
127979 16.0
48980 16.0
108070 19.75
127974 33.72
128701 33.72
108319 13.0
108353 13.0
114817 18.0
107705 24.0
107602 24.0
39118 62.0
40446 62.0
108073 15.64
108070 15.64
33375 12.0
133751 12.0
9183 13.0
108092 13.0
33745 42.09
32538 17.94
52608 17.94
131870 19.0
31868 19.0
130800 32.84
32843 32.84
140584 26.49
139332 26.49
123980 21.44
123982 21.44
12727 20.0
118856 20.0
118766 20.0
52778 19.0
32157 19.0
3702 18.98
103231 18.98
49176 10.0
112108 10.0
35003 46.82
124559 24.43
127076 53.49
28720 53.49
24584 26.0
124716 67.23
1990 57.52
25953 62.36
124708 62.36
133458 28.51
153792 28.51
105427 44.22
105426 44.22
108073 16.98
8109 16.98
107705 8.21
107734 8.21
7602 16.0
28764 56.99
131307 39.38
103700 17.0
32368 53.13
130278 13.57
4852 39.96
102555 39.96
114736 13.0
31305 32.01
131307 43.39
52835 45.41
31296 45.41
101334 15.19
47784 15.19
1336 16.0
23398 16.0
11716 21.64
22976 24.49
31591 30.73
149235 14.0
120959 14.0
147755 26.0
50419 16.32
150439 16.32
51528 25.0
130789 24.0
114896 30.0
123074 30.0
123852 48.65
24770 48.65
52312 15.0
103088 32.78
123413 32.78
127331 43.75
4330 31.48
47950 59.75
100427 18.0
103281 18.0
4050 9.0
103300 9.0
133070 22.8
122875 23.32
122874 23.32
122902 25.0
122418 25.0
126612 42.86
126634 42.86
122070 27.75
122180 27.75
129984 24.8
32051 24.8
32843 40.81
130800 40.81
115799 32.34
106589 32.34
52015 34.0
25851 27.0
26061 27.0
18285 46.24
26520 28.16
3758 11.0
103991 21.0
123412 21.0
30927 33.0
10399 23.27
120351 24.61
27840 64.75
128789 64.75
101744 14.0
101144 14.0
5240 12.0
121041 33.57
21050 33.57
20398 26.71
35771 22.46
36736 44.08
30401 16.0
10847 16.0
110873 22.0
122991 24.0
101334 17.0
23398 17.0
23398 20.05
1336 20.05
52594 18.0
50535 33.06
50548 33.06
102962 21.0
758 34.69
763 34.69
123421 16.45
100749 16.93
2799 16.93
2799 36.5
98 43.86
748 43.86
121240 13.0
121241 13.0
120036 34.57
114719 34.57
120667 12.0
20678 21.3
131052 71.77
126369 44.22
25671 58.45
48650 51.92
28607 67.54
25612 11.66
24289 63.2
48879 63.2
114756 12.92
122874 12.92
114371 37.49
114667 37.49
107411 12.0
7360 12.0
103880 55.27
7695 9.0
107641 22.46
126634 45.72
126612 45.72
4280 2.24
100214 2.24
140163 20.0
104234 20.86
121803 28.91
52840 28.0
130111 28.0
32843 19.0
52767 19.0
53256 12.0
132375 57.57
30595 27.0
32525 15.88
31876 15.88
110494 13.0
110486 13.0
38809 37.0
106359 26.16
7967 16.69
52135 37.97
152146 37.97
105680 31.0
102345 24.0
104644 24.0
50606 33.17
114510 33.17
153777 13.0
133979 33.0
139392 36.0
34300 36.0
53653 42.0
53924 30.0
153840 30.0
53772 49.8
35015 42.0
39033 42.0
34312 23.0
35015 23.0
34300 24.3
38640 24.3
125684 34.62
124606 34.62
54273 37.0
128369 37.0
26370 19.0
11525 6.36
151303 30.0
101606 13.0
104996 13.0
153752 23.42
33928 23.42
125686 47.75
125684 47.75
153792 24.5
133458 24.5
112964 15.0
112831 11.0
12858 11.0
114421 28.0
123990 48.0
123364 22.24
52196 16.0
28806 66.32
29463 66.32
112651 17.0
112716 17.0
153864 35.0
127063 18.1
126966 18.1
34059 47.9
118594 12.0
118595 12.0
101432 21.0
51737 21.0
107967 22.34
125901 27.13
909 22.6
100886 22.6
122213 23.0
149204 24.0
122213 24.0
127441 36.0
29596 36.0
53743 33.86
53679 33.86
109119 10.0
107747 10.0
139500 29.0
34584 29.0
106073 11.0
106670 11.0
36029 29.0
36031 29.0
36852 32.05
104234 26.0
123406 61.92
26933 68.64
28811 68.64
52855 24.0
122792 14.0
122811 14.0
50600 21.0
114215 24.25
14214 24.25
52871 20.0
24700 13.0
25510 37.85
51178 37.85
31876 15.0
32525 15.0
31850 43.69
31849 43.69
130596 24.09
53687 37.62
38783 37.62
52724 28.89
48686 40.25
31915 19.0
30207 28.0
101134 65.1
46638 24.0
137087 24.0
128166 30.0
127030 30.0
23575 38.52
147755 38.39
24498 20.91
124499 20.91
30922 37.07
130165 32.0
30922 32.0
31895 13.0
131896 13.0
146618 20.14
37626 12.49
107019 20.0
115852 20.0
52693 27.0
128666 23.0
149627 28.0
128745 28.0
31546 33.0
31942 35.0
38788 20.0
47817 20.0
151261 38.59
126031 38.59
24537 19.0
125561 19.0
127331 48.6
49633 48.6
150938 13.0
24537 13.0
4898 64.99
4899 64.99
104932 63.24
124760 33.0
51058 33.0
5525 28.0
102229 28.0
25072 69.59
151284 36.0
151303 36.0
53124 21.74
35968 21.74
124888 26.59
124064 26.59
101379 21.0
151409 21.0
115699 36.72
106129 36.72
40564 32.9
38393 32.9
105779 24.0
123142 24.0
19289 18.52
138487 19.0
31708 56.39
114255 19.55
123341 19.55
14548 15.0
114839 15.0
127375 24.0
129795 24.0
33893 59.53
133894 59.53
52606 54.28
131808 54.28
112108 16.0
47797 49.96
133361 65.19
14430 17.0
150485 11.0
33903 65.18
47795 51.12
52388 51.12
136622 24.0
133647 48.96
140025 48.96
123142 14.0
115741 14.0
102866 47.31
5083 47.31
107585 15.0
107915 25.64
107903 25.64
25625 19.69
51317 25.33
51318 25.33
33239 18.62
52963 30.56
12858 11.0
112831 11.0
140268 16.0
127659 57.21
127743 38.2
127742 38.2
129886 25.38
129892 25.38
112964 12.0
123783 30.0
52003 27.0
33741 43.0
130378 27.22
32944 27.22
136065 23.0
129373 66.46
29841 66.46
12444 37.0
33288 12.0
13751 10.0
13756 10.0
47744 16.59
11750 14.0
148447 64.59
48367 11.0
48491 11.0
103690 7.0
31711 42.79
131712 42.79
31749 34.5
31724 42.34
131725 42.34
47748 48.49
52433 35.64
52528 35.64
127045 55.65
131737 37.81
31738 37.81
52861 43.59
32557 43.59
53054 21.49
152845 34.59
32315 34.59
152766 45.67
50827 28.98
123648 28.98
127254 15.0
49433 15.0
29840 66.97
35504 30.29
31420 28.0
152703 28.0
33524 50.34
137543 50.34
131033 35.65
131032 35.65
118268 14.0
118370 14.0
150079 23.0
36276 62.66
24359 33.94
148594 33.94
128606 66.62
28607 66.62
3373 24.41
103717 24.41
135072 11.25
137580 11.25
121392 22.0
21407 22.0
121397 16.0
50397 16.0
120574 27.55
21685 27.55
121582 12.0
124814 24.59
124597 60.07
24596 60.07
37795 52.0
134856 52.0
136270 22.0
124818 41.84
118331 54.38
124358 22.0
107964 9.0
107833 9.0
125956 20.0
51307 20.0
149532 28.0
128978 8.0
48816 29.79
148817 29.79
125260 24.0
51262 24.0
125614 21.0
125620 21.0
52653 10.0
118026 23.52
118009 23.52
23616 67.79
124714 67.79
26165 51.22
125693 51.22
149550 17.77
150534 30.04
114757 30.04
150485 16.0
114614 7.0
139315 54.42
134975 54.42
126222 9.39
52338 37.39
151386 37.39
103586 17.0
2566 17.0
40441 26.01
140443 26.01
53882 44.42
34380 44.42
150643 38.0
12572 9.0
49454 37.11
26986 37.11
134101 65.61
48500 63.1
5951 63.1
7250 54.77
4029 32.75
3863 32.75
5661 31.8
3843 53.22
103830 53.22
104100 39.56
3841 39.56
4154 66.84
148432 66.84
38048 7.0
138049 7.0
130827 21.0
119117 11.32
119114 11.32
3870 59.45
104041 59.45
31328 34.86
118807 19.0
118698 19.0
130346 73.99
32151 73.99
140484 13.0
140486 13.0
130198 49.64
129835 74.59
31789 32.96
131790 32.96
27013 45.09
127014 45.09
32210 51.77
35504 51.77
40442 20.33
100790 29.7
31792 40.46
30272 40.46
112358 8.0
12389 8.0
137536 19.56
138172 19.56
35864 18.0
51101 27.0
126674 27.0
152627 33.0
52788 33.0
39822 30.26
39813 30.26
31806 48.57
52606 48.57
103197 22.0
149885 22.0
39832 28.3
126852 36.0
26685 25.0
32754 28.0
125528 23.0
114790 24.0
50914 21.0
1989 57.52
1990 57.52
113075 26.0
113118 26.0
30377 27.88
132632 27.88
125209 22.65
25745 22.65
101956 22.23
101957 22.23
124869 7.0
126730 20.71
128217 20.71
31222 37.99
30125 37.99
30880 28.0
140331 28.0
31638 18.0
33239 18.0
131582 40.03
31591 40.03
30384 36.04
125165 28.0
25989 26.0
125732 19.0
125059 19.0
21243 21.91
31513 29.2
52758 29.2
2177 12.03
152713 22.0
31503 22.0
25966 36.0
125166 14.0
126667 14.0
125171 12.14
125166 12.14
26110 45.26
124489 45.26
146618 41.33
102119 42.0
152225 42.0
52404 35.0
33307 35.0
147819 21.46
127355 51.51
127354 51.51
26992 49.5
128715 49.5
33380 46.0
33379 46.0
130673 46.18
30677 46.18
50523 26.0
150521 26.0
152418 34.91
130551 34.91
52031 16.0
31553 24.0
152676 24.0
24707 63.65
138238 15.0
138239 15.0
114787 24.0
150071 24.0
52003 24.0
126392 53.29
26111 53.29
123783 35.0
127849 13.0
127848 13.0
24702 64.82
4733 27.69
105265 27.69
124706 67.74
48890 67.74
105153 26.0
5150 26.0
149739 16.0
23035 16.0
123203 22.22
114844 22.22
105302 15.0
105426 47.26
105427 47.26
105002 24.95
2748 24.95
105002 24.95
2748 24.95
6019 16.0
33009 68.07
130013 68.07
126125 18.96
24901 18.96
114684 16.45
114765 16.45
120473 21.0
20471 21.0
110932 9.31
53274 19.93
11159 12.0
133618 25.0
52196 25.0
111795 21.23
111794 21.23
126143 41.32
102728 26.0
151761 26.0
148515 63.41
48505 63.41
48518 64.0
48521 64.0
34454 52.59
51613 30.0
105160 30.0
22919 17.0
30694 37.77
108325 16.0
127076 21.12
108035 14.81
38215 17.35
37081 17.35
150234 23.12
126667 21.0
125166 21.0
125166 24.32
125171 24.32
123278 16.0
51031 33.91
107658 14.12
7773 14.12
127192 58.76
29204 69.65
33350 69.65
773 56.66
130976 46.13
30994 46.13
107390 63.23
112560 52.55
33740 24.0
38729 24.0
32367 52.13
32368 52.13
5150 15.33
105153 15.33
770 60.33
782 60.33
126459 46.0
126459 37.0
103676 16.63
139657 25.25
127068 17.0
127942 17.0
125682 25.0
114790 25.0
26116 28.11
126335 28.11
53754 22.0
39900 22.0
3338 18.39
38294 53.8
22882 15.85
103592 15.85
53919 25.0
153789 25.0
101678 14.0
104459 16.0
102214 16.0
31370 4.0
119062 17.0
119064 17.0
114581 30.56
114577 30.56
24042 35.54
38729 30.0
33740 30.0
47820 33.65
148438 66.32
104147 66.32
131930 30.0
149396 11.0
150521 14.0
31844 38.78
31849 38.78
130508 39.33
30509 39.33
2015 36.5
103432 36.5
102020 43.87
2017 52.06
5279 28.32
5240 28.32
107967 18.56
107819 18.56
36149 28.0
51872 24.0
52855 27.0
25800 8.43
123585 62.9
48885 62.9
52271 22.0
4894 22.0
33301 19.54
151251 12.0
35396 24.63
35397 24.63
106320 31.19
122996 31.19
21801 21.57
121118 21.57
105810 21.18
107023 21.18
121826 16.86
122048 16.86
34038 18.0
33522 18.0
127711 37.72
149483 37.72
26841 19.0
105160 26.72
51613 26.72
136927 2.62
128830 31.51
130150 24.0
31981 24.0
36517 24.0
152227 15.0
126124 29.84
1942 39.0
52560 21.31
130890 21.31
31222 30.0
52788 30.0
132044 15.19
47807 15.19
130623 40.56
52744 40.56
9046 11.0
109119 11.0
131930 41.0
130341 33.0
52404 33.0
127441 31.0
110836 18.66
110449 14.0
10454 14.0
128587 8.0
49476 8.0
149322 34.0
49536 34.0
152631 34.0
152630 34.0
152702 5.39
48521 63.05
40445 34.0
38898 34.0
128600 65.59
123142 26.38
107070 26.38
49536 39.0
49326 39.0
4648 34.0
113996 18.0
126680 34.86
122793 32.73
122806 32.73
3712 38.45
122537 31.94
123261 29.0
106143 29.0
28868 15.0
129004 15.0
127575 19.0
126730 19.0
152183 18.0
127016 18.0
129717 34.0
129714 34.0
103981 15.0
111531 21.64
111470 21.64
110494 11.0
110499 11.0
11999 10.0
112004 10.0
13756 12.0
4415 28.24
104427 14.0
4424 14.0
127305 19.0
127306 19.0
52994 22.51
36879 22.51
49784 9.0
124524 33.0
50869 33.0
20361 23.7
52693 43.03
152549 43.03
152549 37.5
52748 37.5
119867 24.0
27234 14.0
118661 7.0
118619 7.0
114015 15.88
111869 15.2
112480 15.2
104813 66.52
122639 12.0
122665 12.0
107934 55.79
122642 12.0
132310 22.0
31436 22.0
23913 28.0
112135 13.27
11879 13.27
101169 35.82
101812 40.0
101807 40.0
51729 15.0
111739 33.4
111753 33.4
100790 47.84
100790 32.35
47820 31.36
5001 28.39
105002 28.39
114516 36.0
12362 17.33
112438 17.33
112399 16.85
112506 16.85
33379 25.36
53852 25.36
47820 29.74
134292 47.0
5566 26.0
53725 38.0
140596 38.0
130283 16.12
32051 7.0
152624 5.0
4178 25.8
152422 38.65
47795 48.33
107398 42.0
22835 8.0
11691 8.36
11527 6.35
11691 6.35
123531 23.0
24117 23.0
52788 29.0
152627 29.0
22882 42.86
33903 65.92
32379 8.0
31386 8.0
11522 17.0
34044 62.9
134101 62.9
48486 45.08
33978 73.12
133562 73.12
34875 30.0
37554 30.0
32515 34.59
32381 34.59
29596 7.0
127441 7.0
26520 19.58
20425 9.0
120426 9.0
105960 26.55
50170 26.55
119365 10.0
119325 10.0
119351 14.0
19404 14.0
153969 21.0
153967 21.0
20975 9.0
101749 21.0
103518 32.3
127946 13.0
149612 13.0
28764 22.37
39688 18.35
39692 18.35
48856 24.0
122213 21.0
22420 64.96
2674 10.0
100405 49.37
105378 49.37
102008 50.88
2004 50.88
51701 12.0
2844 12.0
126254 24.0
123869 24.0
34312 27.0
30994 69.33
130003 69.33
11546 21.76
111543 21.76
112435 45.18
112370 45.18
112370 38.73
152093 24.07
53875 27.45
53651 27.45
101946 24.24
101957 24.24
132330 17.48
130484 17.48
127463 24.0
54271 53.16
118230 18.0
118224 18.0
23820 56.59
124712 56.45
40550 36.5
34013 36.5
107749 13.24
107869 13.24
7595 20.71
107639 15.38
107633 15.38
107601 9.23
107558 3.64
107613 3.64
111498 17.4
111419 17.4
12592 7.0
112310 7.0
111180 11.0
12177 16.45
112178 16.45
40123 6.0
52031 23.0
102371 17.0
102370 17.0
12253 13.7
12249 13.7
12439 11.25
12572 11.25
130678 32.86
130827 32.86
30290 32.2
31076 32.2
127122 31.0
100958 20.32
104065 20.32
101547 22.25
101548 22.25
106154 20.0
100452 62.76
28507 53.45
127175 53.45
114516 21.0
114516 21.0
114529 21.0
28082 9.79
127199 9.79
114736 11.0
130278 9.47
126431 22.0
125143 22.0
107676 8.0
107589 8.0
153922 50.59
33507 33.39
153922 33.39
126428 6.0
124679 6.0
150562 24.0
10553 47.59
97 42.23
98 42.23
105471 18.0
127045 56.17
109258 52.63
9163 52.63
152146 25.58
52135 25.58
124588 36.0
23956 36.0
123234 31.0
123261 31.0
103286 31.0
104054 31.0
134320 24.12
53625 45.0
53725 45.0
2474 12.0
27001 52.86
129421 52.86
124489 40.44
53625 48.0
52388 52.55
47739 52.55
32435 16.99
152612 16.99
132429 21.36
132429 22.0
134191 41.36
35124 41.36
103651 9.1
3095 9.1
35772 30.13
38449 30.13
115238 22.14
118181 20.0
119621 20.0
119638 15.0
119637 15.0
138489 41.75
30005 41.75
19888 23.38
19925 23.38
31821 44.89
131820 44.89
18680 13.0
107772 15.0
22835 8.0
107634 8.0
4988 43.98
4945 43.98
152627 33.0
52714 33.0
149415 10.0
39880 9.0
105996 32.0
105783 29.85
107007 29.85
127977 21.21
127979 21.21
149396 27.77
49475 27.77
127431 28.97
129026 28.97
150970 41.0
124361 30.58
126222 30.58
105883 10.0
106602 10.0
29049 11.0
11691 19.9
11734 19.9
32683 12.0
11525 7.69
11527 7.69
114510 41.12
50606 41.12
150817 27.52
107613 3.97
107558 3.97
5210 37.75
105209 37.75
30726 25.1
30727 25.1
109206 17.35
22835 17.35
152814 15.0
32338 15.0
32344 32.0
115852 15.0
115741 15.0
123648 15.08
102853 35.34
5089 35.34
14801 21.0
6019 22.0
130139 32.93
152462 42.0
130154 42.0
123397 16.0
1969 52.15
2860 24.37
102861 24.37
102409 12.0
100592 12.0
107460 15.49
47784 15.49
100378 30.0
102242 30.0
6525 23.0
23554 27.0
123555 27.0
3082 17.0
1732 17.0
100214 13.0
105043 13.0
49453 39.37
51274 37.24
106610 43.15
44006 59.2
53376 57.4
33557 65.25
100532 12.0
32402 38.86
151396 34.33
151594 34.33
52458 42.48
152457 42.48
114159 23.0
114693 32.32
50338 32.32
114256 18.35
53885 14.0
104065 18.0
142273 39.0
123833 39.0
25079 51.0
124039 51.0
112620 65.82
110085 65.82
1053 16.0
107070 25.24
51374 20.0
51737 20.0
102579 31.0
51661 31.0
110085 66.54
110084 66.54
4298 31.0
52375 31.0
114159 15.0
114320 15.0
104542 49.09
127966 14.0
126836 14.0
52359 10.38
103249 10.38
40127 13.0
153896 37.0
24800 35.0
24801 35.0
104059 9.57
103294 9.57
128369 33.0
127868 33.0
3930 9.0
3927 9.0
150636 29.0
49353 23.0
129672 23.0
133862 66.71
51208 30.0
126464 30.0
125693 46.86
125687 46.86
123 26.0
100512 26.0
150439 25.93
115792 25.93
3385 37.37
19956 19.0
49544 27.0
49515 27.0
149545 33.0
27567 33.0
27961 27.0
39291 31.6
40847 31.6
34017 27.74
53652 27.74
39192 34.8
39193 34.8
24700 11.0
136133 32.58
135436 32.58
53216 19.0
138439 19.0
52841 24.0
33580 24.0
26449 37.26
37081 24.28
38215 24.28
40468 25.71
139353 25.71
153817 29.58
53818 29.58
151386 39.13
52338 39.13
153922 50.69
47797 50.69
18188 34.66
40410 29.0
51318 25.37
51317 25.37
52788 27.9
31222 27.9
130890 28.97
52560 28.97
150101 31.47
34359 41.53
53700 41.53
112467 56.71
12625 56.71
29049 46.97
52803 14.0
32719 14.0
31179 25.0
47804 25.0
111469 11.59
111132 11.59
50173 16.22
107171 16.22
50210 34.25
150206 34.25
101197 22.82
1355 22.82
26487 33.52
49424 24.0
135264 28.61
35263 28.61
136065 22.96
53247 22.96
139696 17.0
39692 17.0
53247 21.0
53193 21.0
118569 53.5
36808 23.0
31845 26.31
24861 5.53
124862 5.53
132374 13.97
132375 13.97
119398 19.87
52502 24.65
122402 40.0
128355 26.0
112218 3.34
110821 3.34
53694 29.0
35014 29.0
52855 19.0
52791 19.0
30509 31.0
31844 31.0
34000 45.0
119162 58.06
119160 58.06
130891 19.0
137374 28.39
135034 50.02
134942 50.02
2086 19.19
51863 19.19
52891 5.52
129795 21.0
127375 21.0
40020 8.0
114995 14.18
4863 16.61
105211 16.61
127339 11.0
129320 20.0
142018 11.23
104869 32.1
4255 32.1
4988 47.9
106589 30.33
115799 30.33
105209 38.78
5210 38.78
152172 41.0
152064 41.0
113801 20.0
113837 20.0
138049 10.0
38048 10.0
7936 62.8
100215 36.57
143 36.57
137087 14.0
143 26.0
151949 26.0
31708 60.0
51208 39.0
114103 58.94
114101 58.94
27799 39.08
150485 13.95
12541 10.0
112109 10.0
139118 58.4
151311 42.0
48795 9.0
130785 9.0
5052 14.0
110064 24.0
110063 24.0
109168 9.78
11533 9.78
125017 22.0
125963 22.0
33867 67.83
133608 67.83
133577 66.73
33867 66.73
102109 41.59
152181 41.59
52151 40.62
102112 40.62
151794 35.36
152225 35.36
39081 32.0
33350 67.51
151370 7.0
100618 7.0
131472 69.22
31471 69.22
31477 69.31
52590 11.0
131484 68.76
53095 6.34
33707 6.34
136538 31.59
53156 30.08
29215 68.39
126924 68.39
33806 37.31
34291 37.31
104867 13.0
120726 20.44
128062 29.0
150421 18.0
32106 28.0
33297 28.0
49261 15.55
122480 23.0
122481 23.0
119867 23.26
122811 8.0
122792 8.0
120036 6.31
119942 6.31
119518 28.73
119841 28.73
26108 52.73
23622 33.86
34518 20.0
1970 53.27
1969 52.56
1970 52.56
18288 16.92
1970 49.65
101978 49.65
151285 26.49
125017 19.52
24422 19.52
26205 24.45
102291 28.0
15675 35.38
150971 38.0
151311 38.0
50313 16.0
150296 16.0
34291 35.86
33806 35.86
137555 12.0
36852 24.0
38001 24.0
53416 31.86
140171 31.86
35276 28.0
36646 28.0
51084 25.71
7936 62.98
107970 62.98
49433 13.0
127254 13.0
129262 23.0
28839 23.0
133463 69.57
100035 9.21
107406 21.65
122901 23.0
122615 23.0
37822 42.0
36333 14.0
25025 20.95
131970 35.0
29768 34.74
142022 34.74
122402 21.0
126148 61.33
22901 13.0
112382 37.5
122418 15.0
32557 40.29
122234 15.0
122259 15.0
122259 25.38
122291 25.38
122714 41.1
152515 22.0
21088 16.19
121101 16.19
34380 38.53
53696 38.53
122242 23.55
121841 8.0
122151 8.0
140822 33.55
133611 33.55
26089 41.05
42002 48.86
33623 48.86
39745 26.39
38880 26.39
25518 20.0
107747 18.0
109119 18.0
120807 24.06
120825 24.06
48393 63.17
48395 63.17
48391 63.3
48387 65.49
35781 16.0
33538 46.37
129737 38.86
129738 38.86
133357 56.55
131207 7.97
31967 7.97
33288 14.0
128854 27.0
18192 18.0
151826 28.0
24249 34.46
107970 58.28
34380 38.53
53696 38.53
126640 52.27
109156 9.57
9155 9.57
109115 17.71
147744 17.71
36502 23.0
11772 6.9
11724 6.9
113352 15.28
111485 12.63
11750 12.63
49739 23.0
113699 11.0
113739 11.0
33928 43.46
153752 43.46
35771 25.47
113906 22.55
111818 22.55
112357 14.0
112357 13.0
112486 13.0
112518 9.0
112310 9.0
110122 21.69
131582 45.23
112270 11.0
33745 41.5
33928 41.5
153689 51.27
33379 51.27
136094 47.6
36097 47.6
48443 52.59
23127 52.59
51882 43.11
101824 43.11
148384 63.89
2017 51.32
103433 51.32
115259 19.0
149885 8.0
103197 8.0
136021 56.66
136022 56.66
31224 15.33
132640 15.33
131870 24.0
51307 13.0
125956 13.0
51262 18.0
125260 18.0
52654 30.83
124110 32.0
124581 32.0
48453 51.17
5240 18.18
4950 18.18
15971 57.81
48443 57.81
3394 29.58
51430 30.21
101468 30.21
102097 33.58
51982 33.58
100018 16.0
1870 51.93
50562 18.0
112361 15.0
112311 15.0
39881 14.13
39882 14.13
20762 18.0
11533 48.16
51974 48.43
152115 48.43
107960 22.71
101947 18.24
772 59.31
4830 59.31
107747 9.0
107676 9.0
39832 25.96
35623 32.0
138088 36.84
34602 27.38
35194 27.38
39813 32.47
39822 32.47
107819 11.0
107898 30.0
140443 41.86
19650 13.0
119665 13.0
136148 34.24
119621 17.0
119625 17.0
119576 15.0
106359 7.24
150015 7.24
32382 37.57
31285 25.0
132142 26.25
32040 26.25
19891 15.0
119806 15.0
38842 28.97
127182 49.3
27184 49.3
126890 50.45
28069 50.45
31254 24.0
7346 11.0
105673 18.0
27016 25.0
150459 23.93
114189 23.93
102832 26.07
126002 25.66
26003 25.66
103677 21.0
101066 21.0
2860 9.34
101375 9.34
105465 37.06
133946 58.44
52635 29.0
32210 6.52
35504 6.52
150015 24.15
49972 24.15
132239 15.0
47744 16.34
50870 45.86
126459 40.72
50869 36.72
124524 36.72
126335 29.02
126336 29.02
126648 23.0
126335 23.0
114790 22.0
125682 22.0
33307 36.0
52404 36.0
126105 3.89
111766 14.4
110641 14.4
111169 15.12
136517 12.0
122533 12.0
121811 16.53
121822 16.53
48502 52.06
129672 24.0
127352 24.0
115506 24.81
150150 32.86
100367 59.4
33594 68.36
100035 13.0
122456 61.11
122500 61.11
1970 53.5
26479 40.04
123775 40.04
1985 54.52
114995 30.78
50603 30.78
8555 14.0
14549 13.0
137820 74.59
135496 48.57
136218 48.57
127303 21.0
128129 21.0
33978 73.9
35834 65.76
35833 65.76
33515 71.61
133562 72.21
33515 72.21
51763 33.0
151754 33.0
127038 55.44
128633 55.44
101691 26.58
100099 26.58
122643 14.0
122648 14.0
126582 32.59
19354 19.65
49370 35.8
126876 35.8
29720 39.0
122580 26.21
122553 26.21
33371 24.97
40016 24.97
13050 13.0
26131 50.59
124604 50.59
37291 32.39
38029 32.39
5618 27.0
137684 49.79
38294 49.79
113224 20.03
24008 32.0
103982 62.89
150636 26.0
149011 17.71
134455 58.85
5383 21.09
100658 36.02
152317 12.0
125457 31.0
124307 31.0
102319 20.1
105514 20.1
150553 28.56
114302 28.56
106383 23.47
106423 23.47
126123 38.41
24901 38.41
111185 9.46
5038 29.78
37433 17.0
102760 37.04
102761 37.04
34913 24.0
139094 24.0
52788 20.0
30151 19.0
130241 19.0
120525 9.85
20450 9.85
150511 6.82
14548 6.82
129714 34.0
129717 34.0
103731 38.0
101310 21.0
100981 21.0
52963 21.8
53719 22.32
138993 22.32
26449 37.7
52665 32.73
115488 33.59
50502 33.59
137291 9.0
107023 32.87
105810 32.87
50044 28.5
115372 28.5
136736 48.56
105694 28.0
33522 25.81
34038 25.81
118495 13.0
104409 25.38
119117 14.91
119123 14.91
104334 25.71
104461 24.0
112270 10.0
130891 39.0
34450 26.19
33796 26.19
42081 11.0
142015 9.0
106530 29.15
150071 29.15
115667 27.24
149740 27.24
6640 19.48
112001 21.0
107869 14.0
107749 14.0
26119 20.0
35515 42.19
52791 24.0
52855 24.0
35508 55.64
35509 55.64
147811 47.84
35506 47.84
31354 28.34
130875 18.0
31915 18.0
138944 22.0
33979 22.0
31844 40.0
30509 40.0
150150 33.2
53733 29.0
40847 29.0
130843 22.0
31241 22.0
32195 48.07
32197 48.07
105512 53.5
100389 53.5
33916 35.0
153659 35.0
4788 63.62
4790 63.62
52693 2.61
105848 26.0
50414 26.0
153663 23.12
33468 27.21
40432 27.21
39734 35.24
39731 35.24
33766 41.56
139727 41.56
134077 32.69
34085 32.69
31031 7.0
50510 31.0
150528 31.0
114765 23.19
114684 23.19
112790 14.0
112796 14.0
119377 8.0
31161 25.0
39849 17.0
37072 17.0
37072 26.0
34677 26.0
104588 9.0
118996 20.38
119126 20.38
139509 34.0
107076 20.13
122403 26.84
122092 26.84
129124 19.0
28114 19.0
148372 38.94
7924 44.81
7923 44.81
117778 22.39
117792 22.39
49563 20.54
27118 20.54
149483 18.75
127711 33.0
127710 33.0
135223 39.13
52758 45.31
31513 45.31
107439 23.6
7476 23.6
148520 74.05
4194 13.0
128907 35.49
28905 35.49
7397 66.9
126730 17.13
127575 17.13
51262 28.59
125614 28.59
103981 62.39
3870 62.39
110026 11.0
34103 24.94
135689 24.94
39849 9.0
39850 9.0
111556 43.58
119475 35.98
121049 35.98
114015 17.0
149165 17.0
148836 4.37
128217 23.38
126730 23.38
151826 32.11
103335 32.11
124818 14.23
102039 43.95
4793 66.96
4794 66.96
51149 38.71
124303 38.71
101899 59.92
107798 33.87
107558 33.87
130277 32.0
130278 32.0
107779 53.23
107391 53.23
5540 25.0
100787 36.0
100378 32.14
47790 63.03
4788 63.03
26856 28.0
120807 28.25
121910 28.25
52434 14.0
130258 14.0
53512 38.8
153896 34.0
4593 25.45
104588 25.45
104390 67.48
115372 22.0
50044 22.0
118325 18.0
118224 18.0
32338 26.0
32461 26.0
104461 23.0
104461 20.0
104462 20.0
124825 56.07
152248 31.32
105827 23.0
115372 23.0
34584 34.0
139500 34.0
15501 37.0
121582 19.0
21407 15.0
121392 15.0
121397 16.0
121403 16.0
118635 20.56
120546 20.56
118780 21.81
118689 21.81
115912 64.32
148392 67.72
101832 34.32
1831 34.32
26205 23.11
117993 13.0
118242 13.0
112900 16.0
18015 16.0
49008 21.0
107816 22.64
125068 33.0
31678 45.1
131699 45.1
22812 21.98
15562 31.0
49312 47.62
129428 38.96
129430 38.96
128749 20.63
28750 20.63
128968 40.26
127268 40.26
126730 20.0
128217 20.0
104492 23.75
104493 23.75
49261 15.55
10867 12.0
126369 35.0
129432 37.5
149582 37.5
118965 21.0
118994 21.0
101734 20.0
4791 17.32
104608 17.32
14304 25.0
123606 63.02
24707 63.02
121600 7.0
121672 7.0
148440 26.0
148974 63.65
24702 63.65
25974 63.7
50634 63.7
38795 47.45
35015 19.99
34312 19.99
115173 44.0
49664 44.0
103335 35.14
130634 52.32
130635 52.32
102760 37.04
102761 37.04
150472 21.0
50476 21.0
114189 24.0
150459 24.0
101468 33.96
5121 33.96
50922 26.64
114283 23.0
150490 23.0
748 24.95
100749 24.95
51967 13.51
102327 13.51
50210 20.0
33545 71.42
133544 71.42
25447 11.33
2382 27.51
26151 50.71
101932 43.88
101929 43.88
134090 69.18
24989 15.0
123732 15.0
35411 24.76
130283 24.0
30804 8.0
7282 22.0
53281 35.7
124679 40.0
126428 40.0
123664 23.29
125171 23.29
123648 30.85
125843 12.74
125124 12.74
127686 7.37
129736 7.37
149740 26.66
115667 26.66
53651 49.27
110020 25.0
48886 66.91
124268 60.63
124268 60.35
29457 60.9
129854 60.9
34426 16.0
53738 16.0
27833 58.52
28618 58.52
132888 30.44
9360 8.0
32138 48.12
107964 14.41
7967 17.85
110905 10.12
119398 12.88
119377 12.88
11716 12.66
34300 26.16
128787 64.46
27834 64.46
112465 8.3
111713 8.3
11410 5.49
11184 5.19
1821 38.8
111178 5.36
111177 5.36
127888 33.0
129082 33.0
27469 25.0
153906 34.0
34644 34.0
111478 35.22
53700 35.0
109136 47.63
109260 51.18
109158 53.39
109161 53.39
53738 33.61
10086 63.95
12621 63.95
122235 11.48
122242 11.48
103582 17.9
101214 17.9
135052 47.25
38842 28.97
140436 31.96
38797 31.96
39000 35.06
53687 35.06
124818 9.93
106610 43.15
115761 12.03
115844 12.03
32428 32.23
33711 26.0
152612 24.19
32435 24.19
32428 35.76
40446 53.42
52850 23.0
52758 23.0
29992 29.75
101947 15.73
11566 44.48
34649 48.3
10535 16.13
38842 31.0
38619 31.0
111438 50.59
11500 50.59
23616 70.45
35411 33.39
35685 33.39
31051 44.02
131050 44.02
11671 10.0
100376 40.68
7385 56.57
107391 56.57
126122 27.0
24770 7.0
24616 7.0
104730 31.33
104490 31.33
150174 22.45
106812 22.45
4686 31.77
104809 31.77
52059 14.0
104462 14.0
118645 7.43
117792 19.44
103338 21.0
124818 19.0
114148 22.0
50572 22.0
150035 21.63
48044 9.31
107514 15.0
107467 15.0
104575 32.8
104580 32.8
7695 18.0
107609 18.0
107641 13.0
105800 21.0
106907 21.0
140356 26.66
106166 34.45
106878 34.45
115741 10.0
115852 10.0
126022 28.0
132344 25.0
130452 51.0
132786 50.19
31832 50.19
11529 25.49
10553 12.37
103628 11.42
100035 11.42
132178 49.87
32179 49.87
23435 19.78
11961 10.98
111953 10.98
52404 39.0
130341 39.0
132103 32.79
52853 32.79
123142 24.53
31420 15.0
32809 15.0
104421 35.57
102178 35.57
51877 23.0
32208 50.68
51963 29.21
105454 29.21
4737 58.72
104379 58.72
36258 64.1
51904 34.7
4775 66.79
101050 46.85
48784 46.85
105199 50.74
103483 50.74
2108 34.41
102409 21.36
101800 21.36
3987 60.32
107070 27.75
137791 56.88
37790 56.88
112523 15.0
107967 19.19
107833 4.0
107964 4.0
150472 5.38
150459 5.38
114283 7.98
50476 7.98
1518 15.0
26142 50.36
103986 62.1
53054 34.57
150542 27.0
150539 27.0
114274 24.0
114414 24.0
114274 24.0
29964 58.0
136045 24.21
36046 24.21
3017010 38.0
3017011 38.0
150528 25.0
50510 25.0
150553 22.0
121101 18.13
21088 18.13
34462 27.1
37291 27.1
114976 9.0
124358 22.0
115741 36.14
123142 36.14
28852 43.71
127359 43.71
111513 14.0
11715 14.0
48931 13.72
111469 13.72
52101 24.0
135440 22.13
53093 22.13
409 21.0
100385 21.0
147747 39.58
114886 25.13
114896 25.13
6006 14.0
148428 14.0
31481 68.1
9132 30.84
50768 29.26
150863 29.26
122793 17.21
122816 17.21
126369 44.22
37879 30.0
35384 30.0
122242 19.0
22334 19.0
122806 22.07
122793 22.07
118683 19.0
118766 19.0
118511 26.54
130623 25.0
127900 20.0
127030 20.0
36846 39.0
52024 33.92
107605 26.0
107605 32.23
107608 32.23
23915 15.0
37442 13.0
35772 13.0
135436 29.0
136133 29.0
118856 28.0
118904 28.0
148899 69.18
48900 69.18
127638 19.71
149538 19.71
106610 33.0
107605 35.42
114946 37.66
122994 37.66
125282 30.0
125281 30.0
35978 15.14
53404 15.14
114817 18.54
53924 25.03
153903 25.03
48440 29.0
132256 49.87
120726 27.32
120724 27.32
4415 30.06
102178 30.06
115099 13.33
113810 10.0
53971 31.0
153689 19.37
33556 19.37
33380 36.0
153850 36.0
153689 42.0
139511 32.0
33556 32.0
111556 18.0
27329 29.0
127331 29.0
104603 18.14
49364 26.0
53404 18.05
35978 18.05
114442 25.0
114450 25.0
50414 27.0
114442 27.0
32315 26.5
152845 26.5
36622 31.0
134622 31.0
114450 30.03
106308 30.03
133384 38.03
53767 35.0
33382 35.0
114529 28.34
51867 30.51
4529 30.51
131427 20.0
114516 28.05
50338 24.0
114693 24.0
115238 24.59
109151 14.58
108315 14.58
109105 16.86
109152 16.86
137624 10.0
137625 10.0
137624 8.0
137625 10.0
37626 10.0
124454 51.1
24455 51.1
140074 13.0
46638 13.0
14321 25.0
121910 10.44
122048 10.44
121804 21.29
121765 21.29
102042 12.0
127121 37.0
129738 37.0
52590 22.0
48889 62.32
124716 62.32
100099 12.0
121118 27.79
15728 22.0
106072 22.0
107391 56.43
107779 56.43
150198 20.36
150196 20.36
122741 62.79
122727 62.79
150196 26.81
105900 26.81
110499 10.0
110395 12.0
110486 12.0
121246 23.0
121184 23.0
53909 46.0
139509 46.0
107558 6.29
107798 6.29
128715 34.37
27077 34.37
106812 32.4
150174 32.4
114529 15.0
114516 15.0
36150 28.0
123341 14.0
114255 14.0
126923 67.45
124710 50.7
26807 50.7
124286 63.2
23548 63.2
135440 38.0
53093 38.0
121869 15.78
121968 15.78
48770 45.0
2638 45.0
49408 15.0
42008 34.0
101947 28.0
26976 16.0
11772 11.0
482 31.96
100483 31.96
114946 27.52
114945 27.52
107399 35.61
13938 10.0
15963 23.78
113837 12.0
113801 12.0
113738 13.0
106146 18.0
106154 18.0
118965 18.0
126285 16.19
126067 16.19
131745 37.98
114101 60.15
17771 60.15
124156 14.0
31254 20.61
124101 35.35
151173 35.35
53756 33.87
37387 33.87
122291 22.32
122259 22.32
132689 48.42
134258 20.0
139671 34.27
53512 34.27
134980 20.0
34300 43.0
139032 8.0
119402 19.04
111379 7.12
11803 7.12
101821 7.44
37258 13.0
101011 17.24
3545 17.24
131672 24.0
33382 44.88
52670 30.0
112758 17.0
128129 25.71
127303 25.71
149609 16.0
49610 16.0
150071 10.0
114787 10.0
112108 13.0
49176 13.0
51054 36.49
50911 36.49
118766 18.0
118856 18.0
127743 45.39
127744 45.39
47739 55.31
118282 18.0
113143 18.0
148458 9.0
115504 9.0
115758 34.22
126290 34.31
25936 34.31
28764 56.99
36090 41.39
136092 41.39
125078 39.96
47772 39.96
122108 8.0
122180 8.0
121917 13.0
21951 13.0
129738 28.0
127121 28.0
119005 18.71
119014 18.71
40569 31.03
40564 31.03
130689 27.91
130687 27.91
22423 31.0
122902 31.0
48686 38.0
129854 66.2
129853 66.2
122180 31.43
122070 31.43
122092 35.75
122403 35.75
14434 11.0
126934 70.85
26935 70.85
110091 13.0
105138 64.53
105115 63.19
104896 63.19
101807 42.0
101812 42.0
42008 20.0
37554 20.0
51337 32.82
15301 32.82
130138 38.65
38843 44.72
38969 44.72
130145 31.91
30137 31.91
131029 8.0
3968 61.9
103986 61.9
3968 62.87
15099 9.0
151831 53.73
101932 53.73
130899 12.0
131006 12.0
152183 34.57
100046 34.57
30292 19.0
31085 19.0
123640 18.0
51356 18.0
115470 29.0
150106 29.0
107920 14.0
107898 14.0
104407 26.18
4415 26.18
104580 29.38
104575 29.38
136065 14.48
4962 58.22
49610 17.0
140596 43.0
53725 43.0
31559 9.55
113681 12.0
13626 12.0
114266 33.42
112108 13.0
52163 22.16
147745 67.11
118766 18.0
118683 18.0
3870 58.92
114421 27.0
50502 27.0
107671 11.0
107643 11.0
123314 32.37
52143 36.0
33908 65.26
5292 33.0
102326 33.0
150460 19.0
103496 15.0
111794 28.28
111795 28.28
4529 20.0
104524 20.0
105333 45.0
100820 45.0
151326 38.0
127375 26.0
111753 27.05
111739 27.05
105251 38.58
107076 15.83
107008 15.83
111869 24.0
149893 29.81
107076 29.81
107076 32.49
115979 30.41
115055 30.41
28114 36.84
129439 36.84
105159 20.0
33868 67.73
133866 67.73
134443 68.26
39608 15.0
133637 15.0
1138 66.86
33884 69.16
133883 69.16
33877 69.29
133876 69.29
106129 27.0
115699 27.0
37433 16.0
30006 36.0
130843 36.0
5089 39.13
2860 39.13
135074 26.0
126380 34.0
150857 34.0
122180 20.0
122181 20.0
52826 30.0
132485 30.0
127868 22.0
149627 22.0
52196 27.0
2012822 51.93
2012820 51.93
123203 38.48
115152 38.48
128128 21.0
110449 14.0
140584 15.47
105578 14.65
133539 66.9
33538 66.9
53223 26.73
153599 26.73
33379 34.0
133376 34.0
100289 53.0
39853 17.0
34259 17.0
30137 40.94
130138 40.94
30042 26.85
33017 26.85
5617 32.0
111767 18.0
7404 22.24
105638 24.55
149885 27.0
150534 24.8
21066 32.63
121071 34.61
126238 7.49
122741 62.52
122500 62.26
119215 5.18
119214 5.18
52388 50.13
39184 18.43
39185 18.43
18808 11.54
119132 11.54
28805 67.49
126926 67.49
9099 16.69
114371 27.3
114667 27.3
51967 10.4
110434 13.0
10436 13.0
130660 41.18
152432 41.18
52312 31.14
100647 31.39
102610 31.39
36394 18.0
25936 34.0
100404 60.97
105158 14.88
105160 14.88
107676 13.0
107589 11.0
109069 11.0
9055 10.0
9057 10.0
108035 13.0
106416 35.59
53181 13.0
36587 13.0
7960 17.0
121803 18.13
49529 38.73
126838 38.73
140615 33.06
33656 33.06
138809 17.0
138814 25.37
129737 16.0
129736 16.0
25688 52.53
126154 52.53
114346 21.0
114196 21.0
16200 18.48
52737 42.09
30322 42.09
152181 14.0
102409 14.0
23328 67.77
150215 39.66
47763 39.66
104813 65.32
25956 16.0
33297 15.0
32106 15.0
4395 66.95
4396 66.95
105403 33.0
105394 33.0
111174 20.57
12166 20.57
111437 42.42
11461 42.42
11764 41.09
11690 41.09
101214 19.99
47783 19.99
103628 20.7
12411 52.82
112560 52.82
2834 26.07
127942 15.17
127068 15.17
23554 15.0
123555 15.0
25981 29.0
32344 29.0
31420 29.0
124876 21.0
105492 33.64
118224 23.26
118325 23.26
147819 20.71
386 65.43
391 65.43
33979 32.86
138238 16.0
54277 27.0
51750 27.0
50831 39.39
23523 39.39
114711 24.37
14764 24.37
49972 12.65
150015 12.65
152432 21.94
130660 21.94
23841 11.88
130666 55.13
107293 36.0
123338 36.0
148492 14.78
148487 14.78
114641 13.85
106762 20.0
100486 24.0
100483 24.0
132374 57.43
132375 57.43
7964 13.68
105856 32.56
150439 32.56
53632 30.85
134167 64.19
36562 12.0
137362 18.44
153115 9.0
148532 74.12
150344 74.12
51255 28.0
106416 37.0
103174 15.0
42074 17.0
123374 17.0
114614 8.0
52143 37.24
104524 27.0
4529 27.0
115469 27.22
150106 27.22
115272 25.32
115469 25.32
15432 6.67
148458 6.67
150106 24.0
115470 24.0
119942 15.29
120107 15.29
127864 18.0
103991 15.0
120351 24.61
18530 31.39
3401 18.0
3402 18.0
113096 25.06
113077 25.06
11289 15.0
110996 15.0
153599 24.0
53223 24.0
11184 10.96
111177 10.96
23025 66.25
123024 66.25
50170 16.0
48898 16.0
152183 13.0
124303 35.24
51149 35.24
42008 35.0
6006 42.86
14892 42.86
130197 22.0
123071 35.94
114850 35.94
15432 6.67
148458 6.67
123289 27.0
106875 27.0
27383 68.86
127384 68.86
28240 25.75
129428 25.75
27016 24.0
129717 15.0
146615 6.92
52893 32.0
103984 23.0
153922 48.87
126488 18.53
30509 34.0
130508 34.0
153922 50.07
149994 24.0
123119 24.0
123119 21.0
106224 21.0
131725 44.18
52294 34.05
151424 34.05
100814 37.0
52005 37.0
52752 40.64
129428 20.0
28240 20.0
127686 23.0
129432 20.0
129430 20.0
1732 23.19
3082 23.19
151409 14.0
101379 14.0
103676 16.0
103677 16.0
139163 31.0
50489 29.22
127742 40.18
127743 40.18
134077 12.1
133458 12.1
33395 28.45
33397 28.45
128338 22.25
119398 19.87
129738 35.0
129737 35.0
10678 12.0
111301 12.0
111739 20.0
111738 20.0
110108 18.0
13133 18.0
112969 18.0
33292 25.0
113111 18.0
13050 18.0
13083 17.0
12775 17.0
103886 31.58
104082 31.58
53093 41.0
135440 41.0
125199 19.68
125638 19.68
114301 11.92
36646 32.0
35276 32.0
36646 35.0
137713 38.0
36646 38.0
2799 34.45
758 34.45
114796 24.52
129965 54.59
29964 58.0
48896 37.0
127334 44.83
23035 29.36
149739 29.36
133070 23.55
31849 40.19
31844 40.19
126123 34.0
136315 37.0
53959 37.0
100291 27.0
2145 27.0
104608 6.57
114304 21.0
114159 21.0
2799 31.17
138487 30.6
124780 10.0
124779 10.0
39062 39.0
153659 39.0
125201 17.0
53882 39.72
127575 15.0
37442 34.0
35772 34.0
27596 23.0
128681 11.0
153971 21.0
153659 32.0
33916 32.0
130074 30.0
130058 30.0
152759 25.45
31453 25.45
109967 14.0
110024 14.0
24359 34.61
153739 35.0
20502 20.68
119956 20.68
111727 36.04
111516 36.04
35631 60.36
36521 44.64
26932 27.0
39331 21.95
139332 21.95
139332 24.96
140584 24.96
33515 72.36
33563 72.36
27118 37.38
110063 19.27
110030 19.27
130634 42.13
31546 42.13
119114 15.32
119117 15.32
49475 26.46
149396 26.46
118698 18.14
118807 18.14
23765 20.19
23303 10.64
138403 17.0
38401 17.0
35149 25.0
34868 28.0
36844 28.0
114549 22.0
52891 27.0
50943 24.0
3885 58.01
122537 17.0
29734 23.0
129736 23.0
52890 32.12
35133 32.12
124862 15.0
150485 9.16
42074 9.16
147744 14.88
100402 62.43
100367 62.43
122242 23.55
122212 29.22
122207 29.22
151507 29.19
104493 41.15
102733 41.15
100976 18.0
101760 18.0
122533 20.0
32019 41.53
33914 69.98
15259 8.96
153967 35.16
34385 35.16
127355 35.0
133605 71.65
138953 36.33
138832 36.33
122725 56.29
122181 14.0
122180 14.0
119377 23.06
119365 11.07
19320 11.07
134573 29.0
137933 29.0
37291 32.39
38029 32.39
122994 24.35
115324 24.35
134648 48.07
34649 48.07
36029 39.39
36031 39.39
106544 36.42
115907 36.42
120729 11.0
120726 11.0
150079 31.0
152181 48.24
152181 51.26
102109 51.26
102112 32.31
52151 32.31
51300 23.51
152225 42.0
151794 42.0
110641 17.68
111766 17.68
49516 24.0
27567 32.0
149545 32.0
773 60.55
772 60.55
119321 5.0
127696 12.0
2638 42.51
52650 11.0
32793 11.0
152533 26.72
52780 43.16
29979 43.16
53538 21.13
53035 21.13
36185 32.86
111177 14.06
111180 14.06
114103 57.69
114101 59.71
117787 59.71
112467 65.89
50599 35.06
50608 35.06
10083 66.04
10086 66.04
12621 64.59
104774 30.0
51956 30.0
39731 12.0
39734 12.0
52736 30.0
36743 30.0
5731 33.08
115369 9.11
115299 9.11
105623 16.0
100099 16.0
127445 34.64
129519 34.64
6044 33.08
15728 33.08
115529 22.82
115507 22.82
115506 20.06
33656 23.78
39184 23.78
37387 27.88
53756 27.88
19440 35.16
26814 56.19
104178 20.14
105471 13.0
101657 21.0
105209 21.0
35772 32.99
37442 32.99
53882 34.18
136277 63.05
36276 63.05
103677 3.38
103676 3.38
53653 43.0
118552 27.26
118561 27.26
51190 33.0
104616 26.37
139511 12.86
102832 21.34
102824 21.34
25627 21.0
101375 43.9
101379 43.9
103335 38.84
151826 38.84
105378 47.04
3337 47.04
107935 61.94
22921 61.94
151826 29.02
105383 29.02
11522 14.0
111513 14.0
35301 9.49
35927 9.49
4094 60.38
130827 21.18
153792 45.19
118016 15.0
18232 15.0
1752 37.23
18232 16.0
118013 16.0
110996 9.0
110997 9.0
110996 11.0
102680 28.93
102681 28.93
110615 17.0
110619 17.0
110585 14.0
110611 16.0
110585 16.0
39880 9.38
39881 9.38
42021 23.0
114736 15.71
124862 25.41
130278 37.54
150562 33.61
114149 33.61
149532 31.0
114090 20.0
12458 25.0
114082 25.0
106602 51.78
148378 51.78
14321 17.0
12592 37.92
15266 16.0
128494 29.0
114179 23.0
14321 23.0
107609 36.47
107641 36.47
26813 53.26
27597 53.26
104347 21.0
151786 39.0
51882 39.0
7788 15.0
25671 57.9
126149 57.9
106823 25.1
6822 25.1
104490 33.0
7794 27.93
107813 18.9
107928 18.9
107809 25.27
107813 25.27
107552 14.0
7783 28.39
107601 28.39
4987 35.49
149612 13.0
127946 13.0
123648 42.52
50827 42.52
18215 20.0
3906 31.58
126198 59.66
25671 59.66
102020 48.4
2017 48.4
127431 32.0
129892 32.0
35067 74.0
135339 74.0
150534 16.0
105076 51.01
128829 56.6
129234 56.6
127540 46.52
115060 46.1
115058 46.1
10302 18.0
110499 18.0
119956 17.0
20502 17.0
35864 17.0
151284 18.0
122108 23.43
27567 29.0
49544 29.0
125289 22.0
127541 48.0
128813 53.59
25225 14.0
124491 14.0
107676 13.0
107601 13.0
107789 16.98
110611 6.0
19398 10.26
110615 12.0
110997 12.0
148403 28.33
123014 28.33
51671 33.27
152367 33.27
6652 17.0
6651 17.0
25953 60.29
4822 64.77
127359 21.25
129622 21.25
127339 15.0
131405 15.0
31430 15.0
118009 21.0
118026 21.0
20951 14.68
20880 22.63
120724 22.63
11172 16.11
111162 16.11
150534 21.0
125620 14.0
125614 14.0
34743 64.88
34742 64.88
26089 35.27
26138 35.27
123563 28.0
51729 19.0
100958 19.0
112798 32.39
13222 32.39
113221 17.0
113160 17.0
151494 19.0
123412 14.0
103991 14.0
51345 37.0
125314 37.0
105454 28.0
51963 28.0
126431 33.29
25808 33.29
100532 10.0
50580 28.0
50572 28.0
51904 30.75
31797 42.32
31798 42.32
125620 31.0
125314 40.0
51345 40.0
51362 20.0
100086 20.0
125614 31.0
51262 31.0
115234 28.89
123338 28.89
105638 31.23
22318 24.47
122316 24.47
27856 36.0
114711 21.54
50489 21.54
120354 26.71
107293 28.19
49528 12.0
27812 12.0
7466 31.0
148515 62.7
129209 28.77
148474 45.37
123217 45.37
127846 58.19
27845 58.19
106681 34.41
105783 34.41
150015 9.74
49790 13.32
125638 17.39
125199 17.39
52918 20.27
53818 20.27
100846 23.0
100695 23.0
107601 28.29
7783 28.29
134863 37.0
138645 37.0
107928 39.01
130623 23.4
29458 6.3
107556 17.0
107639 20.0
129488 24.55
126740 24.55
130875 32.36
30878 32.36
106140 23.69
22750 21.0
149287 21.0
103582 17.83
103581 17.83
27441 30.73
105987 28.0
122628 24.0
122627 24.0
122624 29.0
122628 29.0
22669 23.0
122624 23.0
137712 26.0
134925 19.0
125930 27.0
24932 27.0
125930 27.0
24932 27.0
53652 25.74
34017 25.74
150098 24.0
104672 9.13
4793 9.13
124358 38.86
127334 41.45
50943 28.0
51326 40.0
100185 66.8
100394 66.8
150862 31.0
51863 5.1
2086 5.1
123367 13.24
114312 13.24
130324 37.0
130853 37.0
7505 28.19
7333 28.19
101899 51.82
1901 51.82
23410 8.49
101374 8.49
100251 10.32
100261 10.32
52127 17.98
104343 17.98
47755 33.0
128886 33.0
47755 21.0
114839 11.0
14548 11.0
123214 17.0
123227 17.0
31436 14.0
132310 14.0
100370 34.15
105623 34.15
7673 20.0
50080 28.0
115469 28.0
37275 7.0
37433 7.0
134391 29.7
100231 19.0
103679 19.0
108213 14.0
8252 14.0
34359 36.0
134355 36.0
4971 14.72
123261 18.0
106146 18.0
53651 43.86
40445 43.86
108064 15.0
138050 9.57
138049 9.57
11159 15.65
120621 17.14
21170 17.14
111162 7.49
23913 19.0
128014 37.17
149489 37.17
102832 21.92
137969 8.0
22752 64.33
136289 11.0
27279 28.0
28953 28.0
52388 51.33
105680 32.0
22751 60.97
22748 60.97
122725 42.25
22623 42.25
104774 31.78
4851 31.78
33292 26.0
151364 17.0
37554 29.0
34875 29.0
102142 11.8
52135 11.8
5006 32.2
52135 32.2
152533 22.0
29979 22.0
52780 22.0
52654 28.0
130496 45.0
52654 45.0
152462 27.0
33282 27.0
31243 21.0
32793 21.0
38274 34.0
40410 34.0
130154 42.0
152462 42.0
127696 7.0
48650 29.63
152753 15.11
131745 15.11
107911 51.89
52127 20.82
107884 58.98
40445 45.72
53651 45.72
135425 27.0
53145 27.0
140137 56.76
135146 56.76
133201 32.24
7605 41.45
27275 26.0
34757 52.39
48650 52.39
53118 11.0
33399 20.69
34518 20.69
51919 24.36
37672 20.0
38393 22.0
40564 22.0
100390 61.83
100376 61.83
50943 22.0
125343 22.0
151234 23.0
5513 35.25
105512 35.25
125289 27.0
151261 15.0
101678 12.0
103698 12.0
100295 63.43
139163 23.0
24455 38.66
26111 48.15
124454 48.15
122108 22.29
37338 30.77
37339 30.77
138239 21.02
138238 21.02
132239 42.0
121854 20.65
121869 20.65
115045 27.73
112728 18.0
33524 49.81
152983 49.81
105330 39.85
151900 39.85
100695 6.39
100846 6.39
135487 25.0
40786 16.43
107956 44.3
7924 44.3
34742 64.58
34743 64.58
7917 32.33
7910 32.33
138238 17.27
10083 31.24
110026 31.24
150446 19.25
124818 12.48
124816 12.48
111869 16.97
50489 17.52
114711 17.52
106967 22.16
50042 22.16
35124 49.0
36019 49.0
107293 32.0
123338 36.17
115234 36.17
137533 11.0
138172 11.0
35085 14.0
53534 14.0
4971 14.72
113143 15.0
118282 15.0
125675 16.0
125956 16.0
109165 3.17
151424 34.66
52294 34.66
20450 13.0
120525 13.0
24600 38.41
115684 30.06
115810 30.06
102370 22.0
102371 22.0
133889 65.31
133888 65.31
121317 22.0
121480 22.0
107789 19.0
107915 11.0
109105 13.0
23357 30.0
5682 30.0
26818 15.0
107749 13.0
107869 13.0
9164 8.7
9163 8.7
4825 51.75
819 51.75
27039 56.84
128650 56.84
102012 11.7
27479 17.0
100387 64.64
356 64.64
35660 27.72
650 58.13
1018 58.13
100045 59.0
152265 26.21
106030 26.21
138087 29.39
138088 29.39
148456 57.2
123132 57.2
36470 12.0
140652 12.0
128706 66.63
148906 66.63
106021 62.9
148438 62.9
122017 15.43
115045 20.57
115045 41.68
15432 7.06
105698 24.0
49536 35.0
149322 35.0
28811 69.07
37574 46.76
138415 46.76
126013 27.76
110560 13.89
110558 13.89
27339 18.0
49647 32.0
106421 32.0
124862 34.03
100048 15.0
100049 15.0
31370 23.66
52774 23.66
130239 34.0
152775 34.0
125777 25.0
125773 25.0
5276 29.0
125773 20.0
126582 20.0
113681 15.0
113738 15.0
124862 51.11
27769 30.13
124869 17.44
114581 16.0
114266 31.27
114179 31.27
129320 8.0
111795 9.64
105160 20.0
105158 20.0
4566 33.25
102853 35.96
2860 23.75
5083 53.65
104542 53.65
112620 64.25
112624 54.43
51713 26.39
151485 26.39
151485 14.58
101299 14.58
104934 17.0
2862 17.0
4102 58.97
110084 64.44
7927 64.44
103714 31.0
3508 31.0
51877 15.0
26418 48.79
26418 41.56
113667 13.0
113681 13.0
126464 42.4
51208 42.4
51207 46.2
126464 46.2
51171 41.68
51326 41.68
124265 35.0
125260 35.0
101375 12.09
101915 27.93
4564 24.0
28703 43.75
127463 24.0
102327 27.3
51967 27.3
3727 31.2
123074 23.0
114896 23.0
114894 34.0
24288 58.85
48881 58.85
4899 62.93
3486 62.93
27481 39.38
127478 39.38
105488 34.01
114623 27.0
11184 9.0
111185 9.0
110857 9.77
22827 9.77
136613 44.0
153231 44.0
14548 12.0
39497 45.0
34568 45.0
14645 12.0
147766 12.0
26572 33.46
125555 33.46
100446 30.0
105465 30.0
119637 21.3
119638 21.3
106000 18.26
105829 18.26
143 35.0
100215 35.0
32648 18.0
32649 18.0
150071 10.0
114787 10.0
52576 19.0
2834 13.0
38969 44.1
38843 44.1
124999 36.48
134331 29.39
131775 30.34
38843 40.42
129428 31.0
445 60.8
105742 63.44
148388 63.44
118370 14.0
118268 14.0
52642 19.0
126856 30.0
126855 30.0
782 60.67
100387 60.67
110902 13.58
111486 13.58
50502 28.39
114421 28.39
2078 55.77
100045 55.77
122537 18.0
115339 14.0
105905 14.0
53770 28.33
139089 28.33
150296 24.0
50313 24.0
8252 18.01
108213 18.01
122242 10.86
122235 10.86
103708 20.85
122212 27.0
135629 66.11
25052 34.0
128763 54.4
30681 20.0
52654 27.0
132639 40.0
33796 25.0
34450 25.0
104026 26.0
105159 26.0
36517 15.74
50034 22.0
4389 71.11
4812 67.9
4804 70.58
48545 70.58
4189 28.0
31031 7.0
118378 26.77
118579 26.77
115020 20.0
115761 20.0
100483 27.0
482 27.0
123374 23.18
150485 23.18
50170 16.0
105960 16.0
21100 14.58
147744 12.09
109115 12.09
115506 35.2
107969 62.24
107935 62.24
11750 12.0
111485 12.0
122579 10.0
4886 64.53
103601 64.59
4094 64.59
110898 13.64
110931 13.64
123016 14.0
4892 64.7
4898 64.7
111486 16.62
110902 16.62
136927 9.64
36926 9.64
110932 11.05
110931 11.05
3194 26.18
3486 57.93
104932 57.93
50042 26.0
106967 26.0
48845 22.0
124633 22.0
121480 24.05
121317 24.05
15289 39.0
150428 39.0
25401 22.16
135054 33.14
38842 33.14
37834 69.81
119326 14.41
49784 32.44
107008 20.0
107076 20.0
31453 34.59
152759 34.59
32034 34.0
131427 15.0
47783 36.05
115055 30.0
115979 30.0
107076 35.44
149893 35.44
52871 25.0
27234 28.0
35314 41.7
49013 18.0
113170 18.0
4788 65.01
106530 25.05
150103 25.05
22571 32.22
137543 50.39
33524 50.39
126680 17.95
137252 46.59
138487 23.78
31763 23.78
52576 45.0
30927 45.0
123227 21.0
123233 21.0
115057 19.45
15749 19.45
125515 23.0
28786 66.64
128706 66.64
104958 51.84
2631 51.84
3925 10.84
32494 28.45
32496 28.45
26249 22.13
123233 13.0
123227 13.0
40847 29.26
39291 29.26
107398 26.6
107529 26.6
31340 27.0
111498 17.4
111419 17.4
25550 21.4
12412 13.0
12469 13.0
102178 22.5
119402 24.0
27469 25.0
21961 25.86
21937 25.86
124779 24.0
50799 24.0
50799 30.0
51097 30.0
113810 16.13
13886 16.13
104679 11.0
110385 17.0
110387 17.0
110931 10.5
110902 10.5
150106 31.0
115469 31.0
7909 54.9
18808 27.0
118827 27.0
122575 20.0
115469 28.0
115272 28.0
124876 25.0
32019 42.92
152456 42.92
24055 31.0
115115 25.56
50353 25.56
50502 26.0
115488 26.0
31844 25.0
32284 25.0
135345 15.0
130554 9.0
111738 20.0
111739 20.0
151949 27.0
143 27.0
49563 23.0
27113 23.0
111301 13.0
10678 13.0
129736 29.0
29734 29.0
152064 32.0
152172 32.0
105428 40.95
105427 40.95
127742 28.8
126881 28.8
136199 12.6
140272 12.6
115814 12.66
15680 12.66
125555 24.92
124666 24.92
109505 19.31
110025 19.31
122828 20.1
11442 20.1
126336 36.82
26117 36.82
111516 8.28
111727 8.28
111727 20.5
110870 20.5
1967 55.48
102008 55.48
108023 9.0
101899 55.25
22420 64.37
22441 64.37
110030 14.72
110063 14.72
24540 52.0
25401 23.0
124633 30.53
48845 30.53
139353 26.0
40468 26.0
102773 30.0
105376 27.74
5505 27.74
105383 24.0
128608 58.94
123119 27.0
149994 27.0
153876 14.77
106224 24.71
123119 24.71
16200 41.28
53391 23.99
135237 19.0
35241 7.41
35263 25.0
135264 25.0
11772 9.85
11724 9.85
35737 17.0
53244 17.0
133468 23.0
48900 67.77
105427 52.87
105428 52.87
53568 30.0
5089 29.66
28607 65.79
128608 65.79
31296 49.0
52835 49.0
136261 65.29
27275 33.32
150179 25.0
115621 25.0
39081 24.25
33358 24.25
138628 25.0
53700 38.78
53738 42.15
33522 24.86
38948 24.86
53687 42.58
39000 42.58
150439 22.22
50419 22.22
106499 32.17
149970 32.17
106423 31.0
106383 31.0
52163 24.0
111556 24.0
110558 24.0
127366 29.0
26818 29.0
26108 58.97
124539 58.97
104409 28.0
5276 28.0
5276 25.0
104334 25.0
49673 13.0
25246 17.0
123748 17.0
107514 26.0
7476 26.0
103701 14.68
3702 14.68
50341 62.71
14934 62.71
52780 35.0
152533 35.0
109105 9.19
109077 9.19
109152 17.43
109105 17.43
13837 21.0
1970 51.86
149210 20.0
2844 20.0
51701 20.0
111925 4.37
11716 4.37
103196 20.0
4194 20.0
11172 5.17
111177 5.17
121804 17.0
121811 17.0
130111 16.0
37678 23.0
152676 42.46
31553 42.46
127478 43.09
27481 43.09
111176 14.0
122739 46.76
122758 46.76
103922 7.75
3923 7.75
101012 64.57
100237 33.0
114555 32.48
132193 26.9
32195 26.9
29991 30.8
124825 56.0
107915 4.35
134191 42.8
124604 50.59
124603 50.59
32435 11.0
23579 40.13
123577 40.13
26131 42.76
101926 24.77
102318 24.77
107245 61.25
107405 37.16
102317 23.93
33632 12.0
133631 12.0
3845 35.14
3848 35.14
147756 29.18
31241 16.0
107639 16.0
107676 16.0
31330 36.95
32505 36.95
31328 14.57
52234 14.0
133963 55.52
103726 31.94
103731 31.94
391 65.3
100402 65.3
105394 34.57
105403 34.57
100018 24.29
148853 26.32
48848 26.32
53517 20.0
53193 20.0
39158 14.0
53729 14.0
10459 20.63
38029 21.0
34462 21.0
6822 18.0
106823 18.0
34585 55.91
12469 9.0
112361 9.0
27665 56.26
52512 17.88
152456 30.0
32019 30.0
27665 58.53
128816 51.79
128829 51.79
134355 19.78
34359 19.78
126464 43.0
51207 43.0
118827 21.58
18808 21.58
121073 27.21
20757 27.21
114896 18.0
114880 18.0
20748 21.65
20757 21.65
119165 25.44
119215 25.44
139865 42.09
139862 42.09
119377 23.06
152775 32.0
52918 20.27
53818 20.27
105698 30.0
126463 45.0
51208 45.0
49544 29.0
27567 29.0
105899 26.0
125639 33.0
126463 33.0
126022 16.44
125017 16.44
110902 11.31
110898 11.31
115792 24.0
150439 24.0
11469 10.0
115020 20.0
115761 20.0
151139 22.0
111549 13.28
111438 13.28
27077 17.67
129672 24.0
49353 24.0
104867 14.0
152214 20.12
101956 20.12
28593 69.99
104059 30.54
151640 30.54
33745 46.93
37349 22.0
24616 14.0
24615 14.0
34380 44.07
53882 44.07
49610 14.0
103496 14.0
2044 14.0
122786 22.98
114757 27.0
150534 27.0
131870 33.0
52758 18.0
52850 18.0
12448 46.38
112370 46.38
133862 56.64
133859 56.64
121408 9.0
125686 55.58
25149 55.58
33884 68.29
133883 68.78
33882 68.78
2575 17.98
51871 28.0
134443 67.16
33868 67.16
10032 39.71
12621 39.71
2177 18.3
128667 25.0
24596 56.07
124825 56.07
21113 25.54
48973 62.17
49020 15.0
118905 15.0
119110 11.0
49020 11.0
33172 38.43
149407 4.43
24060 13.98
18857 10.0
118859 10.0
33079 26.63
33001 26.63
3402 28.0
129474 40.31
129473 40.31
52059 32.18
104809 32.18
105197 38.17
104490 38.17
132043 29.17
30382 29.17
12775 17.0
13083 17.0
43620 34.0
129078 34.0
103964 20.0
102962 20.0
122580 25.98
127352 28.0
129672 28.0
33877 70.18
4907 64.13
105115 64.13
135436 38.0
136133 38.0
3139 18.14
150439 22.22
50419 22.22
131138 49.04
31137 49.04
47746 64.92
102673 36.57
2674 36.57
133866 68.15
33865 68.15
101299 18.49
151485 18.49
102962 17.0
111780 29.0
111478 29.0
7900 12.0
103986 61.85
15780 17.28
4424 21.0
104427 21.0
49453 21.0
26978 21.0
28240 11.0
33695 25.16
138832 29.0
138953 29.0
36195 21.15
132239 39.91
30018 39.91
48650 48.2
34013 44.6
40550 44.6
120724 12.32
120726 12.32
114623 21.0
118605 17.56
49023 17.56
125078 59.61
126172 59.61
123856 34.0
125926 34.0
122725 42.25
22623 42.25
125161 27.0
24981 27.0
127744 40.09
127743 40.09
122615 28.0
122901 28.0
122421 19.0
122418 19.0
53889 33.0
34423 34.86
134869 34.86
1 28.0
102403 28.0
52476 15.0
122180 33.18
125930 34.0
125932 34.0
139469 20.0
139092 17.82
100532 15.0
148487 33.04
150857 38.25
126380 38.25
51908 48.79
32898 16.62
31305 16.62
114149 27.0
150562 27.0
52835 4.25
31292 4.25
104427 35.85
4428 35.85
31260 47.32
114736 21.0
31311 39.37
152676 39.37
23425 12.0
114115 12.0
115299 23.07
115369 23.07
151485 31.69
51713 31.69
14102 23.59
14067 23.59
20998 9.01
121007 9.01
13738 20.0
24284 62.86
2748 35.18
5003 35.18
101957 28.06
101956 28.06
136440 60.35
36441 60.35
101956 18.22
152214 18.22
102317 32.0
102318 20.0
101926 20.0
30000 75.0
53039 34.0
129833 74.66
110030 10.0
32154 75.0
152873 75.0
130053 23.5
31955 23.5
113170 18.0
49013 18.0
104885 66.46
105060 66.46
151640 18.18
3304 18.18
18967 24.0
130789 18.0
106030 18.0
152265 18.0
127375 35.5
134367 22.0
139593 22.0
126031 21.0
105779 16.83
120840 18.14
120846 18.14
152438 28.0
53861 30.72
134355 30.72
127003 25.76
127868 37.0
128369 37.0
51178 34.72
25510 34.72
111516 33.66
122824 33.66
50173 35.32
150206 35.32
7186 13.2
24287 63.5
124286 63.5
105673 32.66
135632 60.08
34043 60.08
114152 25.0
114301 25.0
10574 14.0
121300 19.35
19762 19.35
133070 6.39
32138 6.39
33057 29.56
2575 6.0
102576 6.0
123082 23.73
34359 27.0
53679 27.0
49918 28.34
115970 28.34
23079 4.11
105903 4.11
119365 42.88
150103 31.0
106530 31.0
107171 23.08
150103 23.08
28613 30.79
148797 42.17
123217 38.91
28873 42.0
15749 24.0
115057 24.0
50888 9.0
128587 9.0
28743 24.3
129210 24.3
23919 24.06
49574 25.0
25574 33.41
52393 49.39
52399 49.39
131623 49.02
5038 30.3
138049 7.0
38048 8.0
114301 38.59
114148 38.59
106146 17.0
123261 17.0
50474 29.15
106140 23.0
135349 15.0
140487 15.0
37433 9.0
37275 9.0
2015 36.8
138050 9.04
42051 9.04
35350 12.71
136903 12.71
23915 29.72
127306 18.0
127305 18.0
129121 35.53
126886 35.53
37040 31.0
150234 24.5
108325 15.0
38842 29.0
135053 29.0
18857 19.0
120999 24.21
21015 24.21
107171 18.95
50173 18.95
150206 25.61
50210 25.61
102344 39.0
5073 39.0
32989 33.0
152456 33.0
152457 39.42
52458 39.42
49023 18.52
118605 18.52
126856 30.0
2014110 28.0
2014111 28.0
106907 20.54
105800 20.54
122788 19.0
50604 19.0
49982 22.86
124669 27.0
106878 30.48
106166 30.48
50051 27.28
53035 26.73
53538 26.73
38092 30.18
123982 17.16
123980 17.16
52744 36.35
130623 36.35
36470 24.0
134784 24.0
11525 6.19
2145 28.0
100291 28.0
127016 18.0
48784 34.78
101050 34.78
28076 33.56
9836 13.0
121672 35.0
121600 35.0
135237 16.0
14036 23.99
14040 23.99
26690 22.0
125561 22.0
150057 24.0
12464 17.55
33468 28.63
152533 44.74
52780 44.74
53738 35.0
34426 35.0
103993 22.22
124814 21.0
24813 21.0
152805 20.0
108353 11.0
108319 11.0
113719 19.0
13668 19.0
112480 13.0
14057 13.0
124618 26.0
24619 26.0
138850 34.07
131623 50.2
52393 50.2
51278 20.0
26205 20.0
153777 23.71
140724 27.87
53923 27.87
32796 9.68
127575 19.0
124869 20.6
148403 20.0
105816 20.0
149532 32.0
8442 12.38
109123 12.38
109168 12.14
109088 12.14
49574 37.46
50338 18.15
100051 12.0
114256 7.0
26372 19.0
115238 14.0
153777 18.86
149534 17.72
49552 17.72
32336 33.0
32337 33.0
26572 33.89
122234 16.93
122242 16.93
115852 12.22
107019 12.22
122286 28.34
121726 18.49
122017 18.49
47763 33.71
150215 33.71
122212 26.71
149489 38.0
128014 38.0
125982 55.0
25979 55.0
115419 32.66
106851 32.66
34676 18.0
135692 18.0
119325 7.54
119365 7.54
34568 44.0
39497 44.0
142017 27.53
42021 13.94
142017 13.94
37835 71.07
122533 16.0
123397 10.0
10436 10.0
110434 10.0
50080 22.0
150101 22.0
128634 56.92
127122 15.0
115601 7.4
122994 34.93
114946 34.93
110063 14.0
110057 14.0
22571 25.06
49754 31.69
107058 31.69
124043 52.93
24044 52.93
40432 28.66
33468 28.66
28758 27.0
149361 27.0
104648 26.0
153777 23.5
31767 47.67
131768 47.67
34085 37.39
134077 37.39
2631 47.69
103949 47.69
102712 29.3
51701 29.3
4415 23.0
121243 27.26
106378 16.29
150015 16.29
31389 32.0
29988 32.0
32394 8.0
32519 8.0
127199 41.7
147965 40.0
53696 16.0
34380 16.0
38393 32.65
134101 65.72
122180 17.0
122181 17.0
115885 24.0
123234 24.0
101214 14.0
103582 14.0
151173 35.57
124101 35.57
4395 66.64
32151 73.64
29994 73.64
120669 9.15
118689 24.11
118780 24.11
15301 31.37
51337 31.37
34385 24.0
153967 24.0
120678 16.87
50476 16.03
150472 16.03
132905 14.0
118595 10.0
118594 10.0
47950 59.75
35506 49.18
133070 32.0
130337 32.0
13975 14.93
14036 14.93
35515 31.06
36237 31.06
42081 12.51
33545 72.44
11906 7.21
39184 38.39
133462 38.39
113075 16.0
113096 16.0
132256 60.0
102832 14.0
101133 14.0
18232 12.0
118016 12.0
103990 25.0
119123 22.5
151911 19.0
148454 51.65
19289 17.0
102042 15.0
105578 15.0
15316 39.71
148372 45.5
128784 63.15
105514 44.2
51668 23.88
102832 23.88
100099 49.48
100099 43.54
110085 23.0
7962 37.7
7913 37.7
109260 49.6
111478 35.33
107266 52.38
148485 52.38
11750 17.42
10831 12.63
111485 12.63
109143 11.68
109115 11.68
119064 14.36
119062 14.36
11778 25.42
147744 21.63
31450 70.23
130530 9.59
30531 9.59
134331 29.39
32796 11.0
131455 68.96
129026 33.0
127431 33.0
125096 14.43
26003 14.43
123082 22.53
105944 22.53
127175 8.43
139862 34.15
139865 34.15
129717 27.0
129428 20.0
28240 20.0
1580 64.38
101014 64.38
30285 69.9
152775 30.64
40016 22.32
33371 22.32
25776 32.0
126582 28.0
122643 12.0
25873 28.82
125527 28.82
131458 68.91
31459 68.91
130197 37.13
32296 37.13
28049 26.0
35194 32.8
35193 32.8
50654 21.0
53155 20.13
53156 20.13
53244 28.88
35737 28.88
7909 43.67
47820 43.67
130110 36.0
130111 36.0
137501 51.82
34103 51.82
40393 32.0
22748 62.65
22752 62.65
50831 31.92
118396 18.66
118205 18.66
19762 21.0
121300 21.0
149407 16.0
53535 22.0
136739 22.0
15963 21.57
138755 45.59
33451 70.29
149667 37.8
122966 37.8
11724 8.06
11772 8.06
53391 23.0
107816 28.0
38880 31.0
39745 31.0
128338 17.0
104493 22.49
24595 47.92
26130 47.92
114312 17.0
123367 17.0
30701 41.0
30700 41.0
23601 53.66
125982 53.66
137666 32.86
37668 32.86
31821 44.57
22471 11.7
137188 45.12
140272 9.44
53868 31.16
140612 31.16
49552 32.4
149534 32.4
138172 19.0
137536 19.0
30272 48.08
100614 29.0
100767 29.0
103750 24.73
151749 24.73
152394 40.82
31797 40.82
28062 29.0
10347 15.19
10535 15.19
101247 14.0
103993 14.0
38245 25.0
138250 25.0
10955 10.0
10978 10.0
117877 19.04
117899 19.04
22503 23.0
135347 10.0
35348 10.0
23950 32.66
126488 32.66
130111 16.0
37342 33.59
137344 33.59
21170 27.73
120627 27.73
102832 24.0
51668 24.0
153115 28.0
131284 28.0
131286 27.0
48898 18.55
50170 18.55
102962 22.77
103964 22.77
30927 37.0
52576 37.0
32905 26.0
130115 26.0
33239 19.0
122259 18.42
122234 18.42
33414 22.99
139166 22.99
3849 28.14
125932 25.57
124930 25.57
103948 61.85
4102 61.85
35968 31.52
53124 31.52
32639 30.0
30591 41.68
130592 41.68
31902 49.0
52508 21.0
125956 19.0
31868 23.59
131870 23.59
153922 53.35
125620 38.73
51262 30.18
125614 30.18
52388 50.81
107785 14.0
107633 13.0
107632 13.0
114894 34.0
31241 25.0
130843 25.0
134784 21.71
36470 21.71
49664 48.8
115173 48.8
117778 21.0
52767 18.0
32843 18.0
123327 28.0
50250 28.0
102610 17.92
52271 17.92
122628 24.0
122624 24.0
129124 28.0
129123 28.0
50245 20.0
106760 20.0
107171 31.25
125963 6.22
125017 6.22
104934 8.0
26205 5.87
51278 5.87
135345 15.0
31891 20.0
31892 20.0
128587 12.0
50888 12.0
151038 20.0
148853 11.0
106479 30.58
106806 30.58
103993 16.93
101247 16.93
39586 23.0
138644 23.0
22154 16.0
122101 16.0
150206 33.13
50173 33.13
153659 36.72
39062 36.72
152409 57.0
50108 14.0
105897 14.0
139509 41.0
26165 41.0
125693 41.0
35759 31.51
135757 31.51
40531 41.88
53404 41.88
3039 16.0
40847 29.0
53733 29.0
32019 43.35
124710 55.81
101824 30.93
51882 30.93
128062 19.0
121403 23.0
21407 23.0
150131 14.0
126832 22.0
129088 22.0
136739 15.52
53535 15.52
121408 17.0
140443 15.0
119499 14.0
119745 14.0
125201 26.6
124846 26.6
22781 20.0
130708 20.0
130712 20.0
122648 18.45
122643 18.45
149287 22.0
4194 21.0
124846 33.57
125201 33.57
129765 40.36
29768 40.36
33468 35.24
133471 35.24
49090 15.0
107433 15.0
122553 25.86
122580 25.86
114726 30.85
123342 30.85
25025 22.0
108325 8.0
114844 36.8
123203 36.8
118242 10.0
117993 10.0
33703 20.0
125734 22.79
125034 22.79
120546 30.41
118635 30.41
18015 12.0
112900 12.0
114148 39.72
114301 39.72
100789 36.0
126876 37.41
150071 18.24
106530 18.24
49828 24.79
15963 24.79
35300 46.51
134122 46.51
138088 33.16
138087 33.16
129892 33.06
127431 33.06
140652 16.0
36470 16.0
117899 16.0
117877 16.0
30578 38.39
130577 38.39
150521 13.0
28496 29.0
50414 15.0
105848 15.0
114442 25.0
50414 25.0
50250 26.0
123327 26.0
106760 23.0
50245 23.0
103174 16.11
100958 18.0
51729 18.0
51255 24.0
110063 18.37
110064 18.37
22924 18.97
110404 18.97
51190 36.0
104354 16.0
5071 16.0
4988 16.0
4216 19.0
34454 65.26
133889 65.26
53126 59.43
136270 59.43
28381 35.1
24301 61.16
49610 17.0
149609 17.0
52670 38.57
131670 24.0
26130 41.36
134442 65.32
118205 13.28
118396 13.28
52736 31.0
34162 26.0
135150 26.0
149739 15.54
102181 14.0
101954 14.0
130098 30.0
52670 30.0
4842 60.01
37429 16.0
105333 45.0
100820 45.0
53818 34.83
153817 34.83
139032 23.85
52964 24.0
34454 53.26
115621 23.4
150179 23.4
40564 26.0
40569 26.0
119148 7.0
20284 7.0
110328 13.0
10313 13.0
138993 25.0
53719 25.0
11444 10.03
110556 12.0
112872 12.0
34300 36.0
139392 36.0
39033 43.66
35015 43.66
53767 43.58
33386 43.58
153840 36.0
53924 36.0
153702 27.0
134320 26.1
4418 31.52
31382 12.0
114765 7.0
114683 7.0
128369 39.0
54273 39.0
149627 23.0
127868 23.0
10454 14.0
110449 14.0
50419 16.32
150439 16.32
122537 27.0
122524 27.0
122538 40.0
122537 40.0
122541 29.0
52404 40.0
53679 31.78
34359 31.78
34584 18.24
34038 18.24
132378 38.12
32382 38.12
6323 30.0
111162 7.49
10853 8.0
110895 8.0
104524 24.0
126042 15.37
124999 15.37
137369 45.96
37370 45.96
13751 16.86
113810 16.86
24354 24.0
37083 17.37
37081 17.37
27880 18.88
129073 18.88
107433 15.0
151900 40.25
105330 40.25
36149 27.1
133564 32.73
123367 35.94
114312 35.94
12629 15.0
12398 15.0
101066 19.0
103677 19.0
36149 20.0
36396 20.0
48398 36.81
48400 36.81
114719 28.94
120036 28.94
50548 27.59
50535 27.59
133376 36.52
33379 36.52
132460 21.0
130058 21.0
30526 11.0
111205 14.0
11204 14.0
33382 51.05
53767 51.05
33379 43.07
33380 43.07
30922 33.72
130165 33.72
36016 42.89
24289 62.72
114667 16.81
127030 8.0
128166 8.0
117857 22.0
127355 16.0
30906 31.0
47755 21.0
104835 63.24
103518 34.02
22279 25.56
122284 25.56
11781 39.49
11779 39.49
110992 22.0
53959 27.67
136315 27.67
4375 57.14
104376 57.14
4378 60.1
4737 60.1
104379 60.02
4399 60.02
4398 69.18
138050 7.3
52388 51.77
52388 47.61
52388 49.07
117792 17.55
117778 17.55
129976 14.0
31708 14.0
35827 50.13
35826 50.13
124594 48.01
123924 48.01
119126 20.9
118996 20.9
35133 32.16
52890 32.16
140753 24.0
39023 24.0
48371 43.14
1835 43.14
111560 11.33
10911 11.33
103518 33.35
111177 14.75
11172 14.75
119123 8.69
119117 8.69
33356 57.82
133357 57.82
134620 62.84
36437 62.84
12143 10.0
5095 14.0
104730 14.0
113699 9.0
126488 46.39
125078 46.39
101785 8.0
104809 39.93
4686 39.93
104462 19.0
52059 19.0
135246 64.33
397 40.0
391 40.0
51653 32.52
121810 18.0
122017 18.0
52752 38.96
103369 40.37
2019 40.37
104917 33.0
132142 24.0
33515 71.36
18297 20.59
118358 20.59
51879 44.37
51802 30.52
66 30.52
3385 41.35
102039 41.35
100370 11.0
3384 34.92
3385 34.92
130058 10.0
131024 8.0
115844 20.7
130074 19.0
109967 18.01
9947 18.01
152676 34.96
31311 34.96
150853 21.0
107743 17.0
107743 14.16
109206 14.16
31292 31.01
52835 31.01
48453 50.6
100370 42.88
10853 36.48
111693 36.48
148996 30.45
111498 30.45
33386 24.0
53767 24.0
25550 31.99
26572 31.99
40147 20.73
140150 20.73
4971 18.0
101468 21.52
51430 21.52
5121 34.45
101468 34.45
31161 11.0
33292 11.0
107634 14.0
107585 14.0
125773 33.0
126031 29.0
26166 62.15
26175 62.15
118965 17.0
118991 17.0
3017011 32.0
3017010 32.0
33979 21.18
138944 21.18
122664 6.34
22508 18.0
122627 18.0
132273 39.31
114839 24.7
14548 24.7
11886 9.0
31967 15.0
131206 15.0
100780 57.66
3354 57.66
1715 35.0
114302 19.11
150553 19.11
27867 21.0
150863 27.75
50768 27.75
104809 27.0
52059 27.0
24505 27.97
124262 27.97
33343 15.0
104492 36.46
5095 36.46
103424 26.0
35781 13.0
151279 26.0
388 54.41
113075 16.36
102147 37.9
5513 37.9
5240 12.0
130637 45.92
130640 45.92
124307 36.0
125457 36.0
126148 64.0
25673 64.0
122286 12.65
52737 39.63
122242 13.6
122234 13.6
11554 42.75
11530 42.75
115124 20.0
7243 20.0
126921 72.69
149574 32.0
28743 38.29
36097 49.02
115284 41.0
115168 41.0
22291 23.28
35371 41.94
25063 12.0
101899 59.06
53818 6.28
52918 6.28
40012 22.0
35411 22.0
105897 18.35
50108 18.35
151313 41.31
124043 41.31
26631 21.0
134527 51.33
134526 51.33
36044 18.15
136045 18.15
103679 19.0
100231 19.0
137369 49.0
118180 25.98
118368 25.98
19470 32.03
19455 32.03
7786 18.28
107869 10.96
105672 13.81
105673 13.81
103550 20.77
28626 65.02
127828 65.02
20361 23.7
31832 21.0
28779 65.89
103628 11.42
100035 11.42
4102 58.98
104042 58.98
127776 38.0
34115 20.0
36909 20.0
134678 32.49
133719 17.37
48529 40.98
15204 40.98
4090 59.26
3968 59.26
122816 25.94
122793 25.94
149844 42.65
123076 42.65
51692 14.95
100532 14.95
115907 39.75
106544 39.75
23425 30.0
50170 30.0
122966 37.0
149667 37.0
115324 22.94
122994 22.94
7377 62.84
129210 25.0
28743 25.0
4566 9.06
106806 32.48
106479 32.48
150446 23.63
104530 34.43
4529 34.43
50572 23.0
114148 23.0
51924 41.35
126966 12.0
52737 44.36
28743 21.0
149574 21.0
149574 29.0
51058 23.0
124760 23.0
53256 15.0
124045 55.0
130111 20.0
52840 20.0
104065 23.0
100958 23.0
126044 66.5
26046 66.5
37678 21.0
140169 21.0
126031 38.0
151261 38.0
15780 19.39
24537 21.0
150938 21.0
125561 21.0
24537 21.0
124763 39.0
50852 39.0
147765 7.0
2452 14.31
3554 14.31
112438 4.15
112135 4.15
114896 27.07
114886 27.07
51287 34.0
151311 34.0
14548 10.0
123374 14.0
150559 28.0
114623 28.0
26278 33.39
107911 48.92
26061 28.59
25851 28.59
123982 19.04
126270 19.04
123555 21.0
125793 21.0
150460 39.95
114266 39.95
106143 31.0
123261 31.0
106154 7.0
106146 7.0
150103 20.31
107171 20.31
5150 7.0
13626 14.0
113681 14.0
128494 23.0
37360 43.74
53039 43.74
51737 32.0
51374 32.0
152676 47.1
52375 27.0
4298 27.0
51661 32.0
102579 32.0
102344 35.0
150863 29.86
133637 24.0
23608 16.0
149456 57.36
26997 57.36
120036 16.98
122213 23.0
149204 23.0
149210 25.0
100483 32.72
100486 32.72
133013 34.13
51737 28.0
101432 28.0
106763 32.0
105791 32.0
108092 13.0
9183 13.0
108070 19.0
3424 9.09
100446 66.0
444 66.0
107602 21.14
107705 21.14
121184 20.0
121246 20.0
105804 29.84
106643 29.84
37081 31.97
37083 31.97
137245 48.37
131623 50.85
151380 20.15
104204 20.15
105900 19.0
150196 19.0
150196 22.89
150198 22.89
33190 23.21
27016 24.0
112758 15.0
103581 26.82
103582 26.82
28479 20.0
36844 31.69
34868 31.69
134855 33.0
24158 9.0
1355 17.0
101197 17.0
150490 18.89
114283 18.89
2844 32.18
102712 32.18
125166 31.64
150521 20.0
50523 20.0
118013 13.0
18232 13.0
33071 9.57
133070 9.57
110585 11.0
110611 11.0
129785 29.0
22927 11.0
110615 11.0
110997 11.0
110996 11.0
29942 58.45
110561 14.0
53679 28.2
53743 28.2
51362 18.0
50438 23.0
14518 24.0
50767 25.08
106308 28.0
114450 28.0
120600 27.79
30815 20.0
100618 8.78
151370 8.78
114450 28.0
114442 28.0
114577 25.0
114581 25.0
35839 28.13
53095 28.13
105208 15.71
52358 15.71
30572 45.38
51086 39.88
24372 39.88
10954 5.0
11566 16.7
134355 32.0
53861 32.0
18471 14.0
48405 59.62
36185 28.88
51882 35.07
151786 35.07
50170 27.09
23425 27.09
27118 35.0
139332 12.55
39331 12.55
53738 27.0
129948 53.44
35695 12.77
135403 12.77
106421 29.0
49647 29.0
48931 13.21
111469 13.21
35695 19.54
104047 41.49
150539 30.0
150542 30.0
27113 27.0
49563 27.0
127122 41.53
11772 7.0
40578 13.06
7927 65.27
107969 65.27
106670 14.0
106073 14.0
114414 26.39
114274 26.39
14274 21.97
112716 14.0
112651 14.0
22318 24.47
122316 24.47
114309 37.36
114152 37.36
10058 5.62
52151 8.22
9836 12.0
125849 44.72
134767 51.92
100385 23.0
409 23.0
133294 8.0
149574 11.75
28743 11.75
30149 14.0
31120 14.0
126876 38.49
49370 38.49
25973 17.08
125784 17.08
23581 23.0
125595 23.0
148458 9.0
11586 20.15
118357 20.54
113143 20.54
152775 36.0
130239 36.0
153864 20.0
150553 14.0
101954 20.0
102181 20.0
118661 14.0
18696 14.0
105465 37.0
25849 38.85
136849 27.92
53193 14.58
53247 14.58
53247 24.65
136065 24.65
35228 27.25
52933 27.25
148883 63.64
129854 63.64
50527 26.0
114613 26.0
122627 24.0
122628 24.0
150101 24.0
149483 37.84
127711 37.84
104934 10.0
104570 19.02
4566 19.02
101957 17.35
101946 17.35
50338 22.0
39193 9.64
37554 21.0
42008 21.0
126335 18.0
126648 18.0
48850 36.0
36150 19.0
138454 11.0
42008 24.0
39684 39.56
104616 13.0
5052 13.0
48514 62.77
104054 30.0
103286 30.0
138957 23.0
148522 74.44
148520 74.44
115036 68.03
148508 68.03
127212 24.0
127207 24.0
109152 4.39
109151 4.39
133611 49.62
42002 49.62
33623 43.69
14645 20.66
147766 20.66
30000 72.19
130347 72.19
120796 18.0
121118 18.0
21113 23.0
121118 15.43
21801 15.43
136782 26.21
36783 26.21
37624 28.0
133784 30.31
33783 30.31
133898 65.78
33899 65.78
39100 30.0
139101 30.0
130335 39.0
32562 39.0
121765 23.38
121804 23.38
36161 53.71
52794 12.0
112370 35.27
123748 42.96
150671 42.96
107734 16.0
107705 16.0
107602 13.0
22970 30.87
6771 30.87
134517 6.03
36562 6.03
50830 38.13
136028 40.46
36029 40.46
123397 12.0
132069 22.67
115469 29.0
50080 29.0
107058 39.86
49754 39.86
114787 24.0
150071 24.0
136278 62.98
34638 62.98
4460 26.0
100767 19.0
100614 19.0
52576 23.13
107198 29.88
23317 29.88
24154 27.03
136517 29.0
34060 52.0
53534 21.0
35085 21.0
138172 10.0
110772 10.0
111333 10.0
135485 34.41
34699 34.41
111469 17.57
110898 11.0
110902 11.0
114196 21.0
114346 21.0
122403 28.95
139166 25.0
23436 27.44
14932 27.44
32905 24.0
3394 30.81
14548 12.0
114839 12.0
153922 49.68
52841 24.0
126881 15.0
21170 13.34
120621 13.34
153777 2.84
133458 37.0
134077 37.0
33397 26.0
33395 26.0
123125 23.59
106587 23.59
127006 19.0
27007 19.0
27559 22.0
126177 61.15
26166 61.15
52778 20.0
130249 20.0
25673 64.73
126199 64.73
140331 31.0
30880 31.0
104530 27.39
51867 27.39
100981 15.0
101310 15.0
140272 13.0
136199 13.0
53274 18.0
117778 20.0
119212 20.0
26809 57.69
5252 63.25
104397 63.25
148497 27.0
152873 75.0
30000 75.0
100048 19.0
132439 35.0
128763 56.86
26809 56.86
30995 70.86
30994 70.86
32138 49.06
51729 18.0
126866 75.0
129833 75.0
13975 5.84
100820 43.99
105333 43.99
105883 38.58
106602 38.58
148378 55.89
148375 55.89
28618 62.99
48828 62.99
2834 20.0
5383 7.0
50263 69.61
102773 27.0
5505 25.39
105376 25.39
151303 28.0
147766 62.07
148532 62.07
37350 45.27
37349 45.27
147809 20.0
122793 32.86
152753 17.0
152517 17.0
22550 37.93
122554 23.51
122537 23.51
122537 32.66
122538 32.66
103676 15.0
152432 48.11
130664 48.11
103335 14.39
36423 20.0
35660 20.0
31285 20.0
51982 33.69
102097 33.69
47795 47.44
105383 35.93
151826 35.93
100886 28.33
909 28.33
108023 8.0
108064 15.0
52670 28.0
130098 28.0
114790 24.0
388 56.12
100780 56.12
53700 34.0
34359 34.0
36786 32.4
22339 32.43
11537 37.85
11542 37.85
22747 50.46
22751 50.46
20998 9.01
121007 9.01
10535 13.36
105383 34.43
151968 3.94
34086 68.48
134087 68.48
21050 36.44
21053 36.44
10886 16.0
10894 16.0
111177 6.43
10911 6.43
130678 38.56
130827 38.56
5875 25.26
111703 9.22
110895 9.22
6107 15.17
115419 15.17
135637 13.0
137367 43.92
140443 22.0
658 33.73
52933 28.0
35228 28.0
128062 19.0
129088 15.0
126832 15.0
149534 15.0
126731 15.0
107898 25.0
107920 25.0
103725 14.0
567 14.0
27002 41.74
127003 41.74
122531 17.0
14214 18.26
121687 18.26
105905 27.12
149844 27.12
122529 28.06
51356 11.0
123640 11.0
118994 11.0
118965 11.0
35631 57.34
133992 57.34
135632 58.74
36521 56.32
134803 56.32
34094 69.08
36960 69.19
103196 18.0
104184 11.0
4152 11.0
34462 27.1
37291 27.1
124219 37.0
123620 37.0
106610 33.0
51872 26.01
51300 16.05
120956 12.26
137252 50.23
37668 47.76
37672 47.76
151754 30.0
51763 30.0
114320 19.0
114159 19.0
150460 14.0
31981 28.0
130150 28.0
107054 11.0
123339 11.0
149239 18.0
121610 18.0
51919 26.13
36396 19.0
36149 19.0
51919 34.11
115299 18.05
115758 18.05
33563 71.9
135829 71.9
149545 32.0
105996 25.87
106383 25.87
7360 19.0
107339 19.0
31354 26.0
130875 26.0
101785 27.0
103586 27.0
36646 39.0
137713 39.0
150356 33.73
150375 33.73
153426 38.0
51750 33.0
129073 17.0
27880 17.0
103708 28.1
4987 41.0
131383 22.46
106383 23.96
105996 23.96
25081 66.94
150969 32.0
114613 33.93
50527 33.93
100745 39.16
100820 43.99
105333 43.99
2043 19.19
137811 71.99
123278 16.05
139117 47.0
123856 22.0
51275 22.0
123555 26.81
23554 26.81
124816 16.68
137759 44.0
126640 54.58
29839 42.0
149361 35.0
28758 35.0
128312 23.0
109151 12.32
109152 12.32
105159 29.0
104026 29.0
1059 24.0
128745 31.0
149627 31.0
22752 63.95
133698 16.45
11691 18.0
110902 11.31
110898 11.31
4647 26.13
106134 26.13
119132 23.99
18808 23.99
117887 15.0
119390 24.0
123056 32.0
105791 32.0
101899 58.64
34765 28.0
53416 28.0
53725 47.0
53625 47.0
29049 14.0
128217 22.0
126730 22.0
105574 36.0
151900 36.0
21071 36.49
124818 14.0
118224 13.0
118230 13.0
19049 20.0
119062 20.0
11691 10.09
107970 63.5
107968 63.5
120107 21.93
119942 21.93
39900 29.0
53754 29.0
119745 11.0
119499 11.0
153789 21.0
53919 21.0
153961 34.12
49315 64.87
29843 64.87
27339 20.0
50034 28.31
7400 28.86
122248 29.85
107587 12.0
118358 20.0
118336 20.0
50943 2.09
6762 19.0
48978 60.82
48979 60.82
130899 44.8
51040 15.34
126285 15.34
37759 26.0
35411 16.0
52861 17.72
32556 17.72
32557 38.09
52861 38.09
124358 38.86
100086 18.0
51362 18.0
5381 13.0
52331 18.0
153922 49.88
53126 55.45
36736 55.45
129339 19.0
126740 24.0
129488 24.0
53725 38.0
33695 38.0
108070 19.57
108073 19.57
3588 33.83
149769 37.1
115180 37.1
113097 19.0
113082 19.0
519 16.0
103939 31.0
54277 31.0
112480 14.0
111869 14.0
1745 24.0
151761 21.0
102728 21.0
139593 23.0
134367 23.0
5535 58.18
773 58.18
33507 38.15
36736 59.7
53126 59.7
121073 30.31
106134 24.0
4647 24.0
131591 37.25
139469 37.0
48468 58.33
7250 58.33
4015 26.01
104100 26.01
3829 36.08
35014 26.86
53694 26.86
34000 41.46
101876 52.83
103731 38.0
103726 38.0
153777 20.0
3095 3.9
103518 3.9
51956 43.12
4849 43.12
24285 64.86
114880 13.0
114896 13.0
2043 16.18
121011 27.77
120999 27.77
105299 8.0
103478 8.0
134455 58.11
33948 58.11
4194 8.0
103196 8.0
102883 50.91
102884 50.91
129291 24.0
106643 14.0
105804 14.0
105153 16.89
49366 35.0
123014 38.07
105981 38.07
105791 31.0
106763 31.0
39118 65.0
126649 41.47
26151 41.47
105816 31.44
148403 31.44
10091 9.0
9135 36.47
52803 11.0
111438 56.14
11500 52.62
53680 43.0
53668 43.0
101014 65.26
101012 65.26
147804 7.0
34340 24.53
39467 24.53
134339 21.69
139593 21.69
34377 26.0
53868 26.0
107970 62.18
120351 25.48
117838 16.32
117857 16.32
50572 30.26
50580 30.26
113160 13.0
113221 13.0
111556 18.81
111507 18.81
110558 20.89
111556 20.89
13222 18.18
112798 18.18
129373 66.46
29841 66.46
51300 15.02
124858 15.02
135485 46.0
52022 34.0
34276 47.46
136221 47.46
36214 36.13
40343 36.13
136216 46.2
50599 22.0
50603 22.0
130785 3.31
152422 11.0
50603 21.0
150598 21.0
32505 2.0
31330 2.0
31330 27.0
128644 51.45
26089 51.45
118204 16.0
118205 16.0
32058 44.86
31241 28.0
34518 19.29
33399 19.29
47740 19.22
107819 16.72
107967 16.72
19320 24.21
119529 16.0
119538 16.0
27198 52.22
146615 52.22
121826 27.0
122001 27.0
21973 22.72
121826 22.72
111738 18.0
110595 18.0
130346 71.52
4788 63.1
100044 53.18
39567 14.0
53887 14.0
33695 28.74
21548 17.0
121478 17.0
120825 24.0
120807 24.0
128109 26.0
42021 14.0
5019 32.95
5292 32.95
114015 16.0
100790 40.38
101691 40.38
148392 64.15
148390 64.15
24507 32.0
142095 15.74
125960 15.74
103051 16.0
126174 60.8
31591 44.07
131582 44.07
33239 15.44
31638 15.44
30878 19.0
130875 19.0
27383 68.86
127384 68.86
112109 17.0
12541 17.0
124714 59.18
24713 59.18
109123 19.0
109168 19.0
53818 6.28
52918 6.28
26151 30.0
49642 23.0
49640 23.0
126114 55.75
126176 60.29
126174 60.29
112523 6.0
112522 6.0
18284 57.17
18381 57.17
33928 41.51
33745 41.51
33379 41.73
153689 41.73
105783 26.47
106681 26.47
153792 41.2
35082 43.43
134192 43.43
115761 26.87
115020 26.87
124668 19.0
125017 17.0
126022 17.0
100790 35.0
27836 66.26
127846 66.26
153967 20.0
153969 20.0
35772 13.0
37212 33.67
110932 11.05
110931 11.05
35411 49.37
33524 49.37
113738 12.0
113681 12.0
113853 12.0
113738 12.0
106154 12.0
36357 64.09
36359 64.09
114179 39.15
14321 39.15
25824 12.0
125247 12.0
130988 40.18
131768 40.18
151261 26.0
151234 20.0
5240 24.68
5279 24.68
133966 48.93
49424 12.86
150101 26.0
50080 26.0
101932 38.63
151831 38.63
23216 39.93
23220 39.93
138571 26.93
32435 18.37
130115 18.37
126908 17.0
126901 17.0
21088 11.0
115814 29.15
110499 14.0
110494 14.0
10316 12.0
150459 18.0
150472 18.0
50476 18.0
114283 18.0
107960 29.72
150598 20.0
50603 20.0
50603 34.21
50599 34.21
151303 33.0
151284 33.0
106610 43.04
48370 43.04
53093 29.0
135440 29.0
134614 73.26
103483 44.39
105199 44.39
125281 37.0
125282 37.0
14067 34.49
112624 34.49
148485 53.19
148454 53.19
101929 43.86
101932 43.86
100532 16.0
51692 16.0
114641 26.97
132239 33.17
138439 27.0
53216 27.0
122291 23.26
6640 20.49
123082 20.49
151023 21.0
26631 21.0
53156 11.54
53155 11.54
48978 61.21
14102 21.78
24932 28.0
125930 28.0
24932 28.0
125930 28.0
152115 46.2
51974 46.2
34501 18.0
153894 18.0
38898 19.0
40445 19.0
11561 16.96
111761 16.96
103628 22.62
101214 22.62
122242 19.0
22334 19.0
10954 5.0
122108 12.0
53095 18.54
35839 18.54
14628 27.0
151467 27.0
151022 31.0
50604 21.47
122788 21.47
51467 22.0
50489 15.0
140150 13.0
40147 13.0
152893 27.78
27356 44.0
129265 44.0
36743 30.0
37342 10.0
129995 42.26
125784 17.0
25973 17.0
118579 10.77
38619 16.69
38842 16.69
111818 15.35
113906 15.35
139509 41.0
53909 41.0
12625 56.37
114103 56.37
4253 17.0
128363 14.0
127849 14.0
29992 28.91
123338 25.32
107293 25.32
102891 31.96
104383 31.96
25447 37.85
126335 37.85
133910 66.12
18645 32.17
35314 39.59
123732 33.0
24989 33.0
140612 34.0
53868 34.0
53889 33.0
134869 29.0
34423 29.0
104774 9.51
124930 16.0
125932 16.0
125932 33.0
125930 33.0
125926 38.0
123856 38.0
5052 31.25
136289 13.0
151022 22.0
130278 34.42
130277 34.42
24422 23.0
125017 23.0
50911 34.0
51054 34.0
151311 30.0
150971 30.0
125843 33.93
125844 33.93
138809 32.0
26631 24.3
151023 24.3
150974 19.29
110557 20.0
111529 20.0
4588 12.0
37342 36.44
133888 67.45
133887 67.45
24154 27.0
125963 25.75
110085 66.42
23163 17.19
129948 52.6
129949 52.6
29895 51.03
128494 51.03
128494 63.76
36846 41.0
33209 24.0
31430 24.0
49326 36.0
49536 36.0
31430 16.0
131405 16.0
49476 10.38
128587 10.38
52702 20.02
152630 40.73
152631 40.73
119154 14.75
119155 14.75
2474 15.38
3724 15.38
119625 23.48
119621 23.48
119621 22.35
118181 22.35
123374 13.0
28750 42.0
128749 42.0
151594 37.0
151396 37.0
118127 15.0
3554 9.47
129430 40.0
129428 40.0
149582 32.0
129432 32.0
53868 26.0
34377 26.0
39467 24.0
34340 24.0
139593 24.0
134339 24.0
100237 37.0
104204 22.11
151380 22.11
114987 24.98
50608 27.86
50599 27.86
53668 42.0
53680 42.0
22848 4.0
113700 4.0
136270 28.0
37872 28.0
126855 28.0
126856 28.0
125343 13.0
50943 13.0
133294 24.0
139166 10.0
35032 33.0
35626 33.0
129430 5.43
129432 5.43
115684 36.57
28240 23.63
129428 23.63
14553 21.0
123732 30.0
39193 20.55
39192 20.55
33580 38.17
20558 21.47
126335 33.18
25447 33.18
19925 28.0
19888 28.0
122627 17.0
22508 17.0
7595 31.61
7794 31.61
32296 40.0
130197 40.0
42051 8.16
138050 8.16
31915 33.33
130875 33.33
10535 12.2
10347 12.2
38468 20.0
26142 50.15
26142 48.15
103294 31.3
104059 31.3
103299 36.26
103300 36.26
130635 52.9
102719 18.0
3930 18.0
137472 44.86
136757 44.86
136766 25.55
137472 25.55
14214 21.0
114215 21.0
11863 9.0
31340 15.0
147805 15.0
29988 25.0
31389 25.0
32381 38.86
32382 38.86
120834 17.13
100926 13.0
101547 13.0
14095 16.0
32019 27.0
152456 27.0
110902 11.31
110898 11.31
149235 19.0
52511 15.0
120725 16.0
136782 26.57
2566 33.0
3588 33.0
50263 69.61
123397 16.5
1052 10.0
148508 64.54
48514 64.54
38048 11.0
53768 47.5
31386 10.0
32379 10.0
124818 41.34
139166 25.0
33414 25.0
7749 18.0
51190 35.0
31942 28.0
123990 51.0
112522 35.28
112165 35.28
34580 40.0
24288 59.79
130640 41.35
130637 41.35
106875 28.0
123289 28.0
100046 40.04
152183 40.04
14943 43.94
111132 13.51
111469 13.51
105211 37.32
101800 16.0
102409 16.0
4794 69.02
4801 69.02
127268 39.0
128968 39.0
24826 22.0
52794 22.0
32011 23.0
32012 23.0
152456 25.56
32019 25.56
25945 68.35
30315 19.53
31600 19.53
48793 12.0
52809 12.0
32284 14.81
31844 14.81
135347 10.0
35348 10.0
128311 7.91
20431 8.0
20435 8.0
128494 65.97
127661 65.97
22339 32.43
128312 8.0
128597 35.33
122575 11.0
151911 25.44
152549 46.51
52693 46.51
52748 42.91
152549 42.91
40292 30.0
137624 30.0
110556 9.0
36879 25.07
52994 25.07
117857 18.72
117838 18.72
125946 57.86
109258 30.0
9163 30.0
14057 13.68
112480 13.68
23317 34.7
107198 34.7
47820 21.57
106587 27.24
123125 27.24
105856 31.43
50603 27.0
114995 27.0
125643 16.0
4253 29.15
102610 25.0
100647 25.0
127207 28.0
127212 28.0
128865 21.0
127421 21.0
142015 8.0
131006 10.0
130899 10.0
153894 23.0
34501 23.0
105905 10.0
115339 10.0
133906 65.79
33798 65.92
133904 65.92
33909 64.79
133910 64.79
114614 15.0
21225 27.21
119461 27.21
110997 14.0
110615 14.0
117857 16.53
110611 14.0
33949 53.72
106525 66.0
34190 42.73
49483 22.0
21095 10.0
120729 10.0
27118 21.0
49563 21.0
150534 31.53
123374 12.0
123364 19.96
114371 18.65
4840 57.99
140443 43.93
40441 43.93
121687 26.52
14214 26.52
111469 10.86
48931 10.86
32179 53.07
32180 53.07
114623 33.86
150559 33.86
104147 68.15
148543 68.15
132787 53.93
35394 35.26
36106 35.26
129892 24.0
129886 24.0
114995 28.87
17792 25.99
150485 20.49
118427 26.75
118481 26.75
20398 17.95
20361 17.95
119665 13.0
19650 13.0
103915 44.88
102229 29.0
5525 29.0
135246 64.92
135245 64.92
124779 20.0
124780 20.0
135247 68.42
33584 67.92
133585 67.92
34044 59.21
134101 59.21
34044 67.83
105153 36.0
33741 45.52
37433 16.0
33297 33.0
35354 24.0
35076 8.0
140807 8.0
124489 52.41
24488 52.41
26110 45.26
124489 45.26
377 68.14
100390 68.14
178 63.0
100185 63.0
119806 13.0
19891 13.0
130843 27.0
130842 27.0
104065 8.0
100971 8.0
1579 64.21
1580 64.21
50852 37.0
124763 37.0
49982 22.0
28619 61.18
27836 61.18
127384 65.22
27839 65.22
153922 45.31
132815 43.86
130815 56.96
132689 56.96
50943 38.0
103880 57.75
4959 60.0
104963 60.0
105159 29.0
104958 45.25
2019 39.87
101832 39.87
115180 42.78
149769 42.78
137369 48.02
5899 24.78
40786 15.27
135072 15.27
132188 55.47
30282 44.24
31099 44.24
52860 29.83
133064 29.83
102178 39.14
104421 39.14
32450 30.0
132456 30.0
121811 15.0
121804 15.0
125209 31.43
31085 43.66
131088 43.66
126582 27.0
125773 27.0
125773 24.0
125777 24.0
126596 24.13
125781 24.13
52774 28.0
152775 28.0
23722 32.0
30149 14.0
31120 14.0
122001 23.38
121826 23.38
34094 71.66
32754 19.0
52788 19.0
25518 25.73
51274 41.17
13050 15.0
113111 15.0
104082 33.0
103886 33.0
24619 12.82
110486 15.0
110395 15.0
4428 34.46
104427 34.46
110108 13.0
123555 11.0
23554 11.0
32864 30.55
130066 30.55
102832 13.0
138580 63.46
34815 63.46
18355 50.52
101785 12.0
124710 56.1
3885 56.42
130338 42.09
32138 42.09
120726 17.0
120729 17.0
30685 32.52
30400 32.52
104802 41.59
102235 41.59
27833 66.96
2575 25.0
102576 25.0
32905 8.3
30400 8.3
111701 11.0
10955 11.0
10313 10.0
110328 10.0
31902 49.0
105044 36.45
105042 36.45
1831 27.51
130111 32.0
130110 32.0
33899 65.98
30149 26.2
52850 41.8
33338 41.8
131979 15.0
28830 32.18
33057 28.56
114945 24.06
114946 24.06
52871 23.0
152515 27.0
32197 15.0
132815 41.85
4394 64.31
4395 64.31
121824 21.97
110387 21.0
110385 21.0
38842 15.54
136653 24.0
140171 24.0
33695 39.0
53725 39.0
129736 22.0
129737 22.0
126270 20.52
123982 20.52
125793 28.12
123555 28.12
151311 28.0
51287 28.0
11172 16.11
111162 16.11
111170 16.52
111169 16.52
15899 49.74
48381 49.74
101133 13.0
102832 13.0
112165 17.14
112522 17.14
36604 9.71
34049 9.71
105791 29.0
123056 29.0
151786 23.0
124438 22.0
123612 22.0
15162 16.33
23435 19.78
35977 36.01
119365 21.35
380 58.08
403 58.08
32756 39.63
132168 39.63
11159 15.65
153659 41.95
39290 41.95
11716 23.41
111170 23.41
125165 10.0
119062 21.89
19049 21.89
32195 34.24
52825 8.0
131024 8.0
26697 11.0
125760 24.78
124545 24.78
136261 66.77
134161 66.77
31305 43.79
113658 20.64
113837 11.0
23726 29.0
106563 15.0
32588 11.9
32587 11.9
3724 13.89
102480 13.89
7476 14.47
107514 14.47
133514 35.13
133564 35.13
125729 36.72
26697 25.0
151749 34.0
103750 34.0
5034 27.63
52331 10.53
118205 21.0
118204 21.0
103976 16.0
4280 43.84
105043 43.84
103196 28.0
104184 28.0
48391 66.24
48393 66.24
133564 36.38
34059 36.38
25052 31.61
120846 15.43
120840 15.43
25609 15.36
50658 15.36
123833 43.72
142273 43.72
123620 48.0
12541 14.0
112109 14.0
105596 17.0
104461 11.0
104462 16.0
104461 16.0
105265 53.17
4380 53.17
105829 33.75
106000 33.75
105465 37.0
100446 37.0
123364 19.23
114371 19.23
130664 42.72
152432 42.72
105809 30.64
115372 27.95
105827 27.95
26624 34.0
130283 33.81
122741 61.91
130577 47.62
30133 8.0
30804 8.0
1136 64.27
110404 19.0
22924 19.0
122738 56.99
119576 18.97
126674 28.39
51101 28.39
103628 22.87
53852 37.81
33379 37.81
20471 14.0
120473 14.0
126838 32.0
49529 32.0
149550 24.03
153231 35.41
136613 35.41
150375 24.0
150356 24.0
101734 10.0
101760 23.0
100976 23.0
150015 22.0
106359 22.0
123612 22.0
124438 22.0
33203 36.04
31382 36.04
32402 38.86
40589 44.49
113904 10.0
13972 10.0
113589 17.7
113620 16.17
132689 17.96
32685 17.96
132689 62.1
33867 67.79
3545 24.59
101011 24.59
133471 28.0
33468 28.0
11584 24.0
111581 24.0
113143 14.0
118357 14.0
50799 30.0
124779 30.0
51097 30.0
50799 30.0
151900 32.0
105574 32.0
139094 31.0
14764 19.05
114711 19.05
23726 22.0
