7310
153850 38.44
33380 38.44
103731 16.0
1298 16.0
3991 18.0
4002 27.63
33556 31.74
139511 31.74
104184 34.62
103196 34.62
30283 31.09
107605 10.0
107608 31.0
107605 31.0
3554 16.0
2456 16.0
34627 11.0
136133 20.0
135436 20.0
2674 33.78
4863 33.78
35772 11.0
37442 11.0
133523 38.0
53651 30.0
53875 30.0
33556 4.0
153689 4.0
126154 48.74
25688 48.74
25550 20.0
153689 42.82
39290 41.92
153659 41.92
53156 9.29
127979 37.27
127977 37.27
50808 21.89
123580 21.89
152696 40.58
32107 30.0
37072 14.0
39849 14.0
34677 14.0
37072 14.0
31161 19.76
1898 58.89
101899 58.89
40446 59.22
39118 59.22
132557 48.0
131050 16.0
138809 43.55
31970 48.0
137477 20.0
53205 20.0
151038 22.0
125687 46.59
125686 46.59
34298 18.18
38783 38.19
53829 38.19
129446 68.74
30043 60.76
31546 42.0
130634 42.0
38449 18.27
35772 18.27
11513 22.86
11492 13.09
150035 23.0
102824 23.43
102832 23.43
115152 33.16
123203 33.16
115124 19.62
35772 12.6
118123 47.55
6323 15.85
49790 27.92
24041 50.43
103784 30.48
103785 30.48
125078 47.21
126172 52.89
104149 62.44
125368 29.0
136265 67.88
136264 67.88
131422 33.0
31467 70.67
38485 69.09
36267 69.09
119212 23.27
117778 23.27
32809 21.0
31420 21.0
31409 25.0
35712 29.0
39850 14.0
39849 14.0
10399 6.0
132485 18.0
33292 21.0
31161 21.0
123580 25.0
50808 25.0
127341 13.0
21017 41.08
19474 41.08
122284 22.18
22279 22.18
13793 19.78
140540 38.94
113852 8.0
113853 8.0
133885 68.81
135247 68.8
135246 68.8
135246 63.16
111498 29.92
10853 47.65
111693 47.65
34044 63.95
113589 14.61
131590 41.82
111169 14.6
107552 21.52
14943 42.95
102861 31.97
2862 31.97
11989 22.0
112486 22.0
115156 21.0
115606 21.0
118991 24.66
118965 24.66
31224 39.38
130273 22.22
48666 22.22
53193 25.0
53517 25.0
24664 23.19
25052 23.19
124710 53.07
14548 11.0
150511 11.0
110558 19.64
110560 19.64
123340 35.95
23436 35.95
12853 12.0
51275 29.0
123856 29.0
119538 16.87
119529 16.87
133946 58.55
127710 30.09
127711 30.09
100780 56.73
126222 34.6
124361 34.6
11461 45.99
12411 45.99
112358 8.0
12389 8.0
189 60.82
386 60.82
11690 43.05
111437 43.05
47817 17.79
38788 17.79
110486 15.0
110494 15.0
52358 35.44
105208 35.44
126143 55.86
150666 38.0
126143 38.0
128831 51.18
127539 51.18
24395 27.46
124389 27.46
35396 32.2
32649 10.0
32648 10.0
127335 50.66
129196 50.66
31677 30.33
31678 30.33
124363 22.43
31330 34.76
5096 43.86
105120 43.86
152418 35.33
119401 16.0
32195 40.24
28493 11.0
147779 64.6
119942 14.0
120036 14.0
119841 12.86
119518 12.86
26688 16.78
107685 57.2
44006 58.66
122481 22.0
122480 22.0
123261 30.0
123234 30.0
115349 21.0
123151 21.0
107411 16.49
107372 16.49
47820 44.22
105138 61.66
104885 61.66
124110 24.0
124581 24.0
24117 16.0
123531 16.0
118355 51.6
153966 31.0
104958 46.0
4959 46.0
109161 50.42
3833 55.99
30826 45.19
26809 57.98
50658 31.88
129835 74.44
48575 74.44
121478 7.41
23436 7.41
121478 7.41
23436 7.41
9057 10.0
107568 10.0
26046 63.5
112382 43.58
7960 14.0
107819 16.0
107898 11.0
449 66.44
100657 66.44
139032 10.0
39391 30.0
139392 30.0
134302 34.66
101593 61.21
101586 62.21
1579 62.21
31137 40.4
31136 40.4
127979 16.0
48980 16.0
108070 20.38
127974 33.31
128701 33.31
108319 13.0
108353 13.0
114817 18.0
107705 24.0
107602 24.0
39118 60.0
40446 60.0
108073 17.32
108070 17.32
33375 12.0
133751 12.0
9183 13.0
108092 13.0
33745 36.31
32538 39.0
52608 39.0
131870 18.77
31868 18.77
130800 34.76
32843 34.76
140584 27.04
139332 27.04
123980 16.32
123982 16.32
12727 20.0
118856 20.0
118766 20.0
52778 19.0
32157 19.0
3702 18.54
103231 18.54
49176 10.0
112108 10.0
35003 35.0
124559 13.19
127076 53.21
28720 53.21
24584 26.0
124716 67.18
1990 59.54
25953 56.73
124708 56.73
133458 29.22
153792 29.22
105427 47.27
105426 47.27
108073 16.36
8109 16.36
107705 10.17
107734 10.17
7602 16.0
28764 53.87
131307 36.0
103700 17.0
32368 54.33
130278 19.0
4852 37.25
102555 37.25
114736 13.0
31305 24.71
131307 45.96
52835 47.99
31296 47.99
101334 14.0
47784 14.0
1336 16.0
23398 16.0
11716 13.85
22976 24.0
31591 28.36
149235 14.0
120959 14.0
147755 26.0
50419 10.59
150439 10.59
51528 25.0
130789 24.0
114896 29.66
123074 29.66
123852 30.46
24770 30.46
52312 15.0
103088 30.79
123413 30.79
127331 33.77
4330 37.93
47950 58.65
100427 18.0
103281 18.0
4050 9.0
103300 9.0
133070 19.5
122875 23.66
122874 23.66
122902 25.0
122418 25.0
126612 43.62
126634 43.62
122070 16.01
122180 16.01
129984 26.43
32051 26.43
32843 37.68
130800 37.68
115799 31.09
106589 31.09
52015 34.0
25851 26.92
26061 26.92
18285 34.38
26520 31.38
3758 11.0
103991 21.0
123412 21.0
30927 33.0
10399 13.0
120351 34.98
27840 67.3
128789 67.3
101744 14.0
101144 14.0
5240 12.0
121041 22.0
21050 22.0
20398 37.18
35771 19.37
36736 48.53
30401 16.0
10847 16.0
110873 22.0
122991 26.07
101334 17.0
23398 17.0
23398 22.0
1336 22.0
52594 18.0
50535 34.11
50548 34.11
102962 21.0
758 32.46
763 32.46
123421 29.64
100749 6.84
2799 6.84
2799 33.99
98 50.4
748 50.4
121240 10.0
121241 10.0
120036 21.07
114719 21.07
120667 9.47
20678 21.11
131052 70.86
126369 40.79
25671 60.26
48650 54.23
28607 72.17
25612 24.51
24289 64.43
48879 64.43
114756 6.11
122874 6.11
114371 42.05
114667 42.05
107411 12.0
7360 12.0
103880 56.65
7695 14.6
107641 26.0
126634 44.65
126612 44.65
4280 11.0
100214 11.0
140163 16.96
104234 32.0
121803 20.52
52840 28.0
130111 28.0
32843 19.0
52767 19.0
53256 12.0
132375 56.98
30595 27.0
32525 9.0
31876 9.0
110494 13.0
110486 13.0
38809 37.0
106359 28.66
7967 17.52
52135 37.57
152146 37.57
105680 30.85
102345 24.0
104644 24.0
50606 33.6
114510 33.6
153777 13.0
133979 33.0
139392 35.31
34300 35.31
53653 42.0
53924 28.54
153840 28.54
53772 47.87
35015 42.0
39033 42.0
34312 23.0
35015 23.0
34300 25.07
38640 25.07
125684 32.03
124606 32.03
54273 37.0
128369 37.0
26370 19.0
11525 2.0
151303 30.0
101606 13.0
104996 13.0
153752 22.55
33928 22.55
125686 43.9
125684 43.9
153792 22.5
133458 22.5
112964 14.43
112831 11.0
12858 11.0
114421 28.0
123990 48.0
123364 26.59
52196 16.0
28806 70.75
29463 70.75
112651 17.0
112716 17.0
153864 35.0
127063 18.53
126966 18.53
34059 51.05
118594 10.29
118595 10.29
101432 21.0
51737 21.0
107967 23.5
125901 28.0
909 31.53
100886 31.53
122213 22.88
149204 25.29
122213 25.29
127441 36.0
29596 36.0
53743 33.64
53679 33.64
109119 10.0
107747 10.0
139500 29.0
34584 29.0
106073 11.0
106670 11.0
36029 32.34
36031 32.34
36852 27.0
104234 26.0
123406 62.59
26933 71.35
28811 71.35
52855 29.82
122792 14.0
122811 14.0
50600 21.0
114215 21.21
14214 21.21
52871 20.0
24700 13.0
25510 38.66
51178 38.66
31876 15.0
32525 15.0
31850 40.55
31849 40.55
130596 25.0
53687 35.05
38783 35.05
52724 32.0
48686 40.28
31915 19.0
30207 29.75
101134 65.52
46638 24.0
137087 24.0
128166 29.3
127030 29.3
23575 37.2
147755 38.33
24498 21.9
124499 21.9
30922 32.0
130165 32.0
30922 32.0
31895 13.0
131896 13.0
146618 31.86
37626 17.0
107019 14.59
115852 14.59
52693 27.0
128666 23.0
149627 28.0
128745 28.0
31546 33.0
31942 35.0
38788 20.0
47817 20.0
151261 39.4
126031 39.4
24537 19.0
125561 19.0
127331 45.03
49633 45.03
150938 13.0
24537 13.0
4898 65.26
4899 65.26
104932 62.51
124760 33.0
51058 33.0
5525 17.5
102229 17.5
25072 59.71
151284 36.95
151303 36.95
53124 16.93
35968 16.93
124888 26.66
124064 26.66
101379 21.0
151409 21.0
115699 39.22
106129 39.22
40564 32.87
38393 32.87
105779 24.0
123142 24.0
19289 14.28
138487 14.53
31708 59.1
114255 20.56
123341 20.56
14548 15.0
114839 15.0
127375 25.71
129795 25.71
33893 62.57
133894 62.57
52606 46.47
131808 46.47
112108 16.0
47797 49.68
133361 66.17
14430 17.0
150485 11.0
33903 64.53
47795 56.6
52388 56.6
136622 24.0
133647 42.44
140025 42.44
123142 14.0
115741 14.0
102866 38.6
5083 38.6
107585 17.14
107915 20.04
107903 20.04
25625 20.8
51317 27.53
51318 27.53
33239 19.29
52963 28.3
12858 11.0
112831 11.0
140268 16.0
127659 56.96
127743 43.69
127742 43.69
129886 28.0
129892 28.0
112964 12.0
123783 30.0
52003 27.0
33741 43.0
130378 17.0
32944 17.0
136065 23.0
129373 65.42
29841 65.42
12444 37.0
33288 12.0
13751 9.88
13756 9.88
47744 15.48
11750 14.0
148447 63.78
48367 4.72
48491 4.72
103690 7.0
31711 42.0
131712 42.0
31749 23.19
31724 41.88
131725 41.88
47748 49.73
52433 37.2
52528 37.2
127045 56.21
131737 33.86
31738 33.86
52861 44.87
32557 44.87
53054 33.88
152845 34.0
32315 34.0
152766 44.07
50827 36.46
123648 36.46
127254 15.0
49433 15.0
29840 64.04
35504 29.45
31420 29.0
152703 29.0
33524 47.93
137543 47.93
131033 35.61
131032 35.61
118268 14.0
118370 14.0
150079 23.0
36276 66.64
24359 35.79
148594 35.79
128606 69.31
28607 69.31
3373 27.55
103717 27.55
135072 11.25
137580 11.25
121392 15.0
21407 15.0
121397 16.0
50397 16.0
120574 28.49
21685 28.49
121582 12.0
124814 12.97
124597 56.78
24596 56.78
37795 54.34
134856 54.34
136270 22.0
124818 29.57
118331 52.55
124358 14.35
107964 9.0
107833 9.0
125956 20.0
51307 20.0
149532 28.0
128978 8.0
48816 22.12
148817 22.12
125260 12.0
51262 12.0
125614 21.0
125620 21.0
52653 10.0
118026 19.45
118009 19.45
23616 62.21
124714 62.21
26165 51.62
125693 51.62
149550 16.54
150534 26.2
114757 26.2
150485 16.0
114614 7.0
139315 40.22
134975 40.22
126222 13.0
52338 37.54
151386 37.54
103586 17.0
2566 17.0
40441 28.42
140443 28.42
53882 41.0
34380 41.0
150643 38.0
12572 5.35
49454 27.63
26986 27.63
134101 61.97
48500 59.42
5951 59.42
7250 53.21
4029 28.57
3863 28.57
5661 59.0
3843 50.99
103830 50.99
104100 30.07
3841 30.07
4154 65.08
148432 65.08
38048 7.0
138049 7.0
130827 21.0
119117 9.0
119114 9.0
3870 58.19
104041 58.19
31328 26.87
118807 19.0
118698 19.0
130346 74.1
32151 74.1
140484 16.58
140486 16.58
130198 45.9
129835 74.78
31789 26.51
131790 26.51
27013 43.32
127014 43.32
32210 29.55
35504 29.55
40442 33.78
100790 38.55
31792 39.3
30272 39.3
112358 8.0
12389 8.0
137536 19.56
138172 19.56
35864 18.0
51101 27.0
126674 27.0
152627 26.0
52788 26.0
39822 25.36
39813 25.36
31806 46.09
52606 46.09
103197 22.0
149885 22.0
39832 25.01
126852 36.0
26685 25.0
32754 28.0
125528 23.0
114790 24.0
50914 21.0
1989 59.31
1990 59.31
113075 26.0
113118 26.0
30377 15.6
132632 15.6
125209 32.89
25745 32.89
101956 21.66
101957 21.66
124869 7.0
126730 18.61
128217 18.61
31222 30.46
30125 30.46
30880 28.0
140331 28.0
31638 18.0
33239 18.0
131582 38.06
31591 38.06
30384 33.14
125165 28.0
25989 26.0
125732 20.52
125059 20.52
21243 14.0
31513 27.24
52758 27.24
2177 11.85
152713 22.0
31503 22.0
25966 36.4
125166 14.0
126667 14.0
125171 18.21
125166 18.21
26110 45.98
124489 45.98
146618 34.6
102119 39.0
152225 39.0
52404 35.0
33307 35.0
147819 18.21
127355 52.22
127354 52.22
26992 51.17
128715 51.17
33380 46.0
33379 46.0
130673 46.31
30677 46.31
50523 26.0
150521 26.0
152418 41.86
130551 41.86
52031 16.0
31553 12.0
152676 12.0
24707 61.46
138238 15.0
138239 15.0
114787 22.5
150071 22.5
52003 25.95
126392 54.27
26111 54.27
123783 35.0
127849 13.0
127848 13.0
24702 61.01
4733 29.67
105265 29.67
124706 64.28
48890 64.28
105153 26.0
5150 26.0
149739 16.0
23035 16.0
123203 25.32
114844 25.32
105302 15.0
105426 46.76
105427 46.76
105002 27.36
2748 27.36
105002 27.36
2748 27.36
6019 16.0
33009 71.81
130013 71.81
126125 27.53
24901 27.53
114684 16.54
114765 16.54
120473 21.0
20471 21.0
110932 13.3
53274 11.91
11159 12.0
133618 25.0
52196 25.0
111795 32.09
111794 32.09
126143 55.86
102728 26.89
151761 26.89
148515 59.07
48505 59.07
48518 61.08
48521 61.08
34454 52.89
51613 30.94
105160 30.94
22919 17.0
30694 36.5
108325 16.0
127076 54.39
108035 11.74
38215 14.0
37081 14.0
150234 26.22
126667 21.0
125166 21.0
125166 12.0
125171 12.0
123278 18.0
51031 33.66
107658 12.57
7773 12.57
127192 59.34
29204 71.1
33350 71.1
773 59.47
130976 39.46
30994 39.46
107390 64.39
112560 51.08
33740 24.0
38729 24.0
32367 53.96
32368 53.96
5150 11.4
105153 11.4
770 57.74
782 57.74
126459 44.95
126459 37.95
103676 17.38
139657 27.0
127068 17.0
127942 17.0
125682 25.0
114790 25.0
26116 32.75
126335 32.75
53754 22.0
39900 22.0
3338 18.0
38294 13.57
22882 10.22
103592 10.22
53919 25.0
153789 25.0
101678 14.0
104459 16.89
102214 16.89
31370 27.73
119062 18.83
119064 18.83
114581 30.52
114577 30.52
24042 39.15
38729 30.0
33740 30.0
47820 52.03
148438 66.22
104147 66.22
131930 29.66
149396 11.0
150521 14.0
31844 39.0
31849 39.0
130508 33.0
30509 33.0
2015 40.78
103432 40.78
102020 40.82
2017 50.0
5279 25.43
5240 25.43
107967 17.88
107819 17.88
36149 28.0
51872 24.0
52855 28.99
25800 11.82
123585 64.64
48885 64.64
52271 22.0
4894 22.0
33301 50.0
151251 12.0
35396 34.56
35397 34.56
106320 23.0
122996 23.0
21801 19.66
121118 19.66
105810 7.71
107023 7.71
121826 16.0
122048 16.0
34038 18.2
33522 18.2
127711 35.0
149483 35.0
26841 19.0
105160 32.1
51613 32.1
136927 2.84
128830 42.82
130150 24.0
31981 24.0
36517 24.0
152227 15.0
126124 13.01
1942 39.0
52560 23.0
130890 23.0
31222 30.0
52788 30.0
132044 30.55
47807 30.55
130623 41.08
52744 41.08
9046 11.0
109119 11.0
131930 41.0
130341 33.0
52404 33.0
127441 31.0
110836 13.0
110449 14.0
10454 14.0
128587 8.0
49476 8.0
149322 34.0
49536 34.0
152631 34.0
152630 34.0
152702 11.0
48521 59.42
40445 33.66
38898 33.66
128600 70.34
123142 16.0
107070 16.0
49536 40.91
49326 40.91
4648 37.0
113996 18.0
126680 29.79
122793 30.74
122806 30.74
3712 36.94
122537 30.0
123261 29.0
106143 29.0
28868 15.0
129004 15.0
127575 21.0
126730 21.0
152183 18.0
127016 18.0
129717 34.0
129714 34.0
103981 15.0
111531 14.0
111470 14.0
110494 11.0
110499 11.0
11999 10.0
112004 10.0
13756 12.0
4415 26.1
104427 12.6
4424 12.6
127305 19.0
127306 19.0
52994 22.87
36879 22.87
49784 6.0
124524 33.0
50869 33.0
20361 20.76
52693 43.28
152549 43.28
152549 37.24
52748 37.24
119867 20.0
27234 14.0
118661 7.0
118619 7.0
114015 17.65
111869 23.0
112480 23.0
104813 64.34
122639 12.0
122665 12.0
107934 56.1
122642 12.0
132310 22.0
31436 22.0
23913 28.0
112135 19.14
11879 19.14
101169 23.68
101812 40.0
101807 40.0
51729 15.0
111739 36.66
111753 36.66
100790 50.85
100790 40.35
47820 47.79
5001 29.38
105002 29.38
114516 16.2
12362 19.0
112438 19.0
112399 17.75
112506 17.75
33379 25.93
53852 25.93
47820 44.52
134292 48.56
5566 26.0
53725 44.68
140596 44.68
130283 13.68
32051 7.0
152624 5.0
4178 20.0
152422 41.35
47795 49.05
107398 14.54
22835 8.0
11691 14.38
11527 22.66
11691 22.66
123531 23.0
24117 23.0
52788 29.0
152627 29.0
22882 36.92
33903 65.55
32379 8.0
31386 8.0
11522 17.89
34044 60.64
134101 60.64
48486 54.1
33978 67.03
133562 67.03
34875 30.0
37554 30.0
32515 34.22
32381 34.22
29596 7.0
127441 7.0
26520 28.3
20425 9.0
120426 9.0
105960 28.32
50170 28.32
119365 10.0
119325 10.0
119351 14.0
19404 14.0
153969 21.0
153967 21.0
20975 9.0
101749 21.66
103518 30.66
127946 13.0
149612 13.0
28764 19.0
39688 15.0
39692 15.0
48856 5.14
122213 21.93
22420 65.48
2674 10.0
100405 49.0
105378 49.0
102008 53.21
2004 53.21
51701 12.0
2844 12.0
126254 24.0
123869 24.0
34312 27.0
30994 69.17
130003 69.17
11546 27.88
111543 27.88
112435 40.78
112370 40.78
112370 41.03
152093 26.3
53875 29.75
53651 29.75
101946 24.51
101957 24.51
132330 11.52
130484 11.52
127463 24.0
54271 52.53
118230 18.0
118224 18.0
23820 55.47
124712 54.65
40550 39.53
34013 39.53
107749 12.32
107869 12.32
7595 33.96
107639 15.32
107633 15.32
107601 9.0
107558 24.49
107613 24.49
111498 28.21
111419 28.21
12592 7.0
112310 7.0
111180 11.0
12177 16.11
112178 16.11
40123 6.0
52031 26.11
102371 18.91
102370 18.91
12253 13.77
12249 13.77
12439 7.99
12572 7.99
130678 28.6
130827 28.6
30290 37.07
31076 37.07
127122 31.0
100958 24.0
104065 24.0
101547 24.06
101548 24.06
106154 20.0
100452 63.33
28507 46.36
127175 46.36
114516 21.0
114516 19.22
114529 19.22
28082 38.67
127199 38.67
114736 11.0
130278 7.2
126431 22.0
125143 22.0
107676 8.0
107589 8.0
153922 49.33
33507 31.95
153922 31.95
126428 6.0
124679 6.0
150562 24.0
10553 42.4
97 47.66
98 47.66
105471 18.0
127045 57.32
109258 51.59
9163 51.59
152146 26.71
52135 26.71
124588 32.98
23956 32.98
123234 31.0
123261 31.0
103286 31.0
104054 31.0
134320 27.83
53625 45.0
53725 45.0
2474 11.42
27001 56.33
129421 56.33
124489 45.38
53625 48.0
52388 52.96
47739 52.96
32435 18.0
152612 18.0
132429 21.0
132429 21.0
134191 38.77
35124 38.77
103651 21.92
3095 21.92
35772 31.97
38449 31.97
115238 26.0
118181 20.0
119621 20.0
119638 15.0
119637 15.0
138489 42.41
30005 42.41
19888 20.0
19925 20.0
31821 44.07
131820 44.07
18680 13.0
107772 15.0
22835 8.0
107634 8.0
4988 43.8
4945 43.8
152627 33.0
52714 33.0
149415 10.0
39880 9.0
105996 32.0
105783 29.0
107007 29.0
127977 21.49
127979 21.49
149396 35.33
49475 35.33
127431 36.95
129026 36.95
150970 41.0
124361 30.55
126222 30.55
105883 10.0
106602 10.0
29049 11.0
11691 12.96
11734 12.96
32683 12.0
11525 5.0
11527 5.0
114510 34.29
50606 34.29
150817 20.17
107613 7.77
107558 7.77
5210 35.27
105209 35.27
30726 14.0
30727 14.0
109206 15.32
22835 15.32
152814 39.0
32338 39.0
32344 29.0
115852 3.29
115741 3.29
123648 26.82
102853 37.91
5089 37.91
14801 10.08
6019 17.0
130139 37.96
152462 42.0
130154 42.0
123397 12.0
1969 54.6
2860 26.3
102861 26.3
102409 12.0
100592 12.0
107460 16.65
47784 16.65
100378 31.5
102242 31.5
6525 23.0
23554 31.83
123555 31.83
3082 19.25
1732 19.25
100214 13.0
105043 13.0
49453 48.75
51274 40.85
106610 36.66
44006 58.66
53376 61.93
33557 67.7
100532 12.0
32402 29.0
151396 35.0
151594 35.0
52458 44.21
152457 44.21
114159 23.0
114693 32.12
50338 32.12
114256 21.0
53885 14.0
104065 18.0
142273 39.0
123833 39.0
25079 51.0
124039 51.0
112620 60.97
110085 60.97
1053 16.0
107070 16.0
51374 20.0
51737 20.0
102579 31.0
51661 31.0
110085 65.11
110084 65.11
4298 26.0
52375 26.0
114159 15.0
114320 15.0
104542 43.31
127966 14.0
126836 14.0
52359 9.1
103249 9.1
40127 13.0
153896 37.0
24800 35.0
24801 35.0
104059 9.43
103294 9.43
128369 33.0
127868 33.0
3930 9.0
3927 9.0
150636 29.0
49353 23.0
129672 23.0
133862 63.39
51208 30.0
126464 30.0
125693 51.61
125687 51.61
123 23.3
100512 23.3
150439 20.62
115792 20.62
3385 37.38
19956 19.0
49544 27.0
49515 27.0
149545 33.0
27567 33.0
27961 27.0
39291 41.0
40847 41.0
34017 33.66
53652 33.66
39192 20.56
39193 20.56
24700 11.0
136133 32.33
135436 32.33
53216 19.0
138439 19.0
52841 24.0
33580 19.8
26449 39.31
37081 18.96
38215 18.96
40468 26.92
139353 26.92
153817 29.53
53818 29.53
151386 41.0
52338 41.0
153922 49.31
47797 49.31
18188 32.0
40410 29.0
51318 31.43
51317 31.43
52788 25.39
31222 25.39
130890 21.0
52560 21.0
150101 32.15
34359 34.0
53700 34.0
112467 55.11
12625 55.11
29049 38.24
52803 14.0
32719 14.0
31179 25.0
47804 25.0
111469 13.65
111132 13.65
50173 19.56
107171 19.56
50210 24.75
150206 24.75
101197 17.81
1355 17.81
26487 36.81
49424 24.0
135264 22.0
35263 22.0
136065 22.18
53247 22.18
139696 17.0
39692 17.0
53247 21.54
53193 21.54
118569 48.33
36808 23.0
31845 34.0
24861 14.43
124862 14.43
132374 27.0
132375 27.0
119398 25.21
52502 22.09
122402 32.73
128355 26.0
112218 4.03
110821 4.03
53694 29.0
35014 29.0
52855 19.0
52791 19.0
30509 30.0
31844 30.0
34000 45.0
119162 60.61
119160 60.61
130891 19.0
137374 40.82
135034 46.01
134942 46.01
2086 19.47
51863 19.47
52891 17.0
129795 17.18
127375 17.18
40020 8.0
114995 15.21
4863 31.45
105211 31.45
127339 11.0
129320 20.0
142018 13.0
104869 33.62
4255 33.62
4988 38.0
106589 33.0
115799 33.0
105209 37.1
5210 37.1
152172 39.09
152064 39.09
113801 20.0
113837 20.0
138049 10.0
38048 10.0
7936 66.48
100215 34.94
143 34.94
137087 14.0
143 26.0
151949 26.0
31708 58.97
51208 39.0
114103 58.33
114101 58.33
27799 36.32
150485 14.17
12541 10.0
112109 10.0
139118 58.33
151311 21.66
48795 9.0
130785 9.0
5052 14.0
110064 17.75
110063 17.75
109168 19.06
11533 19.06
125017 22.0
125963 22.0
33867 70.26
133608 70.26
133577 68.42
33867 68.42
102109 41.41
152181 41.41
52151 39.19
102112 39.19
151794 33.0
152225 33.0
39081 32.0
33350 68.53
151370 7.0
100618 7.0
131472 71.4
31471 71.4
31477 71.64
52590 11.0
131484 65.88
53095 12.0
33707 12.0
136538 32.33
53156 33.9
29215 73.29
126924 73.29
33806 37.09
34291 37.09
104867 13.0
120726 7.13
128062 27.64
150421 15.43
32106 28.0
33297 28.0
49261 11.59
122480 23.0
122481 23.0
119867 16.0
122811 8.0
122792 8.0
120036 5.0
119942 5.0
119518 21.0
119841 21.0
26108 50.21
23622 33.66
34518 16.87
1970 56.73
1969 55.6
1970 55.6
18288 8.9
1970 62.75
101978 62.75
151285 30.0
125017 18.89
24422 18.89
26205 25.48
102291 28.0
15675 22.66
150971 38.0
151311 38.0
50313 16.0
150296 16.0
34291 35.0
33806 35.0
137555 12.0
36852 24.0
38001 24.0
53416 31.0
140171 31.0
35276 28.64
36646 28.64
51084 24.0
7936 67.93
107970 67.93
49433 13.0
127254 13.0
129262 23.0
28839 23.0
133463 69.32
100035 18.83
107406 25.84
122901 23.0
122615 23.0
37822 42.82
36333 14.0
25025 16.32
131970 37.8
29768 36.33
142022 36.33
122402 24.95
126148 60.32
22901 13.0
112382 43.58
122418 15.0
32557 44.11
122234 12.86
122259 12.86
122259 24.55
122291 24.55
122714 32.66
152515 28.4
21088 17.89
121101 17.89
34380 23.0
53696 23.0
122242 21.0
121841 15.0
122151 15.0
140822 37.58
133611 37.58
26089 37.74
42002 43.76
33623 43.76
39745 24.85
38880 24.85
25518 20.0
107747 18.0
109119 18.0
120807 21.76
120825 21.76
48393 61.44
48395 61.44
48391 61.33
48387 61.91
35781 16.0
33538 45.05
129737 34.69
129738 34.69
133357 53.38
131207 7.97
31967 7.97
33288 14.0
128854 29.44
18192 18.0
151826 28.0
24249 28.19
107970 71.35
34380 23.0
53696 23.0
126640 48.0
109156 10.08
9155 10.08
109115 21.48
147744 21.48
36502 23.0
11772 5.14
11724 5.14
113352 13.76
111485 10.43
11750 10.43
49739 23.0
113699 11.59
113739 11.59
33928 36.48
153752 36.48
35771 29.74
113906 23.7
111818 23.7
112357 14.0
112357 13.0
112486 13.0
112518 9.31
112310 9.31
110122 29.3
131582 44.44
112270 11.0
33745 43.3
33928 43.3
153689 47.0
33379 47.0
136094 43.5
36097 43.5
48443 44.85
23127 44.85
51882 41.68
101824 41.68
148384 61.43
2017 47.9
103433 47.9
115259 19.0
149885 8.0
103197 8.0
136021 53.52
136022 53.52
31224 19.22
132640 19.22
131870 22.06
51307 14.1
125956 14.1
51262 18.0
125260 18.0
52654 28.0
124110 32.0
124581 32.0
48453 25.69
5240 15.02
4950 15.02
15971 59.52
48443 59.52
3394 26.81
51430 26.91
101468 26.91
102097 34.33
51982 34.33
100018 23.08
1870 49.1
50562 15.95
112361 15.0
112311 15.0
39881 12.6
39882 12.6
20762 18.0
11533 45.21
51974 46.26
152115 46.26
107960 19.84
101947 21.0
772 32.86
4830 32.86
107747 9.0
107676 9.0
39832 24.92
35623 32.0
138088 38.18
34602 23.4
35194 23.4
39813 31.34
39822 31.34
107819 11.0
107898 30.0
140443 38.67
19650 13.0
119665 13.0
136148 32.0
119621 17.0
119625 17.0
119576 15.0
106359 6.73
150015 6.73
32382 34.35
31285 25.0
132142 28.63
32040 28.63
19891 15.0
119806 15.0
38842 26.63
127182 48.0
27184 48.0
126890 47.71
28069 47.71
31254 23.11
7346 11.0
105673 16.62
27016 25.0
150459 31.68
114189 31.68
102832 18.0
126002 26.86
26003 26.86
103677 16.58
101066 16.58
2860 17.53
101375 17.53
105465 28.0
133946 57.88
52635 29.0
32210 10.0
35504 10.0
150015 21.0
49972 21.0
132239 15.0
47744 35.0
50870 45.0
126459 39.0
50869 35.0
124524 35.0
126335 23.57
126336 23.57
126648 23.0
126335 23.0
114790 22.0
125682 22.0
33307 36.0
52404 36.0
126105 10.41
111766 12.0
110641 12.0
111169 11.59
136517 12.0
122533 12.0
121811 14.61
121822 14.61
48502 54.33
129672 24.0
127352 24.0
115506 23.73
150150 32.0
100367 64.24
33594 72.67
100035 13.0
122456 55.33
122500 55.33
1970 55.32
26479 46.45
123775 46.45
1985 56.77
114995 29.93
50603 29.93
8555 14.0
14549 13.0
137820 73.07
135496 50.21
136218 50.21
127303 21.0
128129 21.0
33978 67.03
35834 63.3
35833 63.3
33515 67.2
133562 67.31
33515 67.31
51763 29.94
151754 29.94
127038 60.87
128633 60.87
101691 35.32
100099 35.32
122643 25.0
122648 25.0
126582 28.55
19354 20.62
49370 34.21
126876 34.21
29720 39.0
122580 22.0
122553 22.0
33371 22.43
40016 22.43
13050 13.0
26131 43.96
124604 43.96
37291 31.3
38029 31.3
5618 27.0
137684 42.88
38294 42.88
113224 16.53
24008 32.0
103982 62.05
150636 26.0
149011 19.15
134455 57.88
5383 35.41
100658 20.18
152317 12.0
125457 29.13
124307 29.13
102319 31.86
105514 31.86
150553 28.55
114302 28.55
106383 22.0
106423 22.0
126123 35.0
24901 35.0
111185 10.18
5038 34.02
37433 17.0
102760 19.55
102761 19.55
34913 13.5
139094 13.5
52788 20.0
30151 19.0
130241 19.0
120525 27.0
20450 27.0
150511 6.43
14548 6.43
129714 34.0
129717 34.0
103731 37.06
101310 21.0
100981 21.0
52963 6.88
53719 18.0
138993 18.0
26449 37.44
52665 11.74
115488 32.0
50502 32.0
137291 9.0
107023 21.91
105810 21.91
50044 23.2
115372 23.2
136736 49.0
105694 28.0
33522 27.11
34038 27.11
118495 16.12
104409 22.53
119117 18.46
119123 18.46
104334 24.92
104461 24.0
112270 10.0
130891 39.0
34450 27.0
33796 27.0
42081 12.83
142015 9.0
106530 10.08
150071 10.08
115667 29.71
149740 29.71
6640 10.29
112001 21.0
107869 16.26
107749 16.26
26119 20.0
35515 41.11
52791 24.0
52855 24.0
35508 51.85
35509 51.85
147811 48.99
35506 48.99
31354 29.66
130875 18.0
31915 18.0
138944 22.0
33979 22.0
31844 39.33
30509 39.33
150150 32.55
53733 29.0
40847 29.0
130843 22.0
31241 22.0
32195 11.96
32197 11.96
105512 55.97
100389 55.97
33916 35.0
153659 35.0
4788 62.05
4790 62.05
52693 16.0
105848 26.0
50414 26.0
153663 21.41
33468 28.31
40432 28.31
39734 31.0
39731 31.0
33766 28.22
139727 28.22
134077 37.31
34085 37.31
31031 7.0
50510 31.0
150528 31.0
114765 22.06
114684 22.06
112790 14.0
112796 14.0
119377 8.0
31161 25.0
39849 17.0
37072 17.0
37072 26.0
34677 26.0
104588 9.0
118996 25.25
119126 25.25
139509 34.0
107076 22.68
122403 30.11
122092 30.11
129124 19.0
28114 19.0
148372 28.96
7924 43.88
7923 43.88
117778 23.69
117792 23.69
49563 19.89
27118 19.89
149483 23.66
127711 25.0
127710 25.0
135223 39.55
52758 41.87
31513 41.87
107439 24.31
7476 24.31
148520 64.3
4194 13.0
128907 34.21
28905 34.21
7397 67.71
126730 18.0
127575 18.0
51262 29.71
125614 29.71
103981 61.53
3870 61.53
110026 11.0
34103 34.7
135689 34.7
39849 9.0
39850 9.0
111556 42.0
119475 25.26
121049 25.26
114015 17.0
149165 17.0
148836 11.0
128217 20.0
126730 20.0
151826 26.83
103335 26.83
124818 14.93
102039 44.14
4793 63.39
4794 63.39
51149 32.0
124303 32.0
101899 59.32
107798 15.89
107558 15.89
130277 32.44
130278 32.44
107779 51.71
107391 51.71
5540 25.0
100787 36.0
100378 31.94
47790 64.53
4788 64.53
26856 28.0
120807 22.88
121910 22.88
52434 14.0
130258 14.0
53512 38.0
153896 34.0
4593 25.88
104588 25.88
104390 64.77
115372 26.66
50044 26.66
118325 17.0
118224 17.0
32338 26.0
32461 26.0
104461 23.0
104461 20.0
104462 20.0
124825 49.85
152248 38.0
105827 23.0
115372 23.0
34584 34.0
139500 34.0
15501 30.99
121582 19.0
21407 17.14
121392 17.14
121397 16.0
121403 16.0
118635 22.63
120546 22.63
118780 31.0
118689 31.0
115912 61.48
148392 66.47
101832 45.03
1831 45.03
26205 26.01
117993 13.0
118242 13.0
112900 16.0
18015 16.0
49008 21.0
107816 24.38
125068 33.0
31678 43.86
131699 43.86
22812 16.0
15562 22.12
49312 45.85
129428 36.87
129430 36.87
128749 11.59
28750 11.59
128968 37.62
127268 37.62
126730 20.0
128217 20.0
104492 12.28
104493 12.28
49261 11.59
10867 12.0
126369 35.0
129432 37.8
149582 37.8
118965 21.0
118994 21.0
101734 20.0
4791 11.0
104608 11.0
14304 25.0
123606 59.88
24707 59.88
121600 7.0
121672 7.0
148440 26.0
148974 62.64
24702 62.64
25974 67.49
50634 67.49
38795 47.94
35015 21.08
34312 21.08
115173 44.11
49664 44.11
103335 32.61
130634 56.32
130635 56.32
102760 19.55
102761 19.55
150472 22.44
50476 22.44
114189 24.0
150459 24.0
101468 31.91
5121 31.91
50922 26.67
114283 23.0
150490 23.0
748 23.03
100749 23.03
51967 19.72
102327 19.72
50210 21.18
33545 71.44
133544 71.44
25447 5.0
2382 25.77
26151 50.99
101932 42.0
101929 42.0
134090 68.04
24989 15.0
123732 15.0
35411 24.63
130283 24.0
30804 8.0
7282 22.0
53281 36.06
124679 40.0
126428 40.0
123664 22.31
125171 22.31
123648 37.67
125843 9.0
125124 9.0
127686 20.74
129736 20.74
149740 31.9
115667 31.9
53651 49.33
110020 25.0
48886 65.32
124268 57.33
124268 57.97
29457 60.28
129854 60.28
34426 16.0
53738 16.0
27833 58.84
28618 58.84
132888 32.23
9360 8.5
32138 35.49
107964 13.6
7967 18.03
110905 13.1
119398 19.25
119377 19.25
11716 9.0
34300 33.67
128787 65.21
27834 65.21
112465 11.0
111713 11.0
11410 7.77
11184 6.42
1821 44.13
111178 10.31
111177 10.31
127888 33.0
129082 33.0
27469 22.3
153906 34.0
34644 34.0
111478 43.28
53700 35.0
109136 44.33
109260 49.64
109158 52.25
109161 52.25
53738 34.0
10086 60.88
12621 60.88
122235 16.0
122242 16.0
103582 12.16
101214 12.16
135052 45.55
38842 26.63
140436 38.45
38797 38.45
39000 35.55
53687 35.55
124818 13.04
106610 36.66
115761 14.04
115844 14.04
32428 29.49
33711 29.89
152612 26.12
32435 26.12
32428 30.69
40446 48.79
52850 23.0
52758 23.0
29992 32.13
101947 23.08
11566 47.61
34649 44.0
10535 16.54
38842 31.0
38619 31.0
111438 50.77
11500 50.77
23616 61.45
35411 33.33
35685 33.33
31051 51.39
131050 51.39
11671 10.0
100376 39.8
7385 56.91
107391 56.91
126122 27.0
24770 7.0
24616 7.0
104730 17.0
104490 17.0
150174 31.0
106812 31.0
4686 32.23
104809 32.23
52059 14.0
104462 14.0
118645 17.02
117792 22.0
103338 21.0
124818 19.0
114148 22.0
50572 22.0
150035 17.0
48044 14.0
107514 15.0
107467 15.0
104575 31.3
104580 31.3
7695 18.0
107609 18.0
107641 13.0
105800 21.0
106907 21.0
140356 23.32
106166 24.0
106878 24.0
115741 10.0
115852 10.0
126022 29.22
132344 27.69
130452 51.0
132786 35.5
31832 35.5
11529 28.66
10553 24.84
103628 5.02
100035 5.02
132178 51.1
32179 51.1
23435 10.18
11961 6.49
111953 6.49
52404 39.0
130341 39.0
132103 42.0
52853 42.0
123142 29.64
31420 22.36
32809 22.36
104421 34.18
102178 34.18
51877 23.0
32208 50.4
51963 25.71
105454 25.71
4737 59.66
104379 59.66
36258 61.44
51904 28.0
4775 68.53
101050 49.21
48784 49.21
105199 47.55
103483 47.55
2108 35.79
102409 21.0
101800 21.0
3987 61.69
107070 27.42
137791 54.6
37790 54.6
112523 6.0
107967 19.29
107833 17.0
107964 17.0
150472 7.78
150459 7.78
114283 12.0
50476 12.0
1518 12.91
26142 54.48
103986 58.41
53054 32.0
150542 27.0
150539 27.0
114274 24.0
114414 24.0
114274 24.0
29964 58.33
136045 25.99
36046 25.99
3017010 38.66
3017011 38.66
150528 25.0
50510 25.0
150553 22.0
121101 19.0
21088 19.0
34462 21.6
37291 21.6
114976 9.0
124358 14.35
115741 26.0
123142 26.0
28852 41.84
127359 41.84
111513 14.0
11715 14.0
48931 15.53
111469 15.53
52101 24.0
135440 23.55
53093 23.55
409 21.0
100385 21.0
147747 41.08
114886 19.0
114896 19.0
6006 14.0
148428 14.0
31481 72.65
9132 25.81
50768 30.3
150863 30.3
122793 4.0
122816 4.0
126369 40.79
37879 24.0
35384 24.0
122242 19.0
22334 19.0
122806 19.62
122793 19.62
118683 19.0
118766 19.0
118511 26.12
130623 21.08
127900 20.0
127030 20.0
36846 41.0
52024 35.77
107605 26.0
107605 30.22
107608 30.22
23915 23.0
37442 13.0
35772 13.0
135436 29.0
136133 29.0
118856 25.1
118904 25.1
148899 67.66
48900 67.66
127638 19.83
149538 19.83
106610 33.0
107605 34.53
114946 33.74
122994 33.74
125282 28.0
125281 28.0
35978 23.0
53404 23.0
114817 16.0
53924 23.92
153903 23.92
48440 29.0
132256 43.93
120726 12.6
120724 12.6
4415 26.73
102178 26.73
115099 16.0
113810 10.0
53971 31.0
153689 18.26
33556 18.26
33380 37.67
153850 37.67
153689 45.11
139511 38.0
33556 38.0
111556 19.85
27329 21.9
127331 21.9
104603 14.0
49364 26.0
53404 23.29
35978 23.29
114442 25.0
114450 25.0
50414 27.0
114442 27.0
32315 34.77
152845 34.77
36622 31.0
134622 31.0
114450 26.53
106308 26.53
133384 34.44
53767 35.0
33382 35.0
114529 29.72
51867 35.2
4529 35.2
131427 20.0
114516 18.0
50338 24.0
114693 24.0
115238 24.0
109151 14.31
108315 14.31
109105 12.83
109152 12.83
137624 10.0
137625 10.0
137624 8.0
137625 10.0
37626 10.0
124454 61.05
24455 61.05
140074 13.0
46638 13.0
14321 25.0
121910 13.6
122048 13.6
121804 24.61
121765 24.61
102042 12.0
127121 37.0
129738 37.0
52590 22.0
48889 65.86
124716 65.86
100099 12.0
121118 24.3
15728 22.11
106072 22.11
107391 54.38
107779 54.38
150198 17.0
150196 17.0
122741 58.65
122727 58.65
150196 21.0
105900 21.0
110499 10.0
110395 12.0
110486 12.0
121246 23.0
121184 23.0
53909 46.0
139509 46.0
107558 11.18
107798 11.18
128715 40.02
27077 40.02
106812 28.64
150174 28.64
114529 15.0
114516 15.0
36150 28.0
123341 14.88
114255 14.88
126923 72.49
124710 49.24
26807 49.24
124286 64.08
23548 64.08
135440 38.0
53093 38.0
121869 23.21
121968 23.21
48770 40.81
2638 40.81
49408 15.0
42008 34.0
101947 27.66
26976 16.0
11772 11.0
482 23.0
100483 23.0
114946 30.93
114945 30.93
107399 37.71
13938 10.0
15963 25.95
113837 12.0
113801 12.0
113738 13.0
106146 18.0
106154 18.0
118965 18.0
126285 25.32
126067 25.32
131745 38.63
114101 68.31
17771 68.31
124156 14.0
31254 26.54
124101 33.69
151173 33.69
53756 31.07
37387 31.07
122291 17.89
122259 17.89
132689 39.67
134258 20.32
139671 38.19
53512 38.19
134980 20.0
34300 45.59
139032 8.0
119402 19.04
111379 8.0
11803 8.0
101821 11.64
37258 13.0
101011 19.7
3545 19.7
131672 24.0
33382 36.71
52670 32.02
112758 17.0
128129 23.62
127303 23.62
149609 16.0
49610 16.0
150071 25.0
114787 25.0
112108 13.0
49176 13.0
51054 36.89
50911 36.89
118766 20.0
118856 20.0
127743 43.87
127744 43.87
47739 54.19
118282 18.0
113143 18.0
148458 9.0
115504 9.0
115758 17.39
126290 34.31
25936 34.31
28764 53.98
36090 35.64
136092 35.64
125078 37.31
47772 37.31
122108 8.0
122180 8.0
121917 13.0
21951 13.0
129738 30.38
127121 30.38
119005 17.0
119014 17.0
40569 37.04
40564 37.04
130689 34.45
130687 34.45
22423 31.0
122902 31.0
48686 38.0
129854 62.64
129853 62.64
122180 30.0
122070 30.0
122092 19.85
122403 19.85
14434 11.0
126934 71.66
26935 71.66
110091 13.0
105138 60.66
105115 61.76
104896 61.76
101807 42.65
101812 42.65
42008 20.0
37554 20.0
51337 31.74
15301 31.74
130138 35.56
38843 34.0
38969 34.0
130145 33.42
30137 33.42
131029 8.0
3968 58.32
103986 58.32
3968 60.9
15099 9.0
151831 45.82
101932 45.82
130899 12.0
131006 12.0
152183 24.32
100046 24.32
30292 19.0
31085 19.0
123640 18.0
51356 18.0
115470 29.0
150106 29.0
107920 12.0
107898 12.0
104407 18.11
4415 18.11
104580 23.91
104575 23.91
136065 16.0
4962 62.72
49610 17.0
140596 43.0
53725 43.0
31559 21.0
113681 12.0
13626 12.0
114266 26.82
112108 13.0
52163 22.92
147745 69.77
118766 18.0
118683 18.0
3870 58.31
114421 27.0
50502 27.0
107671 11.0
107643 11.0
123314 13.0
52143 36.0
33908 65.05
5292 37.36
102326 37.36
150460 19.0
103496 15.0
111794 23.0
111795 23.0
4529 20.0
104524 20.0
105333 40.0
100820 40.0
151326 38.0
127375 27.16
111753 20.87
111739 20.87
105251 43.49
107076 16.13
107008 16.13
111869 24.0
149893 34.64
107076 34.64
107076 33.5
115979 33.0
115055 33.0
28114 37.0
129439 37.0
105159 25.71
33868 66.28
133866 66.28
134443 67.72
39608 15.2
133637 15.2
1138 65.61
33884 69.89
133883 69.89
33877 68.89
133876 68.89
106129 27.0
115699 27.0
37433 16.0
30006 36.0
130843 36.0
5089 31.58
2860 31.58
135074 26.66
126380 31.47
150857 31.47
122180 19.08
122181 19.08
52826 30.0
132485 30.0
127868 22.0
149627 22.0
52196 27.0
2012822 51.0
2012820 51.0
123203 41.16
115152 41.16
128128 21.4
110449 14.0
140584 6.23
105578 14.61
133539 67.15
33538 67.15
53223 36.75
153599 36.75
33379 34.0
133376 34.0
100289 52.21
39853 17.0
34259 17.0
30137 39.19
130138 39.19
30042 26.93
33017 26.93
5617 32.0
111767 18.0
7404 25.34
105638 24.51
149885 27.33
150534 23.21
21066 36.64
121071 35.67
126238 7.71
122741 59.17
122500 55.46
119215 19.15
119214 19.15
52388 51.49
39184 12.71
39185 12.71
18808 19.83
119132 19.83
28805 73.98
126926 73.98
9099 13.0
114371 29.83
114667 29.83
51967 14.0
110434 13.0
10436 13.0
130660 8.23
152432 8.23
52312 30.93
100647 31.55
102610 31.55
36394 18.0
25936 34.0
100404 62.14
105158 28.0
105160 28.0
107676 13.0
107589 11.0
109069 11.0
9055 10.0
9057 10.0
108035 13.0
106416 22.04
53181 13.0
36587 13.0
7960 16.0
121803 22.17
49529 36.64
126838 36.64
140615 31.06
33656 31.06
138809 17.0
138814 4.0
129737 13.94
129736 13.94
25688 50.87
126154 50.87
114346 21.0
114196 21.0
16200 16.4
52737 41.0
30322 41.0
152181 14.0
102409 14.0
23328 63.04
150215 35.45
47763 35.45
104813 63.72
25956 18.25
33297 15.0
32106 15.0
4395 68.87
4396 68.87
105403 33.94
105394 33.94
111174 15.65
12166 15.65
111437 42.18
11461 42.18
11764 45.41
11690 45.41
101214 15.93
47783 15.93
103628 20.48
12411 51.44
112560 51.44
2834 18.0
127942 17.09
127068 17.09
23554 15.0
123555 15.0
25981 29.0
32344 28.72
31420 28.72
124876 21.0
105492 31.33
118224 15.0
118325 15.0
147819 19.84
386 61.59
391 61.59
33979 25.19
138238 16.0
54277 27.0
51750 27.0
50831 40.33
23523 40.33
114711 15.0
14764 15.0
49972 15.43
150015 15.43
152432 30.07
130660 30.07
23841 8.0
130666 55.76
107293 26.0
123338 26.0
148492 20.38
148487 20.38
114641 13.85
106762 20.0
100486 24.92
100483 24.92
132374 56.08
132375 56.08
7964 15.2
105856 34.8
150439 34.8
53632 43.11
134167 63.42
36562 12.0
137362 44.77
153115 9.0
148532 59.8
150344 59.8
51255 28.0
106416 21.61
103174 15.61
42074 17.0
123374 17.0
114614 8.0
52143 33.0
104524 27.0
4529 27.0
115469 29.43
150106 29.43
115272 28.82
115469 28.82
15432 3.6
148458 3.6
150106 24.0
115470 24.0
119942 17.0
120107 17.0
127864 18.0
103991 15.0
120351 34.98
18530 22.52
3401 18.0
3402 18.0
113096 22.0
113077 22.0
11289 15.0
110996 15.0
153599 24.63
53223 24.63
11184 4.94
111177 4.94
23025 65.38
123024 65.38
50170 16.0
48898 16.0
152183 12.65
124303 30.42
51149 30.42
42008 35.0
6006 46.43
14892 46.43
130197 22.0
123071 40.05
114850 40.05
15432 3.6
148458 3.6
123289 27.0
106875 27.0
27383 70.86
127384 70.86
28240 35.96
129428 35.96
27016 24.0
129717 15.0
146615 8.2
52893 32.0
103984 23.0
153922 48.87
126488 32.62
30509 37.18
130508 37.18
153922 47.53
149994 24.0
123119 24.0
123119 21.0
106224 21.0
131725 47.62
52294 35.0
151424 35.0
100814 33.01
52005 33.01
52752 36.69
129428 20.0
28240 20.0
127686 23.0
129432 20.0
129430 20.0
1732 22.21
3082 22.21
151409 14.0
101379 14.0
103676 18.81
103677 18.81
139163 31.0
50489 25.0
127742 40.77
127743 40.77
134077 16.87
133458 16.87
33395 28.51
33397 28.51
128338 24.0
119398 25.21
129738 31.66
129737 31.66
10678 12.0
111301 12.0
111739 20.0
111738 20.0
110108 18.0
13133 18.0
112969 18.0
33292 25.0
113111 18.0
13050 18.0
13083 17.0
12775 17.0
103886 36.0
104082 36.0
53093 41.0
135440 41.0
125199 23.0
125638 23.0
114301 26.55
36646 32.0
35276 32.0
36646 35.0
137713 38.0
36646 38.0
2799 33.18
758 33.18
114796 25.21
129965 56.48
29964 58.33
48896 37.33
127334 51.66
23035 32.4
149739 32.4
133070 21.44
31849 41.42
31844 41.42
126123 34.0
136315 35.29
53959 35.29
100291 27.0
2145 27.0
104608 18.15
114304 21.0
114159 21.0
2799 29.96
138487 33.6
124780 16.36
124779 16.36
39062 39.0
153659 39.0
125201 17.0
53882 40.0
127575 24.31
37442 34.0
35772 34.0
27596 23.0
128681 11.0
153971 21.0
153659 32.0
33916 32.0
130074 30.0
130058 30.0
152759 26.95
31453 26.95
109967 16.27
110024 16.27
24359 36.67
153739 26.0
20502 18.89
119956 18.89
111727 37.04
111516 37.04
35631 60.98
36521 41.7
26932 27.0
39331 19.32
139332 19.32
139332 20.36
140584 20.36
33515 67.84
33563 67.84
27118 40.09
110063 14.05
110030 14.05
130634 44.35
31546 44.35
119114 13.1
119117 13.1
49475 25.95
149396 25.95
118698 14.0
118807 14.0
23765 13.75
23303 16.68
138403 17.0
38401 17.0
35149 25.0
34868 30.57
36844 30.57
114549 22.0
52891 27.55
50943 24.0
3885 63.09
122537 17.0
29734 24.3
129736 24.3
52890 31.0
35133 31.0
124862 15.0
150485 8.25
42074 8.25
147744 13.32
100402 65.44
100367 65.44
122242 21.0
122212 20.11
122207 20.11
151507 30.33
104493 39.0
102733 39.0
100976 26.58
101760 26.58
122533 20.0
32019 34.0
33914 65.56
15259 5.98
153967 34.51
34385 34.51
127355 35.0
133605 68.66
138953 34.0
138832 34.0
122725 41.53
122181 14.0
122180 14.0
119377 20.05
119365 15.97
19320 15.97
134573 34.86
137933 34.86
37291 31.3
38029 31.3
122994 29.0
115324 29.0
134648 44.0
34649 44.0
36029 37.76
36031 37.76
106544 35.17
115907 35.17
120729 11.0
120726 11.0
150079 31.0
152181 49.26
152181 53.66
102109 53.66
102112 33.41
52151 33.41
51300 23.82
152225 42.0
151794 42.0
110641 21.0
111766 21.0
49516 24.0
27567 32.0
149545 32.0
773 64.03
772 64.03
119321 5.0
127696 9.0
2638 46.1
52650 11.0
32793 11.0
152533 25.61
52780 42.65
29979 42.65
53538 16.43
53035 16.43
36185 22.75
111177 9.13
111180 9.13
114103 54.1
114101 65.54
117787 65.54
112467 58.43
50599 30.0
50608 30.0
10083 62.32
10086 62.32
12621 62.97
104774 30.0
51956 30.0
39731 12.0
39734 12.0
52736 40.0
36743 40.0
5731 31.21
115369 6.06
115299 6.06
105623 25.41
100099 25.41
127445 28.8
129519 28.8
6044 19.03
15728 19.03
115529 19.71
115507 19.71
115506 16.01
33656 24.76
39184 24.76
37387 33.73
53756 33.73
19440 32.27
26814 53.11
104178 41.0
105471 13.0
101657 21.38
105209 21.38
35772 34.0
37442 34.0
53882 34.0
136277 63.0
36276 63.0
103677 22.28
103676 22.28
53653 43.0
118552 24.95
118561 24.95
51190 33.0
104616 17.65
139511 18.0
102832 20.01
102824 20.01
25627 28.66
101375 32.05
101379 32.05
103335 41.0
151826 41.0
105378 48.96
3337 48.96
107935 61.85
22921 61.85
151826 39.06
105383 39.06
11522 14.0
111513 14.0
35301 9.65
35927 9.65
4094 61.08
130827 17.3
153792 43.89
118016 15.0
18232 15.0
1752 32.41
18232 16.0
118013 16.0
110996 9.0
110997 9.0
110996 11.0
102680 29.0
102681 29.0
110615 17.0
110619 17.0
110585 14.0
110611 16.0
110585 16.0
39880 10.0
39881 10.0
42021 19.27
114736 15.42
124862 22.25
130278 38.07
150562 31.03
114149 31.03
149532 31.0
114090 20.0
12458 25.0
114082 25.0
106602 51.63
148378 51.63
14321 17.0
12592 37.44
15266 16.0
128494 29.0
114179 23.0
14321 23.0
107609 36.47
107641 36.47
26813 51.0
27597 51.0
104347 21.0
151786 35.73
51882 35.73
7788 15.0
25671 60.42
126149 60.42
106823 25.1
6822 25.1
104490 24.0
7794 30.0
107813 20.66
107928 20.66
107809 23.32
107813 23.32
107552 14.0
7783 25.0
107601 25.0
4987 42.06
149612 13.0
127946 13.0
123648 37.41
50827 37.41
18215 32.0
3906 49.0
126198 60.95
25671 60.95
102020 46.19
2017 46.19
127431 32.0
129892 32.0
35067 74.0
135339 74.0
150534 16.0
105076 61.0
128829 60.89
129234 60.89
127540 44.43
115060 42.25
115058 42.25
10302 15.53
110499 15.53
119956 17.11
20502 17.11
35864 17.0
151284 15.43
122108 23.29
27567 29.0
49544 29.0
125289 22.0
127541 48.0
128813 54.7
25225 14.0
124491 14.0
107676 13.0
107601 13.0
107789 16.98
110611 6.0
19398 20.06
110615 12.0
110997 12.0
148403 35.89
123014 35.89
51671 33.86
152367 33.86
6652 17.85
6651 17.85
25953 50.53
4822 47.9
127359 33.23
129622 33.23
127339 15.0
131405 15.0
31430 15.0
118009 21.0
118026 21.0
20951 21.95
20880 35.18
120724 35.18
11172 16.65
111162 16.65
150534 21.0
125620 15.04
125614 15.04
34743 65.04
34742 65.04
26089 31.12
26138 31.12
123563 28.0
51729 19.0
100958 19.0
112798 30.71
13222 30.71
113221 14.38
113160 14.38
151494 19.0
123412 14.0
103991 14.0
51345 34.67
125314 34.67
105454 28.0
51963 28.0
126431 30.66
25808 30.66
100532 10.0
50580 28.0
50572 28.0
51904 36.32
31797 30.78
31798 30.78
125620 33.59
125314 35.86
51345 35.86
51362 20.0
100086 20.0
125614 31.55
51262 31.55
115234 27.0
123338 27.0
105638 27.93
22318 29.37
122316 29.37
27856 36.0
114711 24.0
50489 24.0
120354 37.18
107293 28.0
49528 12.0
27812 12.0
7466 29.13
148515 60.54
129209 28.0
148474 40.92
123217 40.92
127846 57.54
27845 57.54
106681 35.88
105783 35.88
150015 10.16
49790 8.77
125638 18.0
125199 18.0
52918 16.43
53818 16.43
100846 23.0
100695 23.0
107601 35.04
7783 35.04
134863 37.0
138645 37.0
107928 32.6
130623 21.92
29458 7.88
107556 17.0
107639 20.0
129488 23.45
126740 23.45
130875 27.0
30878 27.0
106140 25.67
22750 21.0
149287 21.0
103582 26.0
103581 26.0
27441 30.55
105987 30.47
122628 21.91
122627 21.91
122624 26.93
122628 26.93
22669 23.0
122624 23.0
137712 26.0
134925 19.0
125930 27.0
24932 27.0
125930 27.0
24932 27.0
53652 21.96
34017 21.96
150098 24.0
104672 9.37
4793 9.37
124358 29.0
127334 31.94
50943 34.31
51326 38.0
100185 63.22
100394 63.22
150862 31.0
51863 9.83
2086 9.83
123367 14.0
114312 14.0
130324 39.58
130853 39.58
7505 23.15
7333 23.15
101899 50.99
1901 50.99
23410 12.69
101374 12.69
100251 11.65
100261 11.65
52127 27.29
104343 27.29
47755 33.0
128886 33.0
47755 21.0
114839 11.0
14548 11.0
123214 17.0
123227 17.0
31436 14.0
132310 14.0
100370 34.56
105623 34.56
7673 20.0
50080 28.0
115469 28.0
37275 7.0
37433 7.0
134391 29.7
100231 19.0
103679 19.0
108213 14.0
8252 14.0
34359 36.0
134355 36.0
4971 15.29
123261 18.0
106146 18.0
53651 44.43
40445 44.43
108064 15.0
138050 10.0
138049 10.0
11159 22.0
120621 20.76
21170 20.76
111162 7.19
23913 19.0
128014 38.0
149489 38.0
102832 19.38
137969 8.0
22752 60.88
136289 11.0
27279 28.0
28953 28.0
52388 55.41
105680 25.88
22751 58.22
22748 58.22
122725 41.65
22623 41.65
104774 35.78
4851 35.78
33292 26.0
151364 17.0
37554 29.0
34875 29.0
102142 10.22
52135 10.22
5006 31.18
52135 31.18
152533 26.95
29979 22.0
52780 22.0
52654 28.0
130496 45.0
52654 45.0
152462 27.0
33282 27.0
31243 21.0
32793 21.0
38274 31.5
40410 31.5
130154 44.0
152462 44.0
127696 11.81
48650 32.87
152753 31.89
131745 31.89
107911 49.95
52127 19.0
107884 57.96
40445 48.0
53651 48.0
135425 27.0
53145 27.0
140137 42.0
135146 42.0
133201 32.14
7605 37.59
27275 26.0
34757 53.55
48650 53.55
53118 11.0
33399 17.07
34518 17.07
51919 27.0
37672 20.0
38393 22.0
40564 22.0
100390 59.27
100376 59.27
50943 22.0
125343 22.0
151234 23.0
5513 38.88
105512 38.88
125289 30.74
151261 12.0
101678 12.0
103698 12.0
100295 60.77
139163 23.0
24455 37.3
26111 47.71
124454 47.71
122108 17.87
37338 42.0
37339 42.0
138239 21.74
138238 21.74
132239 41.54
121854 20.06
121869 20.06
115045 24.33
112728 18.0
33524 45.0
152983 45.0
105330 42.0
151900 42.0
100695 11.0
100846 11.0
135487 25.0
40786 16.43
107956 47.59
7924 47.59
34742 62.33
34743 62.33
7917 34.53
7910 34.53
138238 11.89
10083 26.2
110026 26.2
150446 17.0
124818 18.59
124816 18.59
111869 23.0
50489 18.0
114711 18.0
106967 22.29
50042 22.29
35124 49.0
36019 49.0
107293 28.0
123338 34.0
115234 34.0
137533 11.0
138172 11.0
35085 14.0
53534 14.0
4971 15.29
113143 15.0
118282 15.0
125675 16.0
125956 16.0
109165 5.47
151424 35.94
52294 35.94
20450 13.0
120525 13.0
24600 44.98
115684 26.66
115810 26.66
102370 24.32
102371 24.32
133889 68.64
133888 68.64
121317 22.0
121480 22.0
107789 19.0
107915 11.0
109105 13.0
23357 30.0
5682 30.0
26818 15.0
107749 13.65
107869 13.65
9164 20.0
9163 20.0
4825 50.75
819 50.75
27039 58.32
128650 58.32
102012 20.0
27479 17.0
100387 58.43
356 58.43
35660 26.0
650 60.19
1018 60.19
100045 59.66
152265 19.67
106030 19.67
138087 34.63
138088 34.63
148456 46.5
123132 46.5
36470 12.0
140652 12.0
128706 64.77
148906 64.77
106021 61.89
148438 61.89
122017 13.86
115045 29.99
115045 44.61
15432 9.11
105698 29.77
49536 36.0
149322 36.0
28811 68.46
37574 45.53
138415 45.53
126013 30.44
110560 13.43
110558 13.43
27339 12.0
49647 32.0
106421 32.0
124862 39.59
100048 15.0
100049 15.0
31370 23.0
52774 23.0
130239 34.0
152775 34.0
125777 34.68
125773 34.68
5276 29.0
125773 29.1
126582 29.1
113681 15.0
113738 15.0
124862 36.64
27769 34.47
124869 17.18
114581 16.0
114266 24.66
114179 24.66
129320 8.0
111795 28.48
105160 19.54
105158 19.54
4566 25.43
102853 38.19
2860 27.64
5083 51.72
104542 51.72
112620 60.97
112624 53.43
51713 23.66
151485 23.66
151485 16.45
101299 16.45
104934 17.0
2862 17.0
4102 58.86
110084 62.98
7927 62.98
103714 31.0
3508 31.0
51877 15.0
26418 44.46
26418 34.33
113667 13.0
113681 13.0
126464 33.46
51208 33.46
51207 40.46
126464 40.46
51171 42.4
51326 42.4
124265 31.64
125260 31.64
101375 8.84
101915 55.0
4564 24.0
28703 42.0
127463 24.0
102327 26.87
51967 26.87
3727 31.3
123074 22.29
114896 22.29
114894 34.0
24288 58.18
48881 58.18
4899 63.21
3486 63.21
27481 36.27
127478 36.27
105488 31.94
114623 27.0
11184 13.19
111185 13.19
110857 22.0
22827 22.0
136613 43.66
153231 43.66
14548 12.0
39497 45.0
34568 45.0
14645 12.0
147766 12.0
26572 27.94
125555 27.94
100446 30.0
105465 30.0
119637 18.45
119638 18.45
106000 10.0
105829 10.0
143 35.0
100215 35.0
32648 18.0
32649 18.0
150071 25.0
114787 25.0
52576 19.0
2834 13.0
38969 39.0
38843 39.0
124999 36.62
134331 33.55
131775 43.63
38843 41.0
129428 33.51
445 59.31
105742 68.09
148388 68.09
118370 12.13
118268 12.13
52642 19.0
126856 30.0
126855 30.0
782 57.98
100387 57.98
110902 13.65
111486 13.65
50502 26.0
114421 26.0
2078 56.54
100045 56.54
122537 18.0
115339 14.0
105905 14.0
53770 33.28
139089 33.28
150296 24.0
50313 24.0
8252 16.98
108213 16.98
122242 10.0
122235 10.0
103708 18.0
122212 26.3
135629 64.3
25052 34.0
128763 54.66
30681 20.0
52654 27.0
132639 40.0
33796 25.0
34450 25.0
104026 27.85
105159 27.85
36517 14.72
50034 24.06
4389 63.99
4812 63.11
4804 64.97
48545 64.97
4189 28.0
31031 7.0
118378 16.19
118579 16.19
115020 5.0
115761 5.0
100483 27.93
482 27.93
123374 27.82
150485 27.82
50170 14.86
105960 14.86
21100 21.74
147744 10.96
109115 10.96
115506 27.59
107969 62.19
107935 62.19
11750 12.0
111485 12.0
122579 22.67
4886 64.87
103601 67.85
4094 67.85
110898 11.45
110931 11.45
123016 44.0
4892 65.65
4898 65.65
111486 15.53
110902 15.53
136927 18.0
36926 18.0
110932 13.3
110931 13.3
3194 29.51
3486 56.44
104932 56.44
50042 26.85
106967 26.85
48845 22.0
124633 22.0
121480 23.96
121317 23.96
15289 36.24
150428 36.24
25401 21.0
135054 33.0
38842 33.0
37834 68.62
119326 16.58
49784 27.0
107008 21.56
107076 21.56
31453 36.79
152759 36.79
32034 34.0
131427 15.0
47783 19.21
115055 37.66
115979 37.66
107076 35.33
149893 35.33
52871 25.0
27234 28.0
35314 40.19
49013 18.0
113170 18.0
4788 64.73
106530 24.15
150103 24.15
22571 19.19
137543 52.0
33524 52.0
126680 11.93
137252 49.53
138487 11.41
31763 11.41
52576 41.46
30927 41.46
123227 21.0
123233 21.0
115057 11.0
15749 11.0
125515 23.0
28786 64.64
128706 64.64
104958 50.0
2631 50.0
3925 24.0
32494 28.73
32496 28.73
26249 47.0
123233 13.0
123227 13.0
40847 27.24
39291 27.24
107398 50.7
107529 50.7
31340 27.0
111498 28.21
111419 28.21
25550 20.0
12412 13.0
12469 13.0
102178 13.11
119402 17.28
27469 22.3
21961 29.23
21937 29.23
124779 26.88
50799 26.88
50799 29.66
51097 29.66
113810 16.88
13886 16.88
104679 11.0
110385 10.45
110387 10.45
110931 8.64
110902 8.64
150106 31.0
115469 31.0
7909 51.44
18808 27.0
118827 27.0
122575 20.0
115469 28.0
115272 28.0
124876 25.0
32019 33.0
152456 33.0
24055 34.05
115115 15.29
50353 15.29
50502 26.0
115488 26.0
31844 25.0
32284 25.0
135345 15.0
130554 9.0
111738 20.0
111739 20.0
151949 27.0
143 27.0
49563 22.66
27113 22.66
111301 13.0
10678 13.0
129736 29.0
29734 29.0
152064 33.51
152172 33.51
105428 44.9
105427 44.9
127742 35.0
126881 35.0
136199 12.6
140272 12.6
115814 30.75
15680 30.75
125555 14.4
124666 14.4
109505 12.63
110025 12.63
122828 20.07
11442 20.07
126336 33.24
26117 33.24
111516 6.95
111727 6.95
111727 17.18
110870 17.18
1967 58.55
102008 58.55
108023 9.0
101899 59.71
22420 66.19
22441 66.19
110030 15.84
110063 15.84
24540 51.84
25401 23.0
124633 27.0
48845 27.0
139353 26.0
40468 26.0
102773 30.0
105376 26.0
5505 26.0
105383 24.0
128608 59.7
123119 26.0
149994 26.0
153876 16.48
106224 23.32
123119 23.32
16200 45.53
53391 23.51
135237 19.0
35241 16.34
35263 25.0
135264 25.0
11772 8.49
11724 8.49
35737 17.0
53244 17.0
133468 23.0
48900 63.52
105427 52.96
105428 52.96
53568 30.0
5089 30.23
28607 68.27
128608 68.27
31296 50.0
52835 50.0
136261 64.45
27275 32.0
150179 25.0
115621 25.0
39081 26.0
33358 26.0
138628 25.0
53700 34.6
53738 33.94
33522 18.0
38948 18.0
53687 31.45
39000 31.45
150439 12.86
50419 12.86
106499 37.74
149970 37.74
106423 28.45
106383 28.45
52163 24.0
111556 25.2
110558 25.2
127366 29.0
26818 29.0
26108 52.9
124539 52.9
104409 28.0
5276 28.0
5276 25.0
104334 25.0
49673 13.0
25246 17.0
123748 17.0
107514 17.87
7476 17.87
103701 15.04
3702 15.04
50341 57.52
14934 57.52
52780 37.01
152533 37.01
109105 10.45
109077 10.45
109152 19.02
109105 19.02
13837 21.0
1970 63.0
149210 20.0
2844 20.0
51701 20.0
111925 10.65
11716 10.65
103196 20.0
4194 20.0
11172 6.75
111177 6.75
121804 17.62
121811 17.62
130111 16.0
37678 23.0
152676 45.0
31553 45.0
127478 40.91
27481 40.91
111176 14.0
122739 43.25
122758 43.25
103922 26.0
3923 26.0
101012 64.92
100237 33.0
114555 13.85
132193 25.63
32195 25.63
29991 29.98
124825 41.07
107915 10.0
134191 41.66
124604 44.55
124603 44.55
32435 11.0
23579 41.0
123577 41.0
26131 37.33
101926 25.5
102318 25.5
107245 37.89
107405 39.25
102317 24.18
33632 12.0
133631 12.0
3845 33.11
3848 33.11
147756 30.59
31241 8.0
107639 16.0
107676 16.0
31330 34.0
32505 34.0
31328 4.24
52234 14.0
133963 58.62
103726 30.3
103731 30.3
391 64.59
100402 64.59
105394 33.51
105403 33.51
100018 17.0
148853 28.4
48848 28.4
53517 16.53
53193 16.53
39158 14.0
53729 14.0
10459 21.1
38029 21.0
34462 21.0
6822 24.59
106823 24.59
34585 52.04
12469 9.0
112361 9.0
27665 53.7
52512 27.0
152456 30.0
32019 30.0
27665 56.29
128816 52.24
128829 52.24
134355 27.0
34359 27.0
126464 43.0
51207 43.0
118827 24.35
18808 24.35
121073 33.82
20757 33.82
114896 17.28
114880 17.28
20748 21.05
20757 21.05
119165 25.28
119215 25.28
139865 45.0
139862 45.0
119377 20.05
152775 33.51
52918 16.43
53818 16.43
105698 30.0
126463 45.0
51208 45.0
49544 29.0
27567 29.0
105899 23.0
125639 34.0
126463 34.0
126022 15.0
125017 15.0
110902 12.3
110898 12.3
115792 24.32
150439 24.32
11469 10.0
115020 5.0
115761 5.0
151139 22.0
111549 15.77
111438 15.77
27077 19.37
129672 24.0
49353 24.0
104867 14.0
152214 22.29
101956 22.29
28593 73.77
104059 23.2
151640 23.2
33745 39.11
37349 22.0
24616 14.0
24615 14.0
34380 40.0
53882 40.0
49610 14.0
103496 14.0
2044 14.0
122786 22.07
114757 27.0
150534 27.0
131870 33.0
52758 18.0
52850 18.0
12448 46.64
112370 46.64
133862 54.02
133859 54.02
121408 12.0
125686 53.0
25149 53.0
33884 69.84
133883 69.46
33882 69.46
2575 20.06
51871 28.93
134443 66.59
33868 66.59
10032 45.0
12621 45.0
2177 15.77
128667 25.0
24596 56.55
124825 56.55
21113 21.0
48973 69.85
49020 15.0
118905 15.0
119110 11.0
49020 11.0
33172 39.36
149407 15.0
24060 18.15
18857 10.0
118859 10.0
33079 23.56
33001 23.56
3402 28.0
129474 35.75
129473 35.75
52059 36.0
104809 36.0
105197 21.94
104490 21.94
132043 37.02
30382 37.02
12775 17.0
13083 17.0
43620 34.0
129078 34.0
103964 20.0
102962 20.0
122580 21.88
127352 28.0
129672 28.0
33877 67.62
4907 58.84
105115 58.84
135436 33.75
136133 33.75
3139 15.85
150439 12.86
50419 12.86
131138 37.84
31137 37.84
47746 71.45
102673 29.68
2674 29.68
133866 67.51
33865 67.51
101299 14.53
151485 14.53
102962 17.0
111780 40.33
111478 40.33
7900 12.0
103986 59.61
15780 10.91
4424 25.01
104427 25.01
49453 21.0
26978 21.0
28240 11.0
33695 27.72
138832 32.46
138953 32.46
36195 16.0
132239 37.0
30018 37.0
48650 50.55
34013 44.5
40550 44.5
120724 18.87
120726 18.87
114623 21.63
118605 17.32
49023 17.32
125078 51.33
126172 51.33
123856 34.0
125926 34.0
122725 41.65
22623 41.65
125161 35.82
24981 35.82
127744 45.9
127743 45.9
122615 28.0
122901 28.0
122421 19.0
122418 19.0
53889 28.02
34423 33.86
134869 33.86
1 25.89
102403 25.89
52476 17.0
122180 30.15
125930 34.0
125932 34.0
139469 15.21
139092 11.0
100532 15.0
148487 38.84
150857 34.0
126380 34.0
51908 49.3
32898 30.0
31305 30.0
114149 26.64
150562 26.64
52835 29.0
31292 29.0
104427 33.07
4428 33.07
31260 44.31
114736 13.95
31311 42.0
152676 42.0
23425 12.0
114115 12.0
115299 7.62
115369 7.62
151485 27.11
51713 27.11
14102 27.53
14067 27.53
20998 19.87
121007 19.87
13738 20.0
24284 64.78
2748 32.51
5003 32.51
101957 26.09
101956 26.09
136440 63.33
36441 63.33
101956 19.16
152214 19.16
102317 32.0
102318 20.0
101926 20.0
30000 75.0
53039 34.0
129833 73.66
110030 10.0
32154 74.89
152873 74.89
130053 21.6
31955 21.6
113170 18.2
49013 18.2
104885 62.53
105060 62.53
151640 16.36
3304 16.36
18967 24.0
130789 18.0
106030 18.0
152265 18.0
127375 35.35
134367 22.0
139593 22.0
126031 21.0
105779 16.36
120840 14.0
120846 14.0
152438 28.0
53861 29.0
134355 29.0
127003 32.0
127868 37.0
128369 37.0
51178 33.0
25510 33.0
111516 35.23
122824 35.23
50173 29.19
150206 29.19
7186 14.18
24287 62.85
124286 62.85
105673 6.67
135632 58.71
34043 58.71
114152 32.73
114301 32.73
10574 14.0
121300 17.14
19762 17.14
133070 11.0
32138 11.0
33057 30.55
2575 20.0
102576 20.0
123082 22.8
34359 27.0
53679 27.0
49918 32.0
115970 32.0
23079 6.31
105903 6.31
119365 29.51
150103 15.39
106530 15.39
107171 18.0
150103 18.0
28613 30.21
148797 44.0
123217 35.72
28873 42.0
15749 24.0
115057 24.0
50888 9.0
128587 9.0
28743 23.42
129210 23.42
23919 24.0
49574 25.0
25574 35.66
52393 40.71
52399 40.71
131623 41.11
5038 36.14
138049 7.0
38048 8.0
114301 37.62
114148 37.62
106146 17.0
123261 17.0
50474 21.0
106140 23.0
135349 15.77
140487 15.77
37433 9.0
37275 9.0
2015 39.51
138050 9.0
42051 9.0
35350 10.62
136903 10.62
23915 53.0
127306 18.0
127305 18.0
129121 36.2
126886 36.2
37040 25.0
150234 14.28
108325 15.0
38842 30.0
135053 30.0
18857 19.0
120999 43.21
21015 43.21
107171 22.92
50173 22.92
150206 11.05
50210 11.05
102344 39.0
5073 39.0
32989 33.0
152456 33.0
152457 36.0
52458 36.0
49023 19.0
118605 19.0
126856 30.0
2014110 28.0
2014111 28.0
106907 18.0
105800 18.0
122788 19.32
50604 19.32
49982 22.32
124669 30.0
106878 29.67
106166 29.67
50051 24.46
53035 32.36
53538 32.36
38092 33.29
123982 18.53
123980 18.53
52744 36.3
130623 36.3
36470 23.66
134784 23.66
11525 2.0
2145 28.0
100291 28.0
127016 18.0
48784 35.64
101050 35.64
28076 30.0
9836 13.0
121672 35.0
121600 35.0
135237 18.0
14036 22.29
14040 22.29
26690 22.0
125561 22.0
150057 24.0
12464 20.09
33468 12.0
152533 40.6
52780 40.6
53738 8.0
34426 8.0
103993 20.94
124814 14.94
24813 14.94
152805 20.0
108353 11.0
108319 11.0
113719 19.0
13668 19.0
112480 13.0
14057 13.0
124618 26.0
24619 26.0
138850 37.58
131623 40.61
52393 40.61
51278 20.0
26205 20.0
153777 20.0
140724 25.71
53923 25.71
32796 4.0
127575 29.0
124869 31.57
148403 28.0
105816 28.0
149532 32.0
8442 12.12
109123 12.12
109168 6.79
109088 6.79
49574 36.33
50338 18.28
100051 12.0
114256 7.0
26372 19.0
115238 14.0
153777 18.0
149534 21.07
49552 21.07
32336 33.0
32337 33.0
26572 17.0
122234 16.0
122242 16.0
115852 18.15
107019 18.15
122286 31.0
121726 18.62
122017 18.62
47763 33.84
150215 33.84
122212 30.0
149489 38.0
128014 38.0
125982 61.58
25979 61.58
115419 25.6
106851 25.6
34676 18.0
135692 18.0
119325 15.0
119365 15.0
34568 44.0
39497 44.0
142017 34.3
42021 12.37
142017 12.37
37835 71.65
122533 16.0
123397 10.0
10436 10.0
110434 10.0
50080 22.0
150101 22.0
128634 56.0
127122 15.0
115601 15.67
122994 32.74
114946 32.74
110063 14.0
110057 14.0
22571 23.0
49754 23.38
107058 23.38
124043 52.22
24044 52.22
40432 26.0
33468 26.0
28758 27.0
149361 27.0
104648 26.0
153777 20.66
31767 28.61
131768 28.61
34085 37.66
134077 37.66
2631 42.44
103949 42.44
102712 26.67
51701 26.67
4415 23.0
121243 20.48
106378 6.59
150015 6.59
31389 32.0
29988 32.0
32394 8.0
32519 8.0
127199 49.42
147965 40.0
53696 16.0
34380 16.0
38393 26.19
134101 61.19
122180 17.89
122181 17.89
115885 23.0
123234 23.0
101214 14.0
103582 14.0
151173 33.75
124101 33.75
4395 70.61
32151 74.44
29994 74.44
120669 13.0
118689 19.0
118780 19.0
15301 29.5
51337 29.5
34385 24.0
153967 24.0
120678 12.0
50476 20.63
150472 20.63
132905 14.0
118595 7.97
118594 7.97
47950 58.65
35506 48.99
133070 32.0
130337 32.0
13975 8.21
14036 8.21
35515 34.92
36237 34.92
42081 13.65
33545 71.67
11906 9.0
39184 36.74
133462 36.74
113075 19.0
113096 19.0
132256 36.25
102832 14.0
101133 14.0
18232 12.0
118016 12.0
103990 25.0
119123 24.67
151911 19.0
148454 51.08
19289 17.0
102042 15.88
105578 15.88
15316 36.35
148372 37.09
128784 61.61
105514 36.44
51668 27.21
102832 27.21
100099 47.69
100099 35.79
110085 23.0
7962 37.17
7913 37.17
109260 46.66
111478 43.28
107266 51.98
148485 51.98
11750 15.91
10831 10.43
111485 10.43
109143 13.66
109115 13.66
119064 12.72
119062 12.72
11778 26.58
147744 18.91
31450 67.69
130530 21.87
30531 21.87
134331 33.55
32796 11.0
131455 66.77
129026 33.0
127431 33.0
125096 18.0
26003 18.0
123082 18.94
105944 18.94
127175 3.82
139862 42.58
139865 42.58
129717 27.0
129428 20.0
28240 20.0
1580 61.89
101014 61.89
30285 67.72
152775 32.0
40016 23.91
33371 23.91
25776 41.31
126582 35.15
122643 12.0
25873 28.82
125527 28.82
131458 67.66
31459 67.66
130197 36.57
32296 36.57
28049 25.66
35194 19.01
35193 19.01
50654 21.0
53155 11.0
53156 11.0
53244 20.0
35737 20.0
7909 51.19
47820 51.19
130110 43.0
130111 43.0
137501 49.38
34103 49.38
40393 32.0
22748 57.51
22752 57.51
50831 30.25
118396 13.0
118205 13.0
19762 21.0
121300 21.0
149407 16.0
53535 22.0
136739 22.0
15963 21.73
138755 42.49
33451 70.12
149667 37.22
122966 37.22
11724 8.7
11772 8.7
53391 23.0
107816 24.0
38880 32.77
39745 32.77
128338 17.0
104493 50.0
24595 46.1
26130 46.1
114312 14.0
123367 14.0
30701 36.98
30700 36.98
23601 60.68
125982 60.68
137666 24.14
37668 24.14
31821 44.07
22471 14.21
137188 38.52
140272 10.8
53868 30.28
140612 30.28
49552 29.64
149534 29.64
138172 19.0
137536 19.0
30272 48.93
100614 29.0
100767 29.0
103750 29.11
151749 29.11
152394 33.76
31797 33.76
28062 25.62
10347 13.89
10535 13.89
101247 14.0
103993 14.0
38245 25.0
138250 25.0
10955 10.0
10978 10.0
117877 13.32
117899 13.32
22503 23.0
135347 8.18
35348 8.18
23950 27.52
126488 27.52
130111 16.0
37342 36.9
137344 36.9
21170 19.58
120627 19.58
102832 23.51
51668 23.51
153115 28.0
131284 28.0
131286 27.0
48898 18.15
50170 18.15
102962 18.52
103964 18.52
30927 37.0
52576 37.0
32905 26.0
130115 26.0
33239 19.0
122259 11.0
122234 11.0
33414 28.0
139166 28.0
3849 24.69
125932 29.33
124930 29.33
103948 60.54
4102 60.54
35968 43.91
53124 43.91
32639 17.38
30591 27.05
130592 27.05
31902 47.65
52508 21.0
125956 19.0
31868 24.0
131870 24.0
153922 46.97
125620 36.35
51262 34.33
125614 34.33
52388 52.99
107785 14.0
107633 13.0
107632 13.0
114894 33.89
31241 24.66
130843 24.66
134784 20.0
36470 20.0
49664 47.0
115173 47.0
117778 22.0
52767 18.0
32843 18.0
123327 28.0
50250 28.0
102610 17.64
52271 17.64
122628 24.63
122624 24.63
129124 19.41
129123 19.41
50245 20.0
106760 20.0
107171 28.64
125963 8.56
125017 8.56
104934 8.0
26205 9.0
51278 9.0
135345 15.0
31891 20.0
31892 20.0
128587 12.0
50888 12.0
151038 20.0
148853 11.0
106479 28.89
106806 28.89
103993 15.83
101247 15.83
39586 21.86
138644 21.86
22154 17.51
122101 17.51
150206 30.76
50173 30.76
153659 35.0
39062 35.0
152409 55.81
50108 14.0
105897 14.0
139509 41.0
26165 47.33
125693 47.33
35759 33.56
135757 33.56
40531 34.38
53404 34.38
3039 16.0
40847 29.64
53733 29.64
32019 35.0
124710 56.53
101824 31.58
51882 31.58
128062 19.0
121403 23.32
21407 23.32
150131 14.0
126832 11.0
129088 11.0
136739 12.48
53535 12.48
121408 18.83
140443 15.0
119499 12.81
119745 12.81
125201 25.63
124846 25.63
22781 20.0
130708 20.0
130712 20.0
122648 22.0
122643 22.0
149287 22.0
4194 21.0
124846 31.0
125201 31.0
129765 33.17
29768 33.17
33468 30.64
133471 30.64
49090 15.0
107433 15.0
122553 21.58
122580 21.58
114726 26.2
123342 26.2
25025 24.92
108325 8.0
114844 38.47
123203 38.47
118242 10.0
117993 10.0
33703 20.0
125734 22.0
125034 22.0
120546 25.15
118635 25.15
18015 12.0
112900 12.0
114148 39.15
114301 39.15
100789 36.0
126876 35.39
150071 21.5
106530 21.5
49828 23.21
15963 23.21
35300 40.63
134122 40.63
138088 32.08
138087 32.08
129892 39.0
127431 39.0
140652 16.0
36470 16.0
117899 16.0
117877 16.0
30578 38.29
130577 38.29
150521 13.0
28496 29.0
50414 15.0
105848 15.0
114442 25.0
50414 25.0
50250 26.0
123327 26.0
106760 23.0
50245 23.0
103174 12.6
100958 22.0
51729 22.0
51255 23.85
110063 19.41
110064 19.41
22924 10.38
110404 10.38
51190 36.0
104354 16.89
5071 16.89
4988 16.0
4216 19.0
34454 68.82
133889 68.82
53126 55.77
136270 55.77
28381 35.33
24301 62.34
49610 18.39
149609 18.39
52670 38.0
131670 24.0
26130 38.99
134442 65.51
118205 13.0
118396 13.0
52736 41.0
34162 26.0
135150 26.0
149739 13.87
102181 14.88
101954 14.88
130098 30.0
52670 30.0
4842 55.77
37429 16.0
105333 40.0
100820 40.0
53818 34.21
153817 34.21
139032 28.0
52964 24.0
34454 55.81
115621 24.09
150179 24.09
40564 26.0
40569 26.0
119148 11.31
20284 11.31
110328 13.0
10313 13.0
138993 25.0
53719 25.0
11444 8.22
110556 12.0
112872 12.0
34300 39.99
139392 39.99
39033 45.0
35015 45.0
53767 29.0
33386 29.0
153840 31.99
53924 31.99
153702 27.0
134320 27.5
4418 25.01
31382 12.0
114765 7.0
114683 7.0
128369 39.0
54273 39.0
149627 23.0
127868 23.0
10454 14.0
110449 14.0
50419 10.59
150439 10.59
122537 17.59
122524 17.59
122538 22.0
122537 22.0
122541 25.0
52404 41.31
53679 33.0
34359 33.0
34584 18.44
34038 18.44
132378 31.84
32382 31.84
6323 27.75
111162 7.19
10853 16.62
110895 16.62
104524 24.0
126042 22.87
124999 22.87
137369 25.68
37370 25.68
13751 17.0
113810 17.0
24354 24.0
37083 17.61
37081 17.61
27880 16.93
129073 16.93
107433 15.0
151900 37.38
105330 37.38
36149 26.34
133564 29.44
123367 34.73
114312 34.73
12629 9.0
12398 9.0
101066 22.13
103677 22.13
36149 20.0
36396 20.0
48398 38.06
48400 38.06
114719 26.68
120036 26.68
50548 27.66
50535 27.66
133376 41.63
33379 41.63
132460 21.0
130058 21.0
30526 11.0
111205 14.0
11204 14.0
33382 37.0
53767 37.0
33379 45.9
33380 45.9
30922 32.0
130165 32.0
36016 60.32
24289 66.78
114667 5.25
127030 8.0
128166 8.0
117857 16.0
127355 16.0
30906 31.0
47755 21.0
104835 63.15
103518 16.0
22279 19.0
122284 19.0
11781 39.51
11779 39.51
110992 7.07
53959 27.63
136315 27.63
4375 56.31
104376 56.31
4378 59.0
4737 59.0
104379 60.71
4399 60.71
4398 68.42
138050 7.3
52388 52.3
52388 46.09
52388 52.03
117792 14.83
117778 14.83
129976 14.0
31708 14.0
35827 56.37
35826 56.37
124594 50.07
123924 50.07
119126 26.17
118996 26.17
35133 36.33
52890 36.33
140753 31.6
39023 31.6
48371 47.98
1835 47.98
111560 11.08
10911 11.08
103518 14.0
111177 16.32
11172 16.32
119123 13.3
119117 13.3
33356 55.41
133357 55.41
134620 60.99
36437 60.99
12143 24.0
5095 14.0
104730 14.0
113699 8.64
126488 42.44
125078 42.44
101785 8.0
104809 40.55
4686 40.55
104462 19.0
52059 19.0
135246 63.22
397 40.0
391 40.0
51653 31.04
121810 18.0
122017 18.0
52752 33.96
103369 55.1
2019 55.1
104917 33.0
132142 24.0
33515 66.18
18297 20.43
118358 20.43
51879 43.63
51802 34.63
66 34.63
3385 43.17
102039 43.17
100370 11.0
3384 33.26
3385 33.26
130058 10.0
131024 8.0
115844 16.11
130074 19.0
109967 14.85
9947 14.85
152676 20.0
31311 20.0
150853 21.0
107743 17.0
107743 13.65
109206 13.65
31292 18.56
52835 18.56
48453 26.91
100370 35.35
10853 47.65
111693 47.65
148996 32.96
111498 32.96
33386 24.0
53767 24.0
25550 32.75
26572 32.75
40147 35.0
140150 35.0
4971 18.24
101468 18.6
51430 18.6
5121 30.07
101468 30.07
31161 16.03
33292 16.03
107634 14.0
107585 14.0
125773 34.67
126031 32.44
26166 62.65
26175 62.65
118965 17.0
118991 17.0
3017011 32.0
3017010 32.0
33979 24.3
138944 24.3
122664 10.0
22508 21.83
122627 21.83
132273 29.59
114839 25.08
14548 25.08
11886 9.0
31967 15.0
131206 15.0
100780 58.57
3354 58.57
1715 30.0
114302 19.41
150553 19.41
27867 21.0
150863 27.98
50768 27.98
104809 27.0
52059 27.0
24505 9.65
124262 9.65
33343 15.0
104492 44.0
5095 44.0
103424 26.0
35781 13.0
151279 27.0
388 57.96
113075 18.0
102147 40.42
5513 40.42
5240 12.0
130637 41.54
130640 41.54
124307 37.67
125457 37.67
126148 61.73
25673 61.73
122286 10.83
52737 41.0
122242 12.0
122234 12.0
11554 44.64
11530 44.64
115124 16.22
7243 16.22
126921 72.21
149574 32.0
28743 33.88
36097 41.46
115284 40.0
115168 40.0
22291 23.5
35371 40.15
25063 12.0
101899 56.85
53818 10.12
52918 10.12
40012 28.74
35411 28.74
105897 15.0
50108 15.0
151313 38.77
124043 38.77
26631 22.0
134527 49.59
134526 49.59
36044 18.53
136045 18.53
103679 19.0
100231 19.0
137369 32.93
118180 14.35
118368 14.35
19470 34.91
19455 34.91
7786 18.28
107869 11.0
105672 13.0
105673 13.0
103550 2.57
28626 68.85
127828 68.85
20361 20.76
31832 21.0
28779 61.02
103628 5.02
100035 5.02
4102 58.6
104042 58.6
127776 37.0
34115 20.0
36909 20.0
134678 27.68
133719 18.0
48529 45.36
15204 45.36
4090 57.03
3968 57.03
122816 20.43
122793 20.43
149844 48.48
123076 48.48
51692 14.65
100532 14.65
115907 37.78
106544 37.78
23425 30.0
50170 30.0
122966 34.23
149667 34.23
115324 19.5
122994 19.5
7377 63.86
129210 26.07
28743 26.07
4566 7.18
106806 31.73
106479 31.73
150446 22.85
104530 21.28
4529 21.28
50572 23.0
114148 23.0
51924 37.14
126966 12.0
52737 36.0
28743 21.0
149574 21.0
149574 29.0
51058 23.0
124760 23.0
53256 15.0
124045 55.0
130111 20.0
52840 20.0
104065 27.74
100958 27.74
126044 65.47
26046 65.47
37678 21.46
140169 21.46
126031 33.16
151261 33.16
15780 26.0
24537 21.0
150938 21.0
125561 21.0
24537 21.0
124763 39.0
50852 39.0
147765 7.0
2452 11.72
3554 11.72
112438 14.54
112135 14.54
114896 21.32
114886 21.32
51287 34.0
151311 34.0
14548 10.0
123374 14.0
150559 23.63
114623 23.63
26278 33.81
107911 49.92
26061 28.3
25851 28.3
123982 17.86
126270 17.86
123555 22.78
125793 22.78
150460 31.74
114266 31.74
106143 31.0
123261 31.0
106154 7.0
106146 7.0
150103 22.85
107171 22.85
5150 7.0
13626 14.0
113681 14.0
128494 23.0
37360 48.0
53039 48.0
51737 32.0
51374 32.0
152676 42.0
52375 27.0
4298 27.0
51661 32.0
102579 32.0
102344 35.0
150863 29.0
133637 24.47
23608 16.0
149456 56.55
26997 56.55
120036 11.0
122213 23.0
149204 23.0
149210 25.0
100483 23.0
100486 23.0
133013 37.11
51737 28.0
101432 28.0
106763 32.0
105791 32.0
108092 13.0
9183 13.0
108070 19.0
3424 9.23
100446 60.33
444 60.33
107602 20.54
107705 20.54
121184 19.06
121246 19.06
105804 35.36
106643 35.36
37081 27.33
37083 27.33
137245 54.46
131623 51.73
151380 23.0
104204 23.0
105900 19.0
150196 19.0
150196 21.92
150198 21.92
33190 25.0
27016 24.0
112758 15.0
103581 25.49
103582 25.49
28479 20.0
36844 28.77
34868 28.77
134855 33.0
24158 9.0
1355 17.0
101197 17.0
150490 20.69
114283 20.69
2844 32.0
102712 32.0
125166 26.27
150521 20.0
50523 20.0
118013 13.0
18232 13.0
33071 12.47
133070 12.47
110585 11.0
110611 11.0
129785 29.0
22927 11.0
110615 11.0
110997 11.0
110996 11.0
29942 52.68
110561 14.0
53679 31.53
53743 31.53
51362 18.0
50438 24.07
14518 23.43
50767 17.45
106308 28.0
114450 28.0
120600 26.14
30815 20.0
100618 5.0
151370 5.0
114450 28.0
114442 28.0
114577 25.0
114581 25.0
35839 14.48
53095 14.48
105208 16.5
52358 16.5
30572 43.88
51086 37.77
24372 37.77
10954 8.78
11566 5.02
134355 32.0
53861 32.0
18471 14.0
48405 56.28
36185 27.69
51882 33.52
151786 33.52
50170 24.57
23425 24.57
27118 36.24
139332 10.75
39331 10.75
53738 27.0
129948 52.64
35695 7.59
135403 7.59
106421 29.0
49647 29.0
48931 15.53
111469 15.53
35695 19.22
104047 34.59
150539 30.0
150542 30.0
27113 27.0
49563 27.0
127122 37.66
11772 7.0
40578 16.51
7927 63.5
107969 63.5
106670 14.0
106073 14.0
114414 23.0
114274 23.0
14274 17.0
112716 14.0
112651 14.0
22318 29.37
122316 29.37
114309 36.33
114152 36.33
10058 6.21
52151 10.0
9836 12.0
125849 30.0
134767 53.74
100385 23.0
409 23.0
133294 15.11
149574 9.0
28743 9.0
30149 14.0
31120 14.0
126876 39.28
49370 39.28
25973 21.0
125784 21.0
23581 23.0
125595 23.0
148458 9.0
11586 15.7
118357 18.0
113143 18.0
152775 36.0
130239 36.0
153864 20.0
150553 14.0
101954 20.0
102181 20.0
118661 14.0
18696 14.0
105465 35.56
25849 35.94
136849 27.0
53193 14.65
53247 14.65
53247 25.66
136065 25.66
35228 29.21
52933 29.21
148883 63.5
129854 63.5
50527 26.0
114613 26.0
122627 26.18
122628 26.18
150101 24.0
149483 38.58
127711 38.58
104934 10.0
104570 22.0
4566 22.0
101957 23.0
101946 23.0
50338 22.0
39193 18.0
37554 21.0
42008 21.0
126335 18.0
126648 18.0
48850 36.0
36150 19.0
138454 11.0
42008 24.0
39684 32.37
104616 13.0
5052 13.0
48514 66.85
104054 30.0
103286 30.0
138957 23.0
148522 63.24
148520 63.24
115036 61.69
148508 61.69
127212 25.58
127207 25.58
109152 6.0
109151 6.0
133611 22.91
42002 22.91
33623 35.01
14645 16.68
147766 16.68
30000 71.77
130347 71.77
120796 19.64
121118 19.64
21113 23.0
121118 19.0
21801 19.0
136782 21.97
36783 21.97
37624 28.0
133784 30.72
33783 30.72
133898 66.64
33899 66.64
39100 30.0
139101 30.0
130335 39.76
32562 39.76
121765 24.0
121804 24.0
36161 48.83
52794 12.0
112370 33.45
123748 43.82
150671 43.82
107734 16.0
107705 16.0
107602 13.0
22970 32.77
6771 32.77
134517 6.0
36562 6.0
50830 39.11
136028 36.76
36029 36.76
123397 12.0
132069 21.66
115469 29.0
50080 29.0
107058 30.0
49754 30.0
114787 22.5
150071 22.5
136278 61.44
34638 61.44
4460 26.0
100767 28.97
100614 28.97
52576 24.0
107198 25.86
23317 25.86
24154 25.0
136517 32.0
34060 52.0
53534 21.0
35085 21.0
138172 10.0
110772 10.0
111333 10.0
135485 35.69
34699 35.69
111469 24.47
110898 10.0
110902 10.0
114196 21.0
114346 21.0
122403 25.41
139166 30.0
23436 22.92
14932 22.92
32905 24.0
3394 26.66
14548 12.0
114839 12.0
153922 48.88
52841 24.0
126881 15.0
21170 12.8
120621 12.8
153777 15.79
133458 37.0
134077 37.0
33397 16.0
33395 16.0
123125 25.2
106587 25.2
127006 19.0
27007 19.0
27559 22.0
126177 63.91
26166 63.91
52778 20.0
130249 20.0
25673 58.88
126199 58.88
140331 31.0
30880 31.0
104530 27.32
51867 27.32
100981 15.0
101310 15.0
140272 13.0
136199 13.0
53274 18.0
117778 20.0
119212 20.0
26809 58.43
5252 63.95
104397 63.95
148497 27.0
152873 75.0
30000 75.0
100048 19.0
132439 42.0
128763 57.87
26809 57.87
30995 70.66
30994 70.66
32138 25.34
51729 18.0
126866 73.66
129833 73.66
13975 4.7
100820 44.76
105333 44.76
105883 44.52
106602 44.52
148378 54.36
148375 54.36
28618 64.09
48828 64.09
2834 16.43
5383 7.0
50263 60.81
102773 27.0
5505 24.99
105376 24.99
151303 28.0
147766 51.11
148532 51.11
37350 42.09
37349 42.09
147809 21.0
122793 25.17
152753 17.0
152517 17.0
22550 24.06
122554 30.02
122537 30.02
122537 26.0
122538 26.0
103676 24.05
152432 49.77
130664 49.77
103335 6.67
36423 20.0
35660 20.0
31285 20.0
51982 31.66
102097 31.66
47795 47.11
105383 34.16
151826 34.16
100886 27.6
909 27.6
108023 8.0
108064 15.0
52670 28.0
130098 28.0
114790 24.0
388 56.96
100780 56.96
53700 34.0
34359 34.0
36786 36.27
22339 31.87
11537 42.46
11542 42.46
22747 56.0
22751 56.0
20998 19.87
121007 19.87
10535 13.31
105383 25.41
151968 3.28
34086 66.75
134087 66.75
21050 22.43
21053 22.43
10886 13.5
10894 13.5
111177 9.53
10911 9.53
130678 34.45
130827 34.45
5875 33.51
111703 11.0
110895 11.0
6107 16.53
115419 16.53
135637 13.0
137367 54.0
140443 22.0
658 28.46
52933 28.0
35228 28.0
128062 8.35
129088 15.0
126832 15.0
149534 15.0
126731 15.0
107898 25.0
107920 25.0
103725 14.0
567 14.0
27002 51.23
127003 51.23
122531 17.0
14214 9.26
121687 9.26
105905 21.25
149844 21.25
122529 28.0
51356 11.0
123640 11.0
118994 11.0
118965 11.0
35631 58.96
133992 58.96
135632 57.42
36521 47.22
134803 47.22
34094 65.16
36960 67.37
103196 18.0
104184 11.0
4152 11.0
34462 21.6
37291 21.6
124219 37.0
123620 37.0
106610 33.0
51872 21.0
51300 20.25
120956 10.0
137252 54.72
37668 46.26
37672 46.26
151754 30.0
51763 30.0
114320 15.12
114159 15.12
150460 14.0
31981 28.0
130150 28.0
107054 11.0
123339 11.0
149239 18.0
121610 18.0
51919 27.0
36396 19.0
36149 19.0
51919 30.0
115299 5.55
115758 5.55
33563 69.5
135829 69.5
149545 32.0
105996 16.0
106383 16.0
7360 19.0
107339 19.0
31354 26.0
130875 26.0
101785 27.0
103586 27.0
36646 39.0
137713 39.0
150356 35.62
150375 35.62
153426 37.31
51750 30.94
129073 17.21
27880 17.21
103708 22.32
4987 41.0
131383 26.75
106383 24.56
105996 24.56
25081 57.66
150969 32.0
114613 32.31
50527 32.31
100745 39.58
100820 44.76
105333 44.76
2043 20.43
137811 72.13
123278 15.43
139117 38.31
123856 23.69
51275 23.69
123555 28.13
23554 28.13
124816 36.54
137759 44.0
126640 51.32
29839 42.0
149361 35.0
28758 35.0
128312 23.0
109151 12.81
109152 12.81
105159 23.92
104026 23.92
1059 7.38
128745 30.0
149627 30.0
22752 63.08
133698 17.0
11691 18.0
110902 12.3
110898 12.3
4647 26.32
106134 26.32
119132 24.18
18808 24.18
117887 15.0
119390 17.14
123056 33.53
105791 33.53
101899 60.28
34765 28.0
53416 28.0
53725 47.0
53625 47.0
29049 14.0
128217 22.0
126730 22.0
105574 36.21
151900 36.21
21071 34.66
124818 14.0
118224 13.0
118230 13.0
19049 21.14
119062 21.14
11691 17.0
107970 69.41
107968 69.41
120107 22.0
119942 22.0
39900 30.22
53754 30.22
119745 11.0
119499 11.0
153789 21.0
53919 21.0
153961 31.0
49315 64.33
29843 64.33
27339 22.0
50034 30.38
7400 29.0
122248 25.0
107587 12.0
118358 20.0
118336 20.0
50943 12.0
6762 19.0
48978 58.23
48979 58.23
130899 48.2
51040 18.0
126285 18.0
37759 26.0
35411 16.0
52861 31.13
32556 31.13
32557 41.27
52861 41.27
124358 29.0
100086 18.0
51362 18.0
5381 15.65
52331 17.0
153922 50.46
53126 53.0
36736 53.0
129339 19.0
126740 24.0
129488 24.0
53725 38.86
33695 38.86
108070 19.04
108073 19.04
3588 33.98
149769 34.98
115180 34.98
113097 19.0
113082 19.0
519 16.43
103939 31.0
54277 31.0
112480 14.0
111869 14.0
1745 24.0
151761 21.0
102728 21.0
139593 23.92
134367 23.92
5535 58.77
773 58.77
33507 32.09
36736 54.3
53126 54.3
121073 19.04
106134 24.0
4647 24.0
131591 33.64
139469 23.0
48468 56.96
7250 56.96
4015 22.71
104100 22.71
3829 23.0
35014 21.0
53694 21.0
34000 38.0
101876 50.32
103731 35.79
103726 35.79
153777 20.0
3095 4.21
103518 4.21
51956 40.07
4849 40.07
24285 68.69
114880 13.0
114896 13.0
2043 18.84
121011 30.43
120999 30.43
105299 8.0
103478 8.0
134455 57.43
33948 57.43
4194 8.0
103196 8.0
102883 30.22
102884 30.22
129291 24.0
106643 20.9
105804 20.9
105153 19.0
49366 35.0
123014 24.09
105981 24.09
105791 31.0
106763 31.0
39118 58.0
126649 44.71
26151 44.71
105816 30.55
148403 30.55
10091 9.0
9135 27.41
52803 11.0
111438 52.87
11500 53.99
53680 43.0
53668 43.0
101014 65.44
101012 65.44
147804 7.0
34340 20.0
39467 20.0
134339 25.0
139593 25.0
34377 26.0
53868 26.0
107970 69.02
120351 32.46
117838 18.74
117857 18.74
50572 24.0
50580 24.0
113160 13.28
113221 13.28
111556 26.92
111507 26.92
110558 28.33
111556 28.33
13222 20.21
112798 20.21
129373 65.42
29841 65.42
51300 22.27
124858 22.27
135485 44.07
52022 34.0
34276 36.85
136221 36.85
36214 25.94
40343 25.94
136216 47.07
50599 22.0
50603 22.0
130785 10.0
152422 11.0
50603 24.07
150598 24.07
32505 5.51
31330 5.51
31330 27.0
128644 49.0
26089 49.0
118204 29.0
118205 29.0
32058 45.48
31241 28.0
34518 27.66
33399 27.66
47740 19.87
107819 17.82
107967 17.82
19320 18.64
119529 16.0
119538 16.0
27198 46.51
146615 46.51
121826 19.59
122001 19.59
21973 23.32
121826 23.32
111738 18.0
110595 18.0
130346 72.33
4788 63.81
100044 54.86
39567 14.0
53887 14.0
33695 29.11
21548 18.28
121478 18.28
120825 18.0
120807 18.0
128109 26.0
42021 14.0
5019 25.98
5292 25.98
114015 16.0
100790 32.06
101691 32.06
148392 69.97
148390 69.97
24507 32.0
142095 26.0
125960 26.0
103051 14.0
126174 64.33
31591 41.18
131582 41.18
33239 15.43
31638 15.43
30878 19.0
130875 19.0
27383 70.86
127384 70.86
112109 17.0
12541 17.0
124714 60.04
24713 60.04
109123 10.87
109168 10.87
53818 10.12
52918 10.12
26151 30.0
49642 22.54
49640 22.54
126114 59.65
126176 63.22
126174 63.22
112523 9.28
112522 9.28
18284 54.07
18381 54.07
33928 39.66
33745 39.66
33379 41.71
153689 41.71
105783 24.77
106681 24.77
153792 40.31
35082 42.09
134192 42.09
115761 16.0
115020 16.0
124668 19.0
125017 17.0
126022 17.0
100790 35.0
27836 67.89
127846 67.89
153967 20.0
153969 20.0
35772 13.0
37212 27.0
110932 13.3
110931 13.3
35411 45.91
33524 45.91
113738 12.0
113681 12.0
113853 12.0
113738 12.0
106154 12.0
36357 59.17
36359 59.17
114179 31.14
14321 31.14
25824 12.0
125247 12.0
130988 47.35
131768 47.35
151261 30.0
151234 15.43
5240 35.53
5279 35.53
133966 54.42
49424 24.0
150101 26.0
50080 26.0
101932 34.0
151831 34.0
23216 41.29
23220 41.29
138571 31.0
32435 31.0
130115 31.0
126908 17.0
126901 17.0
21088 11.0
115814 21.0
110499 14.0
110494 14.0
10316 12.0
150459 18.0
150472 18.0
50476 18.0
114283 18.0
107960 26.16
150598 20.0
50603 20.0
50603 29.35
50599 29.35
151303 33.0
151284 33.0
106610 35.66
48370 35.66
53093 21.71
135440 21.71
134614 73.74
103483 44.55
105199 44.55
125281 33.94
125282 33.94
14067 35.72
112624 35.72
148485 52.08
148454 52.08
101929 43.0
101932 43.0
100532 17.89
51692 17.89
114641 25.15
132239 34.0
138439 27.0
53216 27.0
122291 23.0
6640 25.98
123082 25.98
151023 21.0
26631 21.0
53156 17.0
53155 17.0
48978 60.44
14102 21.85
24932 28.0
125930 28.0
24932 28.0
125930 28.0
152115 42.45
51974 42.45
34501 18.0
153894 18.0
38898 19.0
40445 19.0
11561 15.56
111761 15.56
103628 19.96
101214 19.96
122242 19.0
22334 19.0
10954 8.78
122108 13.0
53095 15.29
35839 15.29
14628 30.09
151467 27.22
151022 31.21
50604 15.0
122788 15.0
51467 22.0
50489 15.0
140150 13.0
40147 13.0
152893 29.64
27356 43.44
129265 43.44
36743 40.0
37342 10.0
129995 42.49
125784 17.0
25973 17.0
118579 24.07
38619 13.71
38842 13.71
111818 13.84
113906 13.84
139509 41.0
53909 41.0
12625 57.16
114103 57.16
4253 17.0
128363 14.0
127849 14.0
29992 30.77
123338 25.0
107293 25.0
102891 34.47
104383 34.47
25447 33.66
126335 33.66
133910 64.85
18645 20.0
35314 46.65
123732 33.0
24989 33.0
140612 34.0
53868 34.0
53889 34.6
134869 30.79
34423 30.79
104774 15.0
124930 16.0
125932 16.0
125932 33.0
125930 33.0
125926 38.0
123856 38.0
5052 33.33
136289 13.0
151022 22.46
130278 35.3
130277 35.3
24422 23.0
125017 23.0
50911 38.37
51054 38.37
151311 30.0
150971 30.0
125843 34.1
125844 34.1
138809 32.0
26631 23.42
151023 23.42
150974 18.41
110557 20.0
111529 20.0
4588 12.0
37342 39.89
133888 68.34
133887 68.34
24154 36.77
125963 32.17
110085 63.61
23163 17.0
129948 52.66
129949 52.66
29895 56.28
128494 56.28
128494 50.61
36846 42.61
33209 24.0
31430 24.0
49326 36.0
49536 36.0
31430 16.0
131405 16.0
49476 11.17
128587 11.17
52702 17.75
152630 35.27
152631 35.27
119154 14.32
119155 14.32
2474 21.63
3724 21.63
119625 26.0
119621 26.0
119621 20.11
118181 20.11
123374 13.0
28750 35.54
128749 35.54
151594 30.81
151396 30.81
118127 15.0
3554 12.19
129430 40.21
129428 40.21
149582 32.0
129432 32.0
53868 26.0
34377 26.0
39467 24.0
34340 24.0
139593 24.0
134339 24.0
100237 37.0
104204 22.66
151380 22.66
114987 21.0
50608 26.98
50599 26.98
53668 42.0
53680 42.0
22848 3.86
113700 3.86
136270 28.0
37872 28.0
126855 28.0
126856 28.0
125343 25.0
50943 25.0
133294 30.86
139166 10.0
35032 33.0
35626 33.0
129430 6.3
129432 6.3
115684 40.31
28240 35.96
129428 35.96
14553 22.18
123732 29.45
39193 26.03
39192 26.03
33580 28.0
20558 15.0
126335 31.22
25447 31.22
19925 30.0
19888 30.0
122627 17.0
22508 17.0
7595 33.85
7794 33.85
32296 37.06
130197 37.06
42051 8.64
138050 8.64
31915 20.0
130875 20.0
10535 13.03
10347 13.03
38468 17.59
26142 56.33
26142 52.5
103294 31.41
104059 31.41
103299 30.72
103300 30.72
130635 50.72
102719 10.88
3930 10.88
137472 42.66
136757 42.66
136766 31.5
137472 31.5
14214 15.91
114215 15.91
11863 9.0
31340 6.43
147805 6.43
29988 25.0
31389 25.0
32381 37.95
32382 37.95
120834 7.04
100926 15.37
101547 15.37
14095 16.0
32019 27.64
152456 27.64
110902 12.3
110898 12.3
149235 16.98
52511 15.0
120725 21.08
136782 26.2
2566 36.0
3588 36.0
50263 60.81
123397 16.8
1052 10.0
148508 56.66
48514 56.66
38048 11.0
53768 48.71
31386 10.0
32379 10.0
124818 32.86
139166 25.0
33414 25.0
7749 18.0
51190 35.0
31942 28.0
123990 51.0
112522 29.92
112165 29.92
34580 40.0
24288 59.1
130640 37.2
130637 37.2
106875 28.0
123289 28.0
100046 32.5
152183 32.5
14943 47.55
111132 12.28
111469 12.28
105211 35.79
101800 14.05
102409 14.05
4794 64.06
4801 64.06
127268 38.33
128968 38.33
24826 19.16
52794 22.0
32011 23.0
32012 23.0
152456 23.0
32019 23.0
25945 44.8
30315 19.53
31600 19.53
48793 15.0
52809 15.0
32284 10.0
31844 10.0
135347 8.18
35348 8.18
128311 11.05
20431 8.0
20435 8.0
128494 56.0
127661 56.0
22339 31.87
128312 17.0
128597 36.0
122575 11.0
151911 23.68
152549 44.66
52693 44.66
52748 42.54
152549 42.54
40292 30.0
137624 30.0
110556 9.0
36879 11.18
52994 11.18
117857 18.32
117838 18.32
125946 56.88
109258 30.0
9163 30.0
14057 14.4
112480 14.4
23317 35.43
107198 35.43
47820 44.32
106587 25.3
123125 25.3
105856 26.18
50603 22.0
114995 22.0
125643 16.0
4253 31.0
102610 25.0
100647 25.0
127207 25.88
127212 25.88
128865 21.0
127421 21.0
142015 8.0
131006 10.0
130899 10.0
153894 8.9
34501 8.9
105905 10.0
115339 10.0
133906 65.39
33798 65.09
133904 65.09
33909 64.81
133910 64.81
114614 15.0
21225 24.19
119461 24.19
110997 14.0
110615 14.0
117857 23.0
110611 14.0
33949 59.34
106525 66.0
34190 40.5
49483 22.0
21095 10.0
120729 10.0
27118 21.0
49563 21.0
150534 31.3
123374 12.0
123364 16.65
114371 15.65
4840 54.72
140443 44.2
40441 44.2
121687 16.9
14214 16.9
111469 11.31
48931 11.31
32179 52.21
32180 52.21
114623 34.89
150559 34.89
104147 65.2
148543 65.2
132787 43.75
35394 35.55
36106 35.55
129892 22.63
129886 22.63
114995 19.0
17792 27.71
150485 21.25
118427 31.42
118481 31.42
20398 25.41
20361 25.41
119665 13.0
19650 13.0
103915 39.64
102229 30.08
5525 30.08
135246 61.29
135245 61.29
124779 20.0
124780 20.0
135247 68.74
33584 67.33
133585 67.33
34044 59.42
134101 59.42
34044 63.95
105153 36.0
33741 46.96
37433 16.0
33297 33.0
35354 24.0
35076 8.0
140807 8.0
124489 60.88
24488 60.88
26110 45.98
124489 45.98
377 64.86
100390 64.86
178 60.43
100185 60.43
119806 12.11
19891 12.11
130843 27.64
130842 27.64
104065 11.0
100971 11.0
1579 61.89
1580 61.89
50852 37.0
124763 37.0
49982 20.34
28619 61.7
27836 61.7
127384 62.6
27839 62.6
153922 36.31
132815 42.77
130815 44.75
132689 44.75
50943 42.0
103880 63.11
4959 60.58
104963 60.58
105159 30.84
104958 43.66
2019 55.44
101832 55.44
115180 43.74
149769 43.74
137369 35.49
5899 19.0
40786 15.27
135072 15.27
132188 49.99
30282 44.49
31099 44.49
52860 38.55
133064 38.55
102178 37.36
104421 37.36
32450 30.0
132456 30.0
121811 11.74
121804 11.74
125209 36.0
31085 40.14
131088 40.14
126582 31.71
125773 31.71
125773 11.54
125777 11.54
126596 24.32
125781 24.32
52774 31.31
152775 31.31
23722 32.0
30149 14.0
31120 14.0
122001 22.91
121826 22.91
34094 66.21
32754 19.0
52788 19.0
25518 12.42
51274 36.69
13050 15.0
113111 15.0
104082 33.0
103886 33.0
24619 23.0
110486 15.0
110395 15.0
4428 21.0
104427 21.0
110108 13.0
123555 11.0
23554 11.0
32864 37.8
130066 37.8
102832 13.0
138580 66.54
34815 66.54
18355 50.1
101785 12.0
124710 55.98
3885 62.83
130338 5.05
32138 5.05
120726 21.89
120729 21.89
30685 36.59
30400 36.59
104802 25.2
102235 25.2
27833 66.66
2575 25.0
102576 25.0
32905 11.0
30400 11.0
111701 11.0
10955 11.0
10313 10.0
110328 10.0
31902 46.26
105044 33.67
105042 33.67
1831 23.78
130111 32.0
130110 32.0
33899 65.2
30149 35.26
52850 38.68
33338 38.68
131979 15.0
28830 31.38
33057 29.76
114945 28.0
114946 28.0
52871 23.0
152515 27.0
32197 15.0
132815 41.22
4394 69.0
4395 69.0
121824 19.23
110387 21.0
110385 21.0
38842 15.05
136653 24.0
140171 24.0
33695 42.0
53725 42.0
129736 9.06
129737 9.06
126270 24.44
123982 24.44
125793 22.74
123555 22.74
151311 24.18
51287 24.18
11172 16.65
111162 16.65
111170 11.43
111169 11.43
15899 50.55
48381 50.55
101133 13.0
102832 13.0
112165 11.0
112522 11.0
36604 23.0
34049 23.0
105791 30.49
123056 30.49
151786 23.0
124438 22.0
123612 22.0
15162 10.52
23435 10.18
35977 20.05
119365 17.0
380 58.88
403 58.88
32756 40.49
132168 40.49
11159 22.0
153659 43.51
39290 43.51
11716 20.48
111170 20.48
125165 10.0
119062 17.82
19049 17.82
32195 28.91
52825 8.0
131024 8.0
26697 23.13
125760 20.56
124545 20.56
136261 64.34
134161 64.34
31305 38.0
113658 17.62
113837 11.0
23726 29.0
106563 15.0
32588 11.29
32587 11.29
3724 17.11
102480 17.11
7476 16.81
107514 16.81
133514 28.08
133564 28.08
125729 22.31
26697 30.93
151749 34.0
103750 34.0
5034 23.14
52331 10.88
118205 21.0
118204 21.0
103976 16.0
4280 41.84
105043 41.84
103196 28.0
104184 28.0
48391 64.32
48393 64.32
133564 35.13
34059 35.13
25052 29.64
120846 14.04
120840 14.04
25609 33.03
50658 33.03
123833 39.77
142273 39.77
123620 47.65
12541 14.0
112109 14.0
105596 17.0
104461 11.0
104462 16.0
104461 16.0
105265 39.82
4380 39.82
105829 19.22
106000 19.22
105465 37.0
100446 37.0
123364 15.62
114371 15.62
130664 46.86
152432 46.86
105809 23.74
115372 33.0
105827 33.0
26624 34.0
130283 31.43
122741 58.87
130577 43.63
30133 8.0
30804 8.0
1136 64.99
110404 19.0
22924 19.0
122738 55.54
119576 19.0
126674 25.0
51101 25.0
103628 23.55
53852 38.57
33379 38.57
20471 14.0
120473 14.0
126838 38.33
49529 38.33
149550 22.54
153231 44.44
136613 44.44
150375 27.04
150356 27.04
101734 10.0
101760 23.0
100976 23.0
150015 22.0
106359 22.0
123612 20.9
124438 20.9
33203 27.0
31382 27.0
32402 29.0
40589 35.87
113904 10.0
13972 10.0
113589 16.0
113620 15.0
132689 24.95
32685 24.95
132689 44.39
33867 70.15
3545 21.02
101011 21.02
133471 28.0
33468 28.0
11584 26.18
111581 26.18
113143 14.0
118357 14.0
50799 27.69
124779 27.69
51097 32.68
50799 32.68
151900 32.0
105574 32.0
139094 19.88
14764 16.0
114711 16.0
23726 22.0
