7310
153850 37.74
33380 37.74
103731 16.0
1298 16.0
3991 18.0
4002 32.97
33556 28.0
139511 28.0
104184 18.0
103196 18.0
30283 37.42
107605 10.0
107608 31.64
107605 31.64
3554 19.0
2456 19.0
34627 11.0
136133 20.0
135436 20.0
2674 32.1
4863 32.1
35772 11.0
37442 11.0
133523 37.92
53651 30.0
53875 30.0
33556 10.6
153689 10.6
126154 46.75
25688 46.75
25550 14.5
153689 42.25
39290 41.72
153659 41.72
53156 23.1
127979 36.87
127977 36.87
50808 23.4
123580 23.4
152696 38.57
32107 30.26
37072 14.0
39849 14.0
34677 14.0
37072 14.0
31161 24.61
1898 60.02
101899 60.02
40446 60.05
39118 60.05
132557 43.57
131050 21.0
138809 43.61
31970 25.84
137477 20.0
53205 20.0
151038 22.0
125687 47.88
125686 47.88
34298 24.22
38783 43.93
53829 43.93
129446 66.04
30043 60.64
31546 37.79
130634 37.79
38449 18.34
35772 18.34
11513 30.21
11492 15.22
150035 23.0
102824 24.3
102832 24.3
115152 28.05
123203 28.05
115124 20.27
35772 14.44
118123 50.92
6323 14.08
49790 31.56
24041 52.0
103784 17.02
103785 17.02
125078 53.01
126172 57.83
104149 64.35
125368 29.49
136265 65.6
136264 65.6
131422 33.0
31467 68.78
38485 67.98
36267 67.98
119212 23.03
117778 23.03
32809 21.0
31420 21.0
31409 25.0
35712 30.2
39850 14.0
39849 14.0
10399 6.0
132485 21.0
33292 21.0
31161 21.0
123580 25.0
50808 25.0
127341 13.0
21017 39.47
19474 39.47
122284 25.0
22279 25.0
13793 20.92
140540 25.02
113852 8.0
113853 8.0
133885 65.76
135247 72.65
135246 72.65
135246 67.75
111498 44.81
10853 39.16
111693 39.16
34044 62.11
113589 18.0
131590 48.84
111169 16.12
107552 22.32
14943 47.7
102861 40.06
2862 40.06
11989 8.7
112486 8.7
115156 25.67
115606 25.67
118991 24.61
118965 24.61
31224 42.95
130273 9.79
48666 9.79
53193 25.82
53517 25.82
24664 29.45
25052 29.45
124710 58.65
14548 11.0
150511 11.0
110558 21.95
110560 21.95
123340 26.5
23436 26.5
12853 12.0
51275 29.0
123856 29.0
119538 15.28
119529 15.28
133946 63.12
127710 20.92
127711 20.92
100780 56.66
126222 37.57
124361 37.57
11461 43.41
12411 43.41
112358 8.0
12389 8.0
189 57.68
386 57.68
11690 41.72
111437 41.72
47817 27.87
38788 27.87
110486 15.0
110494 15.0
52358 32.0
105208 32.0
126143 54.81
150666 43.0
126143 43.0
128831 47.67
127539 47.67
24395 36.22
124389 36.22
35396 28.13
32649 10.0
32648 10.0
127335 50.0
129196 50.0
31677 39.03
31678 39.03
124363 22.53
31330 37.41
5096 42.9
105120 42.9
152418 45.09
119401 16.0
32195 47.28
28493 11.0
147779 62.99
119942 14.0
120036 14.0
119841 15.0
119518 15.0
26688 17.0
107685 53.35
44006 57.74
122481 22.0
122480 22.0
123261 31.2
123234 31.2
115349 20.75
123151 20.75
107411 19.78
107372 19.78
47820 47.41
105138 65.77
104885 65.77
124110 26.16
124581 26.16
24117 7.7
123531 7.7
118355 52.54
153966 31.0
104958 49.41
4959 49.41
109161 52.49
3833 54.11
30826 44.23
26809 59.06
50658 24.39
129835 74.46
48575 74.46
121478 8.0
23436 8.0
121478 8.0
23436 8.0
9057 10.0
107568 10.0
26046 64.73
112382 33.36
7960 14.76
107819 16.0
107898 14.04
449 68.66
100657 68.66
139032 10.0
39391 30.0
139392 30.0
134302 35.43
101593 60.43
101586 63.71
1579 63.71
31137 41.31
31136 41.31
127979 16.0
48980 16.0
108070 15.56
127974 32.0
128701 32.0
108319 13.0
108353 13.0
114817 18.0
107705 24.0
107602 24.0
39118 53.44
40446 53.44
108073 14.19
108070 14.19
33375 12.0
133751 12.0
9183 7.0
108092 7.0
33745 44.56
32538 23.03
52608 23.03
131870 21.5
31868 21.5
130800 34.15
32843 34.15
140584 29.39
139332 29.39
123980 18.45
123982 18.45
12727 20.0
118856 20.0
118766 20.0
52778 19.0
32157 19.0
3702 13.81
103231 13.81
49176 10.0
112108 10.0
35003 45.45
124559 6.61
127076 46.48
28720 46.48
24584 26.0
124716 67.79
1990 60.84
25953 58.93
124708 58.93
133458 28.07
153792 28.07
105427 45.43
105426 45.43
108073 12.0
8109 12.0
107705 13.0
107734 13.0
7602 16.0
28764 58.14
131307 44.0
103700 14.8
32368 55.23
130278 19.0
4852 41.11
102555 41.11
114736 13.0
31305 23.81
131307 48.38
52835 46.99
31296 46.99
101334 17.0
47784 17.0
1336 16.0
23398 16.0
11716 15.82
22976 20.21
31591 12.34
149235 12.86
120959 12.86
147755 26.0
50419 27.21
150439 27.21
51528 25.0
130789 24.0
114896 29.0
123074 29.0
123852 34.01
24770 34.01
52312 15.0
103088 39.73
123413 39.73
127331 33.39
4330 35.63
47950 58.69
100427 18.0
103281 18.0
4050 9.0
103300 9.0
133070 26.75
122875 23.0
122874 23.0
122902 25.0
122418 25.0
126612 43.56
126634 43.56
122070 12.23
122180 12.23
129984 29.69
32051 29.69
32843 34.76
130800 34.76
115799 30.19
106589 30.19
52015 34.0
25851 25.0
26061 25.0
18285 26.63
26520 35.37
3758 11.0
103991 21.0
123412 21.0
30927 15.36
10399 13.84
120351 12.37
27840 67.13
128789 67.13
101744 14.0
101144 14.0
5240 12.0
121041 22.0
21050 22.0
20398 33.62
35771 17.28
36736 52.58
30401 16.0
10847 16.0
110873 22.0
122991 26.67
101334 17.0
23398 17.0
23398 22.0
1336 22.0
52594 18.0
50535 31.84
50548 31.84
102962 21.0
758 31.89
763 31.89
123421 20.34
100749 6.67
2799 6.67
2799 43.17
98 36.19
748 36.19
121240 10.37
121241 10.37
120036 32.0
114719 32.0
120667 10.68
20678 17.33
131052 60.97
126369 33.08
25671 70.76
48650 52.19
28607 71.79
25612 23.45
24289 67.91
48879 67.91
114756 8.0
122874 8.0
114371 39.15
114667 39.15
107411 12.0
7360 12.0
103880 38.21
7695 38.0
107641 26.0
126634 45.14
126612 45.14
4280 11.0
100214 11.0
140163 16.02
104234 36.13
121803 16.68
52840 19.68
130111 19.68
32843 20.71
52767 20.71
53256 12.0
132375 56.37
30595 27.0
32525 9.0
31876 9.0
110494 13.0
110486 13.0
38809 37.0
106359 28.22
7967 14.94
52135 38.08
152146 38.08
105680 33.54
102345 24.0
104644 24.0
50606 27.94
114510 27.94
153777 13.0
133979 33.0
139392 34.76
34300 34.76
53653 42.0
53924 25.86
153840 25.86
53772 47.0
35015 42.0
39033 42.0
34312 23.0
35015 23.0
34300 29.07
38640 29.07
125684 30.0
124606 30.0
54273 37.0
128369 37.0
26370 19.0
11525 26.72
151303 30.0
101606 13.0
104996 13.0
153752 36.0
33928 36.0
125686 40.0
125684 40.0
153792 16.0
133458 16.0
112964 14.0
112831 11.0
12858 11.0
114421 25.31
123990 48.0
123364 17.13
52196 16.2
28806 67.16
29463 67.16
112651 17.0
112716 17.0
153864 40.61
127063 11.84
126966 11.84
34059 46.23
118594 8.21
118595 8.21
101432 15.81
51737 15.81
107967 21.83
125901 27.84
909 14.98
100886 14.98
122213 23.0
149204 28.76
122213 28.76
127441 36.0
29596 36.0
53743 34.23
53679 34.23
109119 10.0
107747 10.0
139500 32.94
34584 32.94
106073 12.82
106670 12.82
36029 38.17
36031 38.17
36852 27.0
104234 26.0
123406 63.05
26933 67.38
28811 67.38
52855 30.62
122792 14.0
122811 14.0
50600 21.0
114215 13.93
14214 13.93
52871 20.0
24700 13.0
25510 37.13
51178 37.13
31876 15.0
32525 15.0
31850 32.48
31849 32.48
130596 22.0
53687 34.74
38783 34.74
52724 33.05
48686 40.47
31915 25.0
30207 31.9
101134 70.06
46638 24.0
137087 24.0
128166 28.14
127030 28.14
23575 38.74
147755 39.0
24498 23.31
124499 23.31
30922 32.0
130165 32.0
30922 32.0
31895 13.0
131896 13.0
146618 31.89
37626 17.0
107019 19.0
115852 19.0
52693 27.0
128666 23.0
149627 28.0
128745 28.0
31546 14.0
31942 34.92
38788 20.94
47817 20.94
151261 37.69
126031 37.69
24537 19.0
125561 19.0
127331 40.83
49633 40.83
150938 13.0
24537 13.0
4898 67.0
4899 67.0
104932 63.23
124760 33.0
51058 33.0
5525 11.52
102229 11.52
25072 62.25
151284 37.83
151303 37.83
53124 25.91
35968 25.91
124888 26.0
124064 26.0
101379 21.0
151409 21.0
115699 41.51
106129 41.51
40564 24.67
38393 24.67
105779 24.0
123142 24.0
19289 21.72
138487 13.0
31708 60.0
114255 22.84
123341 22.84
14548 15.0
114839 15.0
127375 15.0
129795 15.0
33893 64.79
133894 64.79
52606 50.08
131808 50.08
112108 16.0
47797 45.65
133361 67.39
14430 17.0
150485 11.0
33903 66.45
47795 53.21
52388 53.21
136622 24.0
133647 37.52
140025 37.52
123142 14.0
115741 14.0
102866 39.99
5083 39.99
107585 18.35
107915 25.68
107903 25.68
25625 19.0
51317 24.56
51318 24.56
33239 18.0
52963 25.56
12858 11.0
112831 11.0
140268 16.46
127659 58.33
127743 35.44
127742 35.44
129886 27.88
129892 27.88
112964 12.0
123783 30.0
52003 27.0
33741 46.5
130378 13.94
32944 13.94
136065 23.0
129373 67.22
29841 67.22
12444 37.0
33288 12.0
13751 9.0
13756 9.0
47744 14.7
11750 14.0
148447 60.79
48367 9.27
48491 9.27
103690 7.0
31711 41.22
131712 41.22
31749 26.27
31724 40.12
131725 40.12
47748 49.18
52433 34.14
52528 34.14
127045 54.21
131737 36.29
31738 36.29
52861 37.45
32557 37.45
53054 26.23
152845 32.29
32315 32.29
152766 47.97
50827 32.44
123648 32.44
127254 15.0
49433 15.0
29840 66.43
35504 44.96
31420 28.22
152703 28.22
33524 48.0
137543 48.0
131033 28.89
131032 28.89
118268 14.0
118370 14.0
150079 26.11
36276 32.98
24359 34.08
148594 34.08
128606 69.13
28607 69.13
3373 18.0
103717 18.0
135072 10.0
137580 10.0
121392 20.53
21407 20.53
121397 16.0
50397 16.0
120574 34.85
21685 34.85
121582 12.0
124814 20.73
124597 63.06
24596 63.06
37795 62.89
134856 62.89
136270 22.0
124818 18.58
118331 52.05
124358 16.03
107964 9.0
107833 9.0
125956 20.0
51307 20.0
149532 29.84
128978 10.59
48816 15.53
148817 15.53
125260 20.8
51262 20.8
125614 21.0
125620 21.0
52653 10.0
118026 24.47
118009 24.47
23616 65.25
124714 65.25
26165 43.0
125693 43.0
149550 14.01
150534 28.4
114757 28.4
150485 21.49
114614 7.0
139315 44.71
134975 44.71
126222 14.44
52338 37.59
151386 37.59
103586 17.0
2566 17.0
40441 28.53
140443 28.53
53882 43.0
34380 43.0
150643 38.0
12572 6.27
49454 34.87
26986 34.87
134101 59.65
48500 64.04
5951 64.04
7250 54.9
4029 22.71
3863 22.71
5661 51.94
3843 51.06
103830 51.06
104100 23.24
3841 23.24
4154 66.01
148432 66.01
38048 7.0
138049 7.0
130827 21.0
119117 14.0
119114 14.0
3870 59.74
104041 59.74
31328 23.91
118807 21.15
118698 21.15
130346 74.45
32151 74.45
140484 8.07
140486 8.07
130198 44.39
129835 75.0
31789 29.33
131790 29.33
27013 47.44
127014 47.44
32210 44.23
35504 44.23
40442 32.15
100790 32.75
31792 32.23
30272 32.23
112358 8.0
12389 8.0
137536 16.0
138172 16.0
35864 23.15
51101 27.9
126674 27.9
152627 26.89
52788 26.89
39822 20.98
39813 20.98
31806 56.16
52606 56.16
103197 22.0
149885 22.0
39832 26.4
126852 41.0
26685 25.7
32754 28.0
125528 23.0
114790 24.0
50914 21.0
1989 60.76
1990 60.76
113075 26.0
113118 26.0
30377 28.06
132632 28.06
125209 21.0
25745 21.0
101956 22.19
101957 22.19
124869 7.0
126730 15.0
128217 15.0
31222 24.58
30125 24.58
30880 28.0
140331 28.0
31638 23.0
33239 23.0
131582 30.45
31591 30.45
30384 19.93
125165 28.0
25989 26.0
125732 21.0
125059 21.0
21243 13.43
31513 28.53
52758 28.53
2177 14.0
152713 22.0
31503 22.0
25966 39.41
125166 14.0
126667 14.0
125171 17.56
125166 17.56
26110 41.5
124489 41.5
146618 34.55
102119 42.75
152225 42.75
52404 35.0
33307 35.0
147819 16.0
127355 52.35
127354 52.35
26992 53.66
128715 53.66
33380 46.0
33379 46.0
130673 45.05
30677 45.05
50523 26.0
150521 26.0
152418 36.94
130551 36.94
52031 19.72
31553 32.0
152676 32.0
24707 63.56
138238 20.84
138239 20.84
114787 21.37
150071 21.37
52003 28.38
126392 53.73
26111 53.73
123783 35.0
127849 12.65
127848 12.65
24702 64.72
4733 46.23
105265 46.23
124706 67.85
48890 67.85
105153 25.22
5150 25.22
149739 16.0
23035 16.0
123203 17.76
114844 17.76
105302 15.0
105426 51.13
105427 51.13
105002 14.6
2748 14.6
105002 14.6
2748 14.6
6019 16.0
33009 67.27
130013 67.27
126125 27.0
24901 27.0
114684 18.57
114765 18.57
120473 21.0
20471 21.0
110932 16.92
53274 7.09
11159 12.55
133618 25.0
52196 25.0
111795 26.3
111794 26.3
126143 56.47
102728 26.53
151761 26.53
148515 64.83
48505 64.83
48518 66.05
48521 66.05
34454 53.15
51613 32.5
105160 32.5
22919 17.0
30694 40.97
108325 16.0
127076 33.77
108035 16.03
38215 18.66
37081 18.66
150234 20.82
126667 21.0
125166 21.0
125166 19.2
125171 19.2
123278 18.28
51031 32.26
107658 14.38
7773 14.38
127192 57.24
29204 68.96
33350 68.96
773 56.75
130976 48.98
30994 48.98
107390 72.31
112560 54.12
33740 24.0
38729 24.0
32367 54.76
32368 54.76
5150 15.66
105153 15.66
770 57.68
782 57.68
126459 44.82
126459 39.76
103676 20.4
139657 27.0
127068 18.97
127942 18.97
125682 25.0
114790 25.0
26116 31.4
126335 31.4
53754 24.16
39900 24.16
3338 17.11
38294 20.88
22882 21.6
103592 21.6
53919 25.0
153789 25.0
101678 14.0
104459 18.84
102214 18.84
31370 30.9
119062 22.94
119064 22.94
114581 31.15
114577 31.15
24042 38.02
38729 30.0
33740 30.0
47820 53.92
148438 65.81
104147 65.81
131930 28.22
149396 11.0
150521 14.0
31844 39.0
31849 39.0
130508 33.0
30509 33.0
2015 44.62
103432 44.62
102020 49.74
2017 49.72
5279 30.59
5240 30.59
107967 18.47
107819 18.47
36149 28.0
51872 24.0
52855 30.37
25800 9.46
123585 67.57
48885 67.57
52271 22.0
4894 22.0
33301 23.21
151251 12.0
35396 26.68
35397 26.68
106320 25.73
122996 25.73
21801 18.21
121118 18.21
105810 6.28
107023 6.28
121826 14.65
122048 14.65
34038 26.96
33522 26.96
127711 32.29
149483 32.29
26841 19.0
105160 29.86
51613 29.86
136927 21.38
128830 37.81
130150 24.0
31981 24.0
36517 24.0
152227 15.34
126124 24.0
1942 39.0
52560 23.14
130890 23.14
31222 29.01
52788 29.01
132044 37.2
47807 37.2
130623 38.84
52744 38.84
9046 11.0
109119 11.0
131930 42.68
130341 33.0
52404 33.0
127441 31.0
110836 13.0
110449 14.0
10454 14.0
128587 8.78
49476 8.78
149322 35.48
49536 35.48
152631 34.0
152630 34.0
152702 11.0
48521 64.96
40445 33.15
38898 33.15
128600 65.03
123142 16.0
107070 16.0
49536 41.95
49326 41.95
4648 37.84
113996 18.0
126680 34.65
122793 29.54
122806 29.54
3712 31.16
122537 28.77
123261 29.0
106143 29.0
28868 15.0
129004 15.0
127575 21.0
126730 21.0
152183 18.0
127016 18.0
129717 34.0
129714 34.0
103981 15.0
111531 13.0
111470 13.0
110494 11.0
110499 11.0
11999 10.0
112004 10.0
13756 12.0
4415 25.68
104427 24.68
4424 24.68
127305 19.0
127306 19.0
52994 18.6
36879 18.6
49784 9.69
124524 33.0
50869 33.0
20361 19.47
52693 41.0
152549 41.0
152549 41.29
52748 41.29
119867 20.0
27234 14.0
118661 7.0
118619 7.0
114015 23.0
111869 13.0
112480 13.0
104813 67.32
122639 6.45
122665 6.45
107934 53.93
122642 12.0
132310 22.0
31436 22.0
23913 35.13
112135 17.0
11879 17.0
101169 39.58
101812 42.0
101807 42.0
51729 15.0
111739 32.86
111753 32.86
100790 45.82
100790 36.37
47820 48.07
5001 21.49
105002 21.49
114516 23.0
12362 17.28
112438 17.28
112399 7.6
112506 7.6
33379 30.01
53852 30.01
47820 49.05
134292 49.76
5566 26.0
53725 44.18
140596 44.18
130283 19.0
32051 7.0
152624 5.0
4178 20.0
152422 40.89
47795 47.48
107398 13.82
22835 8.0
11691 17.74
11527 20.22
11691 20.22
123531 23.54
24117 23.54
52788 29.67
152627 29.67
22882 39.37
33903 67.68
32379 8.0
31386 8.0
11522 18.73
34044 58.28
134101 58.28
48486 49.71
33978 64.9
133562 64.9
34875 30.0
37554 30.0
32515 35.0
32381 35.0
29596 7.0
127441 7.0
26520 31.14
20425 9.0
120426 9.0
105960 25.94
50170 25.94
119365 10.0
119325 10.0
119351 14.0
19404 14.0
153969 21.0
153967 21.0
20975 9.0
101749 21.6
103518 33.33
127946 13.0
149612 13.0
28764 19.0
39688 15.0
39692 15.0
48856 2.33
122213 34.0
22420 62.29
2674 10.0
100405 48.2
105378 48.2
102008 51.21
2004 51.21
51701 12.0
2844 12.0
126254 24.0
123869 24.0
34312 27.0
30994 72.29
130003 72.29
11546 41.43
111543 41.43
112435 41.28
112370 41.28
112370 39.74
152093 24.67
53875 33.92
53651 33.92
101946 19.83
101957 19.83
132330 14.21
130484 14.21
127463 15.86
54271 54.35
118230 12.24
118224 12.24
23820 58.81
124712 56.14
40550 36.4
34013 36.4
107749 8.95
107869 8.95
7595 23.46
107639 16.0
107633 16.0
107601 12.0
107558 23.65
107613 23.65
111498 28.14
111419 28.14
12592 7.0
112310 7.0
111180 11.0
12177 16.9
112178 16.9
40123 6.0
52031 28.0
102371 21.05
102370 21.05
12253 23.84
12249 23.84
12439 10.81
12572 10.81
130678 30.08
130827 30.08
30290 40.46
31076 40.46
127122 31.0
100958 25.13
104065 25.13
101547 23.31
101548 23.31
106154 20.0
100452 68.13
28507 37.83
127175 37.83
114516 21.0
114516 19.27
114529 19.27
28082 30.78
127199 30.78
114736 2.92
130278 15.2
126431 28.92
125143 28.92
107676 8.0
107589 8.0
153922 48.89
33507 35.11
153922 35.11
126428 6.0
124679 6.0
150562 24.0
10553 46.6
97 35.78
98 35.78
105471 27.18
127045 54.75
109258 54.82
9163 54.82
152146 29.88
52135 29.88
124588 33.76
23956 33.76
123234 31.15
123261 31.15
103286 31.0
104054 31.0
134320 26.89
53625 45.0
53725 45.0
2474 11.73
27001 52.39
129421 52.39
124489 35.62
53625 48.0
52388 51.27
47739 51.27
32435 17.36
152612 17.36
132429 23.11
132429 20.79
134191 39.41
35124 39.41
103651 20.0
3095 20.0
35772 33.9
38449 33.9
115238 21.53
118181 20.0
119621 20.0
119638 15.0
119637 15.0
138489 41.35
30005 41.35
19888 16.4
19925 16.4
31821 43.88
131820 43.88
18680 13.0
107772 15.0
22835 8.0
107634 8.0
4988 42.35
4945 42.35
152627 33.0
52714 33.0
149415 10.0
39880 2.57
105996 31.19
105783 22.65
107007 22.65
127977 19.0
127979 19.0
149396 33.37
49475 33.37
127431 34.59
129026 34.59
150970 41.0
124361 34.22
126222 34.22
105883 10.0
106602 10.0
29049 11.0
11691 23.0
11734 23.0
32683 12.0
11525 27.73
11527 27.73
114510 35.62
50606 35.62
150817 27.42
107613 6.26
107558 6.26
5210 30.0
105209 30.0
30726 14.49
30727 14.49
109206 15.61
22835 15.61
152814 17.48
32338 17.48
32344 31.25
115852 14.0
115741 14.0
123648 33.66
102853 30.43
5089 30.43
14801 14.0
6019 21.05
130139 37.95
152462 42.0
130154 42.0
123397 5.91
1969 51.6
2860 34.73
102861 34.73
102409 12.0
100592 12.0
107460 15.99
47784 15.99
100378 35.56
102242 35.56
6525 23.0
23554 36.87
123555 36.87
3082 19.5
1732 19.5
100214 13.0
105043 13.0
49453 48.59
51274 40.07
106610 34.44
44006 57.74
53376 61.78
33557 68.35
100532 12.0
32402 36.78
151396 34.0
151594 34.0
52458 40.49
152457 40.49
114159 29.64
114693 27.55
50338 27.55
114256 24.82
53885 14.0
104065 18.0
142273 39.0
123833 39.0
25079 51.0
124039 51.0
112620 62.53
110085 62.53
1053 16.0
107070 16.0
51374 20.0
51737 20.0
102579 31.0
51661 31.0
110085 64.36
110084 64.36
4298 26.27
52375 26.27
114159 15.0
114320 15.0
104542 30.7
127966 14.0
126836 14.0
52359 5.71
103249 5.71
40127 13.0
153896 37.0
24800 35.0
24801 35.0
104059 10.51
103294 10.51
128369 33.0
127868 33.0
3930 9.0
3927 9.0
150636 29.0
49353 23.0
129672 23.0
133862 59.61
51208 28.61
126464 28.61
125693 35.23
125687 35.23
123 19.85
100512 19.85
150439 24.2
115792 24.2
3385 36.6
19956 19.0
49544 27.0
49515 27.0
149545 33.0
27567 33.0
27961 27.0
39291 30.0
40847 30.0
34017 29.0
53652 29.0
39192 18.15
39193 18.15
24700 11.0
136133 31.2
135436 31.2
53216 17.12
138439 17.12
52841 22.97
33580 14.27
26449 40.0
37081 18.0
38215 18.0
40468 26.19
139353 26.19
153817 29.92
53818 29.92
151386 40.15
52338 40.15
153922 46.37
47797 46.37
18188 27.05
40410 28.26
51318 37.84
51317 37.84
52788 21.0
31222 21.0
130890 23.77
52560 23.77
150101 29.0
34359 33.02
53700 33.02
112467 54.92
12625 54.92
29049 40.84
52803 14.0
32719 14.0
31179 25.0
47804 25.0
111469 12.52
111132 12.52
50173 22.0
107171 22.0
50210 21.45
150206 21.45
101197 15.29
1355 15.29
26487 39.72
49424 24.0
135264 22.0
35263 22.0
136065 21.0
53247 21.0
139696 17.0
39692 17.0
53247 21.68
53193 21.68
118569 49.44
36808 21.55
31845 34.0
24861 14.67
124862 14.67
132374 27.0
132375 27.0
119398 18.77
52502 24.1
122402 23.52
128355 26.0
112218 13.0
110821 13.0
53694 35.0
35014 35.0
52855 19.0
52791 19.0
30509 30.0
31844 30.0
34000 45.0
119162 61.36
119160 61.36
130891 19.0
137374 42.61
135034 52.0
134942 52.0
2086 17.0
51863 17.0
52891 15.98
129795 21.0
127375 21.0
40020 8.0
114995 13.55
4863 29.45
105211 29.45
127339 11.0
129320 20.0
142018 13.0
104869 33.95
4255 33.95
4988 9.83
106589 30.38
115799 30.38
105209 38.84
5210 38.84
152172 40.0
152064 40.0
113801 20.0
113837 20.0
138049 10.0
38048 10.0
7936 61.32
100215 36.5
143 36.5
137087 14.0
143 26.0
151949 26.0
31708 56.82
51208 41.53
114103 57.98
114101 57.98
27799 32.69
150485 23.57
12541 10.0
112109 10.0
139118 58.69
151311 12.41
48795 9.0
130785 9.0
5052 14.0
110064 18.0
110063 18.0
109168 12.0
11533 12.0
125017 22.0
125963 22.0
33867 67.03
133608 67.03
133577 67.13
33867 67.13
102109 42.14
152181 42.14
52151 35.91
102112 35.91
151794 33.51
152225 33.51
39081 32.0
33350 66.28
151370 7.0
100618 7.0
131472 66.9
31471 66.9
31477 69.63
52590 11.0
131484 68.63
53095 11.99
33707 11.99
136538 32.36
53156 39.53
29215 65.3
126924 65.3
33806 36.45
34291 36.45
104867 13.0
120726 3.25
128062 29.0
150421 12.32
32106 28.0
33297 28.0
49261 17.0
122480 23.0
122481 23.0
119867 8.6
122811 8.0
122792 8.0
120036 7.0
119942 7.0
119518 21.0
119841 21.0
26108 50.77
23622 33.84
34518 8.0
1970 56.21
1969 54.25
1970 54.25
18288 10.58
1970 52.8
101978 52.8
151285 30.45
125017 18.4
24422 18.4
26205 19.28
102291 28.0
15675 21.87
150971 38.92
151311 38.92
50313 17.24
150296 17.24
34291 35.0
33806 35.0
137555 12.0
36852 24.0
38001 24.0
53416 30.31
140171 30.31
35276 29.84
36646 29.84
51084 24.0
7936 59.77
107970 59.77
49433 13.0
127254 13.0
129262 23.0
28839 23.0
133463 69.14
100035 12.0
107406 16.83
122901 23.0
122615 23.0
37822 46.97
36333 12.68
25025 19.07
131970 40.22
29768 32.65
142022 32.65
122402 35.45
126148 62.46
22901 13.0
112382 33.36
122418 15.0
32557 42.88
122234 11.87
122259 11.87
122259 23.18
122291 23.18
122714 36.1
152515 37.0
21088 18.02
121101 18.02
34380 23.0
53696 23.0
122242 25.81
121841 15.81
122151 15.81
140822 39.99
133611 39.99
26089 41.01
42002 40.07
33623 40.07
39745 28.06
38880 28.06
25518 20.0
107747 18.0
109119 18.0
120807 20.2
120825 20.2
48393 47.97
48395 47.97
48391 65.96
48387 67.23
35781 16.0
33538 34.34
129737 40.61
129738 40.61
133357 48.91
131207 11.0
31967 11.0
33288 14.0
128854 28.0
18192 18.0
151826 28.0
24249 30.66
107970 57.25
34380 23.0
53696 23.0
126640 47.61
109156 12.32
9155 12.32
109115 17.82
147744 17.82
36502 23.0
11772 12.0
11724 12.0
113352 11.84
111485 9.0
11750 9.0
49739 23.0
113699 10.43
113739 10.43
33928 37.82
153752 37.82
35771 28.61
113906 21.75
111818 21.75
112357 14.0
112357 13.0
112486 13.0
112518 9.92
112310 9.92
110122 24.63
131582 41.33
112270 11.0
33745 45.3
33928 45.3
153689 42.57
33379 42.57
136094 41.84
36097 41.84
48443 38.75
23127 38.75
51882 30.6
101824 30.6
148384 61.38
2017 47.42
103433 47.42
115259 19.0
149885 8.0
103197 8.0
136021 59.28
136022 59.28
31224 41.96
132640 41.96
131870 19.31
51307 12.07
125956 12.07
51262 18.0
125260 18.0
52654 28.0
124110 32.0
124581 32.0
48453 28.69
5240 11.94
4950 11.94
15971 35.94
48443 35.94
3394 13.0
51430 25.21
101468 25.21
102097 34.89
51982 34.89
100018 19.47
1870 47.0
50562 13.28
112361 15.0
112311 15.0
39881 10.01
39882 10.01
20762 18.0
11533 48.9
51974 49.04
152115 49.04
107960 19.72
101947 20.84
772 30.65
4830 30.65
107747 9.0
107676 9.0
39832 27.0
35623 37.0
138088 24.39
34602 22.0
35194 22.0
39813 22.61
39822 22.61
107819 11.0
107898 30.0
140443 34.93
19650 12.78
119665 12.78
136148 30.81
119621 17.0
119625 17.0
119576 15.0
106359 21.83
150015 21.83
32382 33.87
31285 25.0
132142 38.73
32040 38.73
19891 15.0
119806 15.0
38842 31.69
127182 52.38
27184 52.38
126890 36.04
28069 36.04
31254 21.43
7346 11.0
105673 19.41
27016 25.0
150459 28.13
114189 28.13
102832 18.0
126002 22.88
26003 22.88
103677 12.52
101066 12.52
2860 17.73
101375 17.73
105465 28.0
133946 64.15
52635 29.0
32210 8.39
35504 8.39
150015 22.2
49972 22.2
132239 15.0
47744 21.55
50870 48.0
126459 43.0
50869 35.0
124524 35.0
126335 20.74
126336 20.74
126648 23.0
126335 23.0
114790 22.0
125682 22.0
33307 36.0
52404 36.0
126105 8.57
111766 16.0
110641 16.0
111169 13.9
136517 12.0
122533 12.0
121811 15.83
121822 15.83
48502 52.6
129672 24.0
127352 24.0
115506 22.56
150150 32.0
100367 62.96
33594 66.52
100035 13.0
122456 64.45
122500 64.45
1970 55.68
26479 33.3
123775 33.3
1985 58.19
114995 27.08
50603 27.08
8555 14.0
14549 13.0
137820 70.92
135496 45.5
136218 45.5
127303 21.0
128129 21.0
33978 65.81
35834 60.29
35833 60.29
33515 64.76
133562 64.83
33515 64.83
51763 32.14
151754 32.14
127038 52.19
128633 52.19
101691 32.91
100099 32.91
122643 16.19
122648 16.19
126582 28.53
19354 21.88
49370 36.69
126876 36.69
29720 37.59
122580 22.0
122553 22.0
33371 23.44
40016 23.44
13050 13.0
26131 48.71
124604 48.71
37291 31.1
38029 31.1
5618 27.21
137684 35.05
38294 35.05
113224 17.41
24008 32.15
103982 55.92
150636 26.0
149011 18.71
134455 65.44
5383 36.04
100658 8.08
152317 12.0
125457 29.26
124307 29.26
102319 30.12
105514 30.12
150553 27.53
114302 27.53
106383 23.34
106423 23.34
126123 35.0
24901 35.0
111185 7.52
5038 31.75
37433 17.0
102760 3.44
102761 3.44
34913 13.68
139094 13.68
52788 20.0
30151 19.0
130241 19.0
120525 8.0
20450 8.0
150511 15.0
14548 15.0
129714 34.0
129717 34.0
103731 36.0
101310 21.0
100981 21.0
52963 7.91
53719 23.75
138993 23.75
26449 37.0
52665 13.45
115488 33.18
50502 33.18
137291 9.52
107023 23.74
105810 23.74
50044 20.2
115372 20.2
136736 51.45
105694 28.0
33522 23.21
34038 23.21
118495 24.63
104409 23.58
119117 22.57
119123 22.57
104334 26.36
104461 24.0
112270 10.0
130891 39.0
34450 26.15
33796 26.15
42081 14.0
142015 9.0
106530 21.0
150071 21.0
115667 15.69
149740 15.69
6640 9.42
112001 21.0
107869 16.67
107749 16.67
26119 20.0
35515 41.64
52791 24.0
52855 24.0
35508 51.73
35509 51.73
147811 48.6
35506 48.6
31354 24.55
130875 23.0
31915 23.0
138944 22.0
33979 22.0
31844 39.53
30509 39.53
150150 21.59
53733 29.44
40847 29.44
130843 22.0
31241 22.0
32195 36.02
32197 36.02
105512 54.65
100389 54.65
33916 35.0
153659 35.0
4788 63.35
4790 63.35
52693 3.75
105848 26.0
50414 26.0
153663 18.36
33468 24.22
40432 24.22
39734 31.0
39731 31.0
33766 33.93
139727 33.93
134077 30.11
34085 30.11
31031 7.0
50510 31.0
150528 31.0
114765 19.0
114684 19.0
112790 14.0
112796 14.0
119377 8.0
31161 32.0
39849 17.0
37072 17.0
37072 26.0
34677 26.0
104588 9.0
118996 19.03
119126 19.03
139509 34.0
107076 25.86
122403 28.76
122092 28.76
129124 19.0
28114 19.0
148372 31.59
7924 43.36
7923 43.36
117778 18.19
117792 18.19
49563 18.0
27118 18.0
149483 26.0
127711 33.18
127710 33.18
135223 25.0
52758 42.46
31513 42.46
107439 24.59
7476 24.59
148520 64.54
4194 24.0
128907 36.15
28905 36.15
7397 65.1
126730 18.0
127575 18.0
51262 28.94
125614 28.94
103981 61.63
3870 61.63
110026 11.07
34103 30.25
135689 30.25
39849 9.0
39850 9.0
111556 44.0
119475 26.65
121049 26.65
114015 17.0
149165 17.0
148836 11.0
128217 16.7
126730 16.7
151826 21.58
103335 21.58
124818 12.0
102039 37.94
4793 61.5
4794 61.5
51149 30.75
124303 30.75
101899 55.68
107798 14.8
107558 14.8
130277 34.84
130278 34.84
107779 53.32
107391 53.32
5540 21.2
100787 36.0
100378 30.21
47790 64.03
4788 64.03
26856 28.0
120807 22.86
121910 22.86
52434 14.0
130258 14.0
53512 36.3
153896 34.0
4593 25.0
104588 25.0
104390 70.45
115372 25.36
50044 25.36
118325 17.0
118224 17.0
32338 26.0
32461 26.0
104461 23.0
104461 20.0
104462 20.0
124825 56.35
152248 25.51
105827 19.54
115372 19.54
34584 34.0
139500 34.0
15501 34.0
121582 19.0
21407 13.93
121392 13.93
121397 16.0
121403 16.0
118635 18.62
120546 18.62
118780 20.47
118689 20.47
115912 60.48
148392 70.14
101832 39.04
1831 39.04
26205 27.0
117993 13.0
118242 13.0
112900 17.79
18015 17.79
49008 19.55
107816 30.43
125068 33.0
31678 47.46
131699 47.46
22812 17.22
15562 32.0
49312 44.0
129428 35.0
129430 35.0
128749 33.0
28750 33.0
128968 34.85
127268 34.85
126730 20.0
128217 20.0
104492 22.72
104493 22.72
49261 17.0
10867 12.0
126369 35.0
129432 28.0
149582 28.0
118965 21.0
118994 21.0
101734 20.0
4791 11.0
104608 11.0
14304 25.0
123606 63.55
24707 63.55
121600 7.0
121672 7.0
148440 26.0
148974 63.52
24702 63.52
25974 67.3
50634 67.3
38795 51.2
35015 19.0
34312 19.0
115173 46.15
49664 46.15
103335 29.29
130634 55.28
130635 55.28
102760 3.44
102761 3.44
150472 23.02
50476 23.02
114189 24.0
150459 24.0
101468 31.07
5121 31.07
50922 33.38
114283 23.42
150490 23.42
748 21.23
100749 21.23
51967 21.71
102327 21.71
50210 19.26
33545 72.63
133544 72.63
25447 21.0
2382 28.46
26151 59.15
101932 38.56
101929 38.56
134090 71.04
24989 15.0
123732 15.0
35411 26.0
130283 24.0
30804 8.0
7282 22.0
53281 40.89
124679 40.0
126428 40.0
123664 7.97
125171 7.97
123648 27.31
125843 15.85
125124 15.85
127686 15.81
129736 15.81
149740 28.26
115667 28.26
53651 42.02
110020 25.0
48886 63.43
124268 50.61
124268 53.49
29457 57.83
129854 57.83
34426 16.0
53738 16.0
27833 61.84
28618 61.84
132888 36.0
9360 17.0
32138 41.0
107964 12.57
7967 16.89
110905 14.82
119398 15.38
119377 15.38
11716 8.07
34300 32.91
128787 66.07
27834 66.07
112465 11.75
111713 11.75
11410 6.16
11184 5.15
1821 22.89
111178 10.92
111177 10.92
127888 33.0
129082 33.0
27469 21.0
153906 34.0
34644 34.0
111478 42.28
53700 35.0
109136 47.18
109260 49.59
109158 53.52
109161 53.52
53738 29.0
10086 60.76
12621 60.76
122235 16.0
122242 16.0
103582 17.0
101214 17.0
135052 46.9
38842 31.69
140436 42.85
38797 42.85
39000 36.0
53687 36.0
124818 15.63
106610 34.44
115761 11.0
115844 11.0
32428 28.0
33711 29.3
152612 21.77
32435 21.77
32428 28.0
40446 46.44
52850 23.0
52758 23.0
29992 38.36
101947 24.18
11566 45.75
34649 43.42
10535 17.0
38842 38.0
38619 38.0
111438 51.59
11500 51.59
23616 64.78
35411 34.0
35685 34.0
31051 31.36
131050 31.36
11671 10.0
100376 37.81
7385 51.32
107391 51.32
126122 27.0
24770 7.0
24616 7.0
104730 17.0
104490 17.0
150174 21.0
106812 21.0
4686 34.84
104809 34.84
52059 14.0
104462 14.0
118645 21.01
117792 22.14
103338 18.72
124818 19.0
114148 22.61
50572 22.61
150035 14.59
48044 6.94
107514 15.0
107467 15.0
104575 33.43
104580 33.43
7695 18.0
107609 18.0
107641 13.0
105800 24.45
106907 24.45
140356 21.25
106166 22.42
106878 22.42
115741 10.0
115852 10.0
126022 31.65
132344 30.68
130452 51.0
132786 35.16
31832 35.16
11529 26.07
10553 9.12
103628 7.74
100035 7.74
132178 51.35
32179 51.35
23435 15.0
11961 7.0
111953 7.0
52404 39.0
130341 39.0
132103 31.17
52853 31.17
123142 26.71
31420 26.0
32809 26.0
104421 31.14
102178 31.14
51877 23.0
32208 44.14
51963 31.05
105454 31.05
4737 65.84
104379 65.84
36258 43.31
51904 28.53
4775 68.49
101050 46.69
48784 46.69
105199 48.38
103483 48.38
2108 30.74
102409 22.99
101800 22.99
3987 59.98
107070 29.9
137791 55.52
37790 55.52
112523 9.93
107967 14.95
107833 18.02
107964 18.02
150472 7.36
150459 7.36
114283 12.29
50476 12.29
1518 11.98
26142 50.67
103986 58.44
53054 32.87
150542 27.0
150539 27.0
114274 24.07
114414 24.07
114274 24.0
29964 57.28
136045 16.4
36046 16.4
3017010 38.84
3017011 38.84
150528 25.0
50510 25.0
150553 22.0
121101 20.32
21088 20.32
34462 14.13
37291 14.13
114976 13.0
124358 16.03
115741 26.0
123142 26.0
28852 48.69
127359 48.69
111513 14.0
11715 14.0
48931 9.59
111469 9.59
52101 24.0
135440 24.0
53093 24.0
409 21.0
100385 21.0
147747 38.63
114886 19.0
114896 19.0
6006 14.0
148428 14.0
31481 68.02
9132 20.13
50768 30.13
150863 30.13
122793 6.76
122816 6.76
126369 33.08
37879 31.82
35384 31.82
122242 19.0
22334 19.0
122806 22.15
122793 22.15
118683 12.58
118766 12.58
118511 33.83
130623 26.26
127900 20.0
127030 20.0
36846 39.9
52024 26.02
107605 26.0
107605 28.15
107608 28.15
23915 15.0
37442 16.71
35772 16.71
135436 29.0
136133 29.0
118856 10.98
118904 10.98
148899 59.71
48900 59.71
127638 21.98
149538 21.98
106610 33.0
107605 17.18
114946 31.0
122994 31.0
125282 30.04
125281 30.04
35978 16.95
53404 16.95
114817 16.0
53924 17.17
153903 17.17
48440 29.0
132256 47.35
120726 7.63
120724 7.63
4415 24.29
102178 24.29
115099 16.0
113810 10.0
53971 31.0
153689 16.25
33556 16.25
33380 39.68
153850 39.68
153689 41.31
139511 33.21
33556 33.21
111556 23.59
27329 19.78
127331 19.78
104603 14.0
49364 26.0
53404 19.41
35978 19.41
114442 25.0
114450 25.0
50414 27.0
114442 27.0
32315 31.85
152845 31.85
36622 31.0
134622 31.0
114450 24.02
106308 24.02
133384 30.65
53767 35.0
33382 35.0
114529 27.76
51867 32.22
4529 32.22
131427 20.0
114516 24.12
50338 24.59
114693 24.59
115238 24.49
109151 11.14
108315 11.14
109105 12.38
109152 12.38
137624 16.82
137625 16.82
137624 8.0
137625 21.0
37626 21.0
124454 54.72
24455 54.72
140074 13.0
46638 13.0
14321 25.0
121910 18.89
122048 18.89
121804 15.9
121765 15.9
102042 12.0
127121 36.2
129738 36.2
52590 22.0
48889 67.95
124716 67.95
100099 3.63
121118 16.06
15728 22.0
106072 22.0
107391 50.84
107779 50.84
150198 17.0
150196 17.0
122741 68.26
122727 68.26
150196 21.0
105900 21.0
110499 10.0
110395 12.0
110486 12.0
121246 23.37
121184 23.37
53909 46.0
139509 46.0
107558 13.94
107798 13.94
128715 38.16
27077 38.16
106812 29.07
150174 29.07
114529 15.0
114516 15.0
36150 28.0
123341 16.72
114255 16.72
126923 63.19
124710 55.47
26807 55.47
124286 64.84
23548 64.84
135440 38.0
53093 38.0
121869 17.77
121968 17.77
48770 39.0
2638 39.0
49408 14.18
42008 34.0
101947 27.07
26976 16.0
11772 11.0
482 11.44
100483 11.44
114946 27.96
114945 27.96
107399 34.82
13938 10.0
15963 25.8
113837 12.63
113801 12.63
113738 13.42
106146 18.0
106154 18.0
118965 13.58
126285 21.53
126067 21.53
131745 39.3
114101 64.34
17771 64.34
124156 14.0
31254 16.0
124101 32.0
151173 32.0
53756 34.8
37387 34.8
122291 18.62
122259 18.62
132689 41.95
134258 21.36
139671 34.02
53512 34.02
134980 20.0
34300 45.07
139032 8.0
119402 15.0
111379 9.73
11803 9.73
101821 23.32
37258 13.0
101011 27.58
3545 27.58
131672 24.0
33382 41.57
52670 37.84
112758 17.0
128129 18.0
127303 18.0
149609 16.0
49610 16.0
150071 24.53
114787 24.53
112108 13.0
49176 13.0
51054 35.81
50911 35.81
118766 7.03
118856 7.03
127743 42.84
127744 42.84
47739 52.21
118282 18.0
113143 18.0
148458 9.69
115504 9.69
115758 20.84
126290 36.41
25936 36.41
28764 58.57
36090 33.15
136092 33.15
125078 39.42
47772 39.42
122108 8.0
122180 8.0
121917 13.0
21951 13.0
129738 31.06
127121 31.06
119005 17.0
119014 17.0
40569 36.97
40564 36.97
130689 45.67
130687 45.67
22423 25.77
122902 25.77
48686 38.0
129854 63.31
129853 63.31
122180 28.77
122070 28.77
122092 25.15
122403 25.15
14434 11.0
126934 68.24
26935 68.24
110091 10.76
105138 63.18
105115 63.07
104896 63.07
101807 44.76
101812 44.76
42008 19.83
37554 19.83
51337 29.51
15301 29.51
130138 34.45
38843 34.0
38969 34.0
130145 31.99
30137 31.99
131029 8.0
3968 58.53
103986 58.53
3968 60.53
15099 13.56
151831 43.16
101932 43.16
130899 12.0
131006 12.0
152183 30.06
100046 30.06
30292 19.0
31085 19.0
123640 18.0
51356 18.0
115470 29.0
150106 29.0
107920 12.67
107898 12.67
104407 22.33
4415 22.33
104580 17.09
104575 17.09
136065 11.82
4962 58.37
49610 15.5
140596 43.0
53725 43.0
31559 13.0
113681 12.0
13626 12.0
114266 23.97
112108 13.0
52163 25.0
147745 68.5
118766 18.52
118683 18.52
3870 58.76
114421 27.0
50502 27.0
107671 11.0
107643 11.0
123314 20.1
52143 36.0
33908 69.56
5292 33.0
102326 33.0
150460 19.0
103496 15.81
111794 16.0
111795 16.0
4529 20.0
104524 20.0
105333 40.0
100820 40.0
151326 38.0
127375 26.42
111753 22.7
111739 22.7
105251 37.83
107076 25.38
107008 25.38
111869 24.0
149893 33.36
107076 33.36
107076 30.92
115979 33.5
115055 33.5
28114 37.0
129439 37.0
105159 28.0
33868 67.09
133866 67.09
134443 67.38
39608 16.65
133637 16.65
1138 61.51
33884 70.0
133883 70.0
33877 67.38
133876 67.38
106129 27.0
115699 27.0
37433 16.0
30006 31.2
130843 31.2
5089 23.18
2860 23.18
135074 27.0
126380 28.7
150857 28.7
122180 26.5
122181 26.5
52826 30.0
132485 30.0
127868 22.0
149627 22.0
52196 27.0
2012822 37.0
2012820 37.0
123203 33.23
115152 33.23
128128 21.25
110449 14.0
140584 11.62
105578 13.52
133539 66.5
33538 66.5
53223 28.38
153599 28.38
33379 34.0
133376 34.0
100289 50.53
39853 16.23
34259 16.23
30137 33.0
130138 33.0
30042 29.11
33017 29.11
5617 32.0
111767 6.43
7404 29.81
105638 22.53
149885 27.15
150534 24.15
21066 33.61
121071 36.72
126238 11.91
122741 68.28
122500 65.53
119215 16.29
119214 16.29
52388 48.69
39184 24.0
39185 24.0
18808 11.6
119132 11.6
28805 65.58
126926 65.58
9099 13.0
114371 14.18
114667 14.18
51967 17.68
110434 13.0
10436 13.0
130660 14.92
152432 14.92
52312 29.0
100647 18.82
102610 18.82
36394 18.0
25936 34.0
100404 62.51
105158 21.93
105160 21.93
107676 9.0
107589 11.0
109069 11.0
9055 10.0
9057 10.0
108035 13.0
106416 32.45
53181 13.0
36587 13.0
7960 16.76
121803 24.44
49529 38.0
126838 38.0
140615 29.99
33656 29.99
138809 17.0
138814 15.0
129737 8.21
129736 8.21
25688 49.88
126154 49.88
114346 21.2
114196 21.2
16200 7.0
52737 37.0
30322 37.0
152181 14.59
102409 14.59
23328 53.43
150215 30.0
47763 30.0
104813 66.77
25956 16.68
33297 15.0
32106 15.0
4395 65.81
4396 65.81
105403 37.98
105394 37.98
111174 13.0
12166 13.0
111437 41.83
11461 41.83
11764 44.02
11690 44.02
101214 14.13
47783 14.13
103628 26.0
12411 51.53
112560 51.53
2834 18.0
127942 23.25
127068 23.25
23554 15.0
123555 15.0
25981 32.16
32344 29.5
31420 29.5
124876 21.0
105492 30.3
118224 21.97
118325 21.97
147819 19.0
386 59.45
391 59.45
33979 27.0
138238 17.0
54277 29.65
51750 29.65
50831 37.84
23523 37.84
114711 15.0
14764 15.0
49972 16.77
150015 16.77
152432 39.32
130660 39.32
23841 15.1
130666 54.45
107293 26.0
123338 26.0
148492 15.74
148487 15.74
114641 20.0
106762 20.14
100486 26.49
100483 26.49
132374 57.0
132375 57.0
7964 23.81
105856 31.89
150439 31.89
53632 43.58
134167 61.9
36562 12.0
137362 30.28
153115 9.0
148532 62.62
150344 62.62
51255 28.07
106416 17.88
103174 17.26
42074 17.0
123374 17.0
114614 8.0
52143 33.0
104524 29.98
4529 29.98
115469 29.0
150106 29.0
115272 28.15
115469 28.15
15432 6.46
148458 6.46
150106 24.0
115470 24.0
119942 17.0
120107 17.0
127864 18.0
103991 14.52
120351 12.37
18530 20.4
3401 18.0
3402 18.0
113096 24.62
113077 24.62
11289 15.0
110996 15.0
153599 26.0
53223 26.0
11184 4.61
111177 4.61
23025 67.26
123024 67.26
50170 17.56
48898 17.56
152183 13.0
124303 25.86
51149 25.86
42008 35.5
6006 38.06
14892 38.06
130197 22.0
123071 49.02
114850 49.02
15432 6.46
148458 6.46
123289 25.07
106875 25.07
27383 65.06
127384 65.06
28240 32.45
129428 32.45
27016 24.0
129717 15.0
146615 15.91
52893 32.0
103984 23.0
153922 49.15
126488 22.75
30509 37.52
130508 37.52
153922 48.7
149994 24.0
123119 24.0
123119 18.94
106224 18.94
131725 54.11
52294 29.85
151424 29.85
100814 37.6
52005 37.6
52752 27.1
129428 20.0
28240 20.0
127686 23.0
129432 20.0
129430 20.0
1732 22.2
3082 22.2
151409 14.0
101379 14.0
103676 20.53
103677 20.53
139163 31.0
50489 23.78
127742 38.33
127743 38.33
134077 23.0
133458 23.0
33395 27.0
33397 27.0
128338 24.0
119398 18.77
129738 31.04
129737 31.04
10678 12.0
111301 12.0
111739 20.0
111738 20.0
110108 18.0
13133 18.0
112969 18.0
33292 25.0
113111 18.0
13050 18.0
13083 17.0
12775 17.0
103886 36.0
104082 36.0
53093 41.0
135440 41.0
125199 22.63
125638 22.63
114301 27.37
36646 32.0
35276 32.0
36646 35.0
137713 38.0
36646 38.0
2799 35.79
758 35.79
114796 16.0
129965 53.65
29964 57.28
48896 41.04
127334 49.53
23035 27.0
149739 27.0
133070 25.69
31849 39.3
31844 39.3
126123 36.0
136315 34.53
53959 34.53
100291 27.0
2145 27.0
104608 20.63
114304 28.56
114159 28.56
2799 31.43
138487 19.66
124780 24.0
124779 24.0
39062 39.0
153659 39.0
125201 17.0
53882 38.44
127575 16.0
37442 37.0
35772 37.0
27596 23.0
128681 11.0
153971 21.47
153659 32.0
33916 32.0
130074 30.0
130058 30.0
152759 26.59
31453 26.59
109967 15.66
110024 15.66
24359 32.76
153739 26.0
20502 17.0
119956 17.0
111727 30.31
111516 30.31
35631 60.29
36521 39.8
26932 27.0
39331 20.28
139332 20.28
139332 21.44
140584 21.44
33515 64.75
33563 64.75
27118 38.55
110063 15.18
110030 15.18
130634 38.71
31546 38.71
119114 14.12
119117 14.12
49475 29.26
149396 29.26
118698 17.99
118807 17.99
23765 12.2
23303 17.4
138403 17.0
38401 17.0
35149 25.0
34868 30.88
36844 30.88
114549 22.0
52891 16.0
50943 24.51
3885 58.67
122537 17.0
29734 23.45
129736 23.45
52890 33.62
35133 33.62
124862 15.0
150485 31.2
42074 31.2
147744 14.56
100402 63.4
100367 63.4
122242 25.81
122212 25.84
122207 25.84
151507 31.0
104493 39.0
102733 39.0
100976 23.67
101760 23.67
122533 20.0
32019 34.0
33914 68.61
15259 19.0
153967 26.8
34385 26.8
127355 35.0
133605 67.18
138953 36.25
138832 36.25
122725 38.02
122181 14.0
122180 14.0
119377 15.91
119365 14.43
19320 14.43
134573 31.07
137933 31.07
37291 31.1
38029 31.1
122994 25.0
115324 25.0
134648 44.0
34649 44.0
36029 39.4
36031 39.4
106544 35.5
115907 35.5
120729 7.89
120726 7.89
150079 31.0
152181 46.84
152181 49.53
102109 49.53
102112 36.22
52151 36.22
51300 15.95
152225 42.0
151794 42.0
110641 16.0
111766 16.0
49516 24.0
27567 31.84
149545 31.84
773 65.77
772 65.77
119321 5.0
127696 10.4
2638 43.44
52650 11.0
32793 11.0
152533 28.0
52780 34.84
29979 34.84
53538 13.47
53035 13.47
36185 23.28
111177 10.0
111180 10.0
114103 54.66
114101 62.76
117787 62.76
112467 56.61
50599 30.0
50608 30.0
10083 61.22
10086 61.22
12621 60.14
104774 31.31
51956 31.31
39731 12.0
39734 12.0
52736 31.2
36743 31.2
5731 29.71
115369 5.31
115299 5.31
105623 8.02
100099 8.02
127445 32.69
129519 32.69
6044 11.68
15728 11.68
115529 20.26
115507 20.26
115506 15.04
33656 26.35
39184 26.35
37387 31.61
53756 31.61
19440 24.06
26814 55.49
104178 15.28
105471 13.0
101657 25.0
105209 25.0
35772 34.0
37442 34.0
53882 32.93
136277 35.27
36276 35.27
103677 25.44
103676 25.44
53653 45.16
118552 32.57
118561 32.57
51190 33.0
104616 21.89
139511 12.65
102832 20.75
102824 20.75
25627 28.67
101375 33.3
101379 33.3
103335 34.99
151826 34.99
105378 51.53
3337 51.53
107935 59.67
22921 59.67
151826 32.5
105383 32.5
11522 14.0
111513 14.0
35301 9.07
35927 9.07
4094 48.31
130827 20.13
153792 41.45
118016 15.0
18232 15.0
1752 29.0
18232 16.0
118013 16.0
110996 9.0
110997 9.0
110996 11.0
102680 23.74
102681 23.74
110615 17.0
110619 17.0
110585 14.0
110611 16.0
110585 16.0
39880 13.14
39881 13.14
42021 22.56
114736 7.42
124862 26.36
130278 43.25
150562 29.0
114149 29.0
149532 32.02
114090 20.26
12458 26.06
114082 26.06
106602 53.44
148378 53.44
14321 17.0
12592 22.0
15266 16.0
128494 29.0
114179 23.0
14321 23.0
107609 31.0
107641 31.0
26813 49.86
27597 49.86
104347 21.0
151786 34.2
51882 34.2
7788 15.0
25671 67.27
126149 67.27
106823 22.0
6822 22.0
104490 24.0
7794 23.0
107813 16.71
107928 16.71
107809 23.14
107813 23.14
107552 12.32
7783 25.0
107601 25.0
4987 28.72
149612 13.0
127946 13.0
123648 35.4
50827 35.4
18215 23.52
3906 33.7
126198 65.59
25671 65.59
102020 53.68
2017 53.68
127431 32.0
129892 32.0
35067 74.0
135339 74.0
150534 16.0
105076 30.71
128829 60.27
129234 60.27
127540 45.88
115060 45.53
115058 45.53
10302 14.97
110499 14.97
119956 11.51
20502 11.51
35864 17.0
151284 10.29
122108 22.15
27567 29.0
49544 29.0
125289 22.0
127541 48.0
128813 59.53
25225 14.0
124491 14.0
107676 13.0
107601 13.0
107789 14.0
110611 6.0
19398 21.34
110615 12.0
110997 12.0
148403 35.2
123014 35.2
51671 31.4
152367 31.4
6652 13.17
6651 13.17
25953 51.51
4822 56.45
127359 40.05
129622 40.05
127339 15.0
131405 15.0
31430 15.0
118009 21.0
118026 21.0
20951 14.22
20880 24.14
120724 24.14
11172 14.92
111162 14.92
150534 21.0
125620 14.86
125614 14.86
34743 62.84
34742 62.84
26089 32.24
26138 32.24
123563 37.1
51729 15.36
100958 15.36
112798 28.97
13222 28.97
113221 11.57
113160 11.57
151494 19.0
123412 14.0
103991 14.0
51345 35.06
125314 35.06
105454 28.0
51963 28.0
126431 31.62
25808 31.62
100532 10.0
50580 28.0
50572 28.0
51904 30.72
31797 44.06
31798 44.06
125620 32.73
125314 33.66
51345 33.66
51362 11.82
100086 11.82
125614 31.91
51262 31.91
115234 28.92
123338 28.92
105638 29.5
22318 26.52
122316 26.52
27856 36.0
114711 21.55
50489 21.55
120354 33.62
107293 29.35
49528 12.0
27812 12.0
7466 26.57
148515 64.33
129209 28.0
148474 35.34
123217 35.34
127846 54.72
27845 54.72
106681 34.72
105783 34.72
150015 7.88
49790 27.7
125638 17.0
125199 17.0
52918 14.0
53818 14.0
100846 23.0
100695 23.0
107601 35.53
7783 35.53
134863 37.0
138645 37.0
107928 34.32
130623 23.41
29458 14.83
107556 17.0
107639 20.0
129488 26.54
126740 26.54
130875 31.91
30878 31.91
106140 22.0
22750 23.14
149287 23.14
103582 22.09
103581 22.09
27441 30.22
105987 33.47
122628 21.0
122627 21.0
122624 26.0
122628 26.0
22669 23.0
122624 23.0
137712 29.88
134925 19.0
125930 27.0
24932 27.0
125930 27.0
24932 27.0
53652 32.55
34017 32.55
150098 24.0
104672 29.0
4793 29.0
124358 29.0
127334 37.01
50943 28.6
51326 36.29
100185 67.73
100394 67.73
150862 31.0
51863 19.44
2086 19.44
123367 14.76
114312 14.76
130324 43.32
130853 43.32
7505 29.35
7333 29.35
101899 53.67
1901 53.67
23410 15.95
101374 15.95
100251 6.52
100261 6.52
52127 19.95
104343 19.95
47755 33.0
128886 33.0
47755 21.0
114839 11.0
14548 11.0
123214 17.0
123227 17.0
31436 14.0
132310 14.0
100370 21.0
105623 21.0
7673 15.87
50080 28.0
115469 28.0
37275 7.0
37433 7.0
134391 22.54
100231 19.0
103679 19.0
108213 14.0
8252 14.0
34359 36.15
134355 36.15
4971 2.29
123261 18.0
106146 18.0
53651 46.15
40445 46.15
108064 15.0
138050 9.0
138049 9.0
11159 12.07
120621 16.55
21170 16.55
111162 12.2
23913 26.83
128014 37.13
149489 37.13
102832 19.59
137969 8.0
22752 62.63
136289 11.0
27279 28.0
28953 28.0
52388 51.92
105680 18.99
22751 61.25
22748 61.25
122725 38.82
22623 38.82
104774 28.55
4851 28.55
33292 26.0
151364 16.72
37554 29.33
34875 29.33
102142 15.42
52135 15.42
5006 24.23
52135 24.23
152533 41.22
29979 22.0
52780 22.0
52654 28.0
130496 45.0
52654 45.0
152462 27.0
33282 27.0
31243 21.0
32793 21.0
38274 29.6
40410 29.6
130154 44.0
152462 44.0
127696 18.0
48650 30.36
152753 32.97
131745 32.97
107911 48.94
52127 23.0
107884 55.74
40445 44.09
53651 44.09
135425 28.35
53145 28.35
140137 40.33
135146 40.33
133201 28.84
7605 36.0
27275 25.0
34757 52.44
48650 52.44
53118 11.0
33399 16.14
34518 16.14
51919 27.0
37672 20.0
38393 22.0
40564 22.0
100390 53.82
100376 53.82
50943 22.0
125343 22.0
151234 23.0
5513 31.81
105512 31.81
125289 32.0
151261 14.29
101678 12.0
103698 12.0
100295 67.16
139163 23.0
24455 42.92
26111 45.86
124454 45.86
122108 14.57
37338 38.85
37339 38.85
138239 20.68
138238 20.68
132239 37.7
121854 19.92
121869 19.92
115045 22.56
112728 18.0
33524 45.54
152983 45.54
105330 40.45
151900 40.45
100695 11.0
100846 11.0
135487 25.0
40786 14.0
107956 39.3
7924 39.3
34742 36.5
34743 36.5
7917 34.9
7910 34.9
138238 10.74
10083 22.9
110026 22.9
150446 17.0
124818 17.27
124816 17.27
111869 15.0
50489 22.81
114711 22.81
106967 23.48
50042 23.48
35124 49.0
36019 49.0
107293 28.0
123338 29.29
115234 29.29
137533 11.0
138172 11.0
35085 14.0
53534 14.0
4971 2.29
113143 15.0
118282 15.0
125675 16.0
125956 16.0
109165 16.0
151424 33.65
52294 33.65
20450 13.0
120525 13.0
24600 57.9
115684 29.76
115810 29.76
102370 26.87
102371 26.87
133889 65.21
133888 65.21
121317 22.0
121480 22.0
107789 19.0
107915 11.0
109105 13.0
23357 30.0
5682 30.0
26818 14.0
107749 7.69
107869 7.69
9164 20.0
9163 20.0
4825 51.81
819 51.81
27039 51.97
128650 51.97
102012 20.0
27479 17.0
100387 57.61
356 57.61
35660 26.44
650 59.92
1018 59.92
100045 59.22
152265 22.61
106030 22.61
138087 34.79
138088 34.79
148456 40.51
123132 40.51
36470 12.0
140652 12.0
128706 63.91
148906 63.91
106021 61.21
148438 61.21
122017 17.31
115045 33.32
115045 53.48
15432 5.51
105698 29.69
49536 35.23
149322 35.23
28811 66.22
37574 49.34
138415 49.34
126013 26.9
110560 13.93
110558 13.93
27339 15.6
49647 32.0
106421 32.0
124862 28.71
100048 15.0
100049 15.0
31370 24.0
52774 24.0
130239 33.84
152775 33.84
125777 28.7
125773 28.7
5276 35.0
125773 15.83
126582 15.83
113681 15.0
113738 15.0
124862 30.23
27769 37.59
124869 24.85
114581 12.0
114266 23.53
114179 23.53
129320 8.0
111795 11.96
105160 18.0
105158 18.0
4566 14.06
102853 29.11
2860 19.12
5083 48.26
104542 48.26
112620 64.53
112624 53.42
51713 26.67
151485 26.67
151485 33.0
101299 33.0
104934 14.67
2862 14.67
4102 54.84
110084 63.44
7927 63.44
103714 24.72
3508 24.72
51877 15.0
26418 44.64
26418 29.03
113667 13.0
113681 13.0
126464 39.0
51208 39.0
51207 45.23
126464 45.23
51171 34.65
51326 34.65
124265 30.12
125260 30.12
101375 7.8
101915 39.12
4564 26.49
28703 41.16
127463 17.33
102327 33.84
51967 33.84
3727 30.64
123074 17.95
114896 17.95
114894 34.0
24288 63.09
48881 63.09
4899 65.63
3486 65.63
27481 36.93
127478 36.93
105488 30.51
114623 27.0
11184 13.88
111185 13.88
110857 27.85
22827 27.85
136613 43.3
153231 43.3
14548 12.0
39497 45.69
34568 45.69
14645 12.0
147766 12.0
26572 21.76
125555 21.76
100446 30.0
105465 30.0
119637 14.18
119638 14.18
106000 19.0
105829 19.0
143 35.0
100215 35.0
32648 18.0
32649 18.0
150071 24.53
114787 24.53
52576 19.0
2834 13.0
38969 39.0
38843 39.0
124999 39.01
134331 41.27
131775 43.49
38843 38.15
129428 38.29
445 61.12
105742 61.92
148388 61.92
118370 12.21
118268 12.21
52642 19.0
126856 30.0
126855 30.0
782 57.53
100387 57.53
110902 13.0
111486 13.0
50502 26.3
114421 26.3
2078 57.0
100045 57.0
122537 18.0
115339 12.13
105905 12.13
53770 35.98
139089 35.98
150296 24.0
50313 24.0
8252 15.72
108213 15.72
122242 13.08
122235 13.08
103708 15.45
122212 25.29
135629 61.26
25052 34.0
128763 55.34
30681 20.0
52654 27.0
132639 40.0
33796 25.0
34450 25.0
104026 23.26
105159 23.26
36517 21.0
50034 27.3
4389 69.77
4812 70.45
4804 63.52
48545 63.52
4189 28.0
31031 7.0
118378 30.04
118579 30.04
115020 2.52
115761 2.52
100483 29.5
482 29.5
123374 17.0
150485 17.0
50170 13.19
105960 13.19
21100 23.6
147744 6.24
109115 6.24
115506 8.99
107969 60.19
107935 60.19
11750 12.0
111485 12.0
122579 17.17
4886 64.53
103601 55.78
4094 55.78
110898 10.0
110931 10.0
123016 44.69
4892 65.77
4898 65.77
111486 14.0
110902 14.0
136927 18.0
36926 18.0
110932 16.83
110931 16.83
3194 18.0
3486 57.88
104932 57.88
50042 27.67
106967 27.67
48845 28.19
124633 28.19
121480 18.0
121317 18.0
15289 39.0
150428 39.0
25401 22.3
135054 39.16
38842 39.16
37834 69.04
119326 20.05
49784 28.36
107008 22.06
107076 22.06
31453 24.42
152759 24.42
32034 34.0
131427 15.0
47783 31.56
115055 30.9
115979 30.9
107076 29.33
149893 29.33
52871 25.0
27234 28.0
35314 37.89
49013 18.0
113170 18.0
4788 63.09
106530 33.95
150103 33.95
22571 18.0
137543 50.75
33524 50.75
126680 23.41
137252 46.47
138487 15.38
31763 15.38
52576 42.68
30927 42.68
123227 21.0
123233 21.0
115057 15.99
15749 15.99
125515 23.54
28786 62.38
128706 62.38
104958 43.68
2631 43.68
3925 20.99
32494 27.55
32496 27.55
26249 29.84
123233 13.0
123227 13.0
40847 32.26
39291 32.26
107398 30.4
107529 30.4
31340 27.0
111498 28.14
111419 28.14
25550 14.5
12412 13.0
12469 13.0
102178 11.12
119402 19.54
27469 21.0
21961 14.42
21937 14.42
124779 30.65
50799 30.65
50799 32.28
51097 32.28
113810 16.83
13886 16.83
104679 11.0
110385 9.36
110387 9.36
110931 8.0
110902 8.0
150106 31.69
115469 31.69
7909 53.51
18808 20.53
118827 20.53
122575 20.0
115469 28.0
115272 28.0
124876 25.0
32019 33.5
152456 33.5
24055 33.35
115115 14.83
50353 14.83
50502 26.0
115488 26.0
31844 24.92
32284 24.92
135345 15.0
130554 9.0
111738 20.0
111739 20.0
151949 27.0
143 27.0
49563 22.15
27113 22.15
111301 13.0
10678 13.0
129736 27.9
29734 27.9
152064 37.0
152172 37.0
105428 45.63
105427 45.63
127742 35.0
126881 35.0
136199 14.0
140272 14.0
115814 18.32
15680 18.32
125555 15.54
124666 15.54
109505 14.65
110025 14.65
122828 24.84
11442 24.84
126336 38.3
26117 38.3
111516 9.81
111727 9.81
111727 23.75
110870 23.75
1967 53.38
102008 53.38
108023 9.13
101899 62.78
22420 63.95
22441 63.95
110030 14.63
110063 14.63
24540 56.71
25401 23.65
124633 27.21
48845 27.21
139353 26.0
40468 26.0
102773 30.0
105376 26.0
5505 26.0
105383 24.0
128608 65.11
123119 26.0
149994 26.0
153876 20.41
106224 23.84
123119 23.84
16200 42.77
53391 20.4
135237 19.0
35241 8.62
35263 25.0
135264 25.0
11772 13.0
11724 13.0
35737 17.0
53244 17.0
133468 23.0
48900 58.45
105427 53.97
105428 53.97
53568 28.29
5089 28.51
28607 72.06
128608 72.06
31296 46.87
52835 46.87
136261 61.54
27275 32.0
150179 25.0
115621 25.0
39081 26.0
33358 26.0
138628 29.0
53700 32.69
53738 30.27
33522 17.53
38948 17.53
53687 43.68
39000 43.68
150439 10.26
50419 10.26
106499 34.45
149970 34.45
106423 27.41
106383 27.41
52163 24.0
111556 28.93
110558 28.93
127366 28.94
26818 28.94
26108 59.68
124539 59.68
104409 28.0
5276 28.0
5276 27.0
104334 27.0
49673 13.0
25246 17.0
123748 17.0
107514 11.29
7476 11.29
103701 21.77
3702 21.77
50341 62.78
14934 62.78
52780 37.53
152533 37.53
109105 12.0
109077 12.0
109152 14.25
109105 14.25
13837 21.0
1970 54.42
149210 20.0
2844 5.38
51701 5.38
111925 10.2
11716 10.2
103196 20.0
4194 20.0
11172 8.91
111177 8.91
121804 15.66
121811 15.66
130111 16.25
37678 23.0
152676 43.76
31553 43.76
127478 38.91
27481 38.91
111176 14.0
122739 62.71
122758 62.71
103922 20.04
3923 20.04
101012 70.22
100237 33.0
114555 22.81
132193 29.43
32195 29.43
29991 29.73
124825 52.84
107915 10.0
134191 41.13
124604 53.62
124603 53.62
32435 11.0
23579 41.0
123577 41.0
26131 43.96
101926 25.51
102318 25.51
107245 21.07
107405 36.16
102317 17.19
33632 12.0
133631 12.0
3845 31.97
3848 31.97
147756 32.84
31241 4.52
107639 16.0
107676 16.0
31330 33.55
32505 33.55
31328 12.48
52234 14.0
133963 61.94
103726 29.22
103731 29.22
391 61.96
100402 61.96
105394 39.13
105403 39.13
100018 17.0
148853 28.0
48848 28.0
53517 7.85
53193 7.85
39158 14.0
53729 14.0
10459 19.69
38029 21.64
34462 21.64
6822 22.7
106823 22.7
34585 56.0
12469 9.0
112361 9.0
27665 56.5
52512 15.47
152456 15.0
32019 15.0
27665 63.09
128816 54.03
128829 54.03
134355 27.0
34359 27.0
126464 43.22
51207 43.22
118827 21.12
18808 21.12
121073 30.36
20757 30.36
114896 12.85
114880 12.85
20748 16.68
20757 16.68
119165 24.47
119215 24.47
139865 44.84
139862 44.84
119377 16.2
152775 36.56
52918 14.0
53818 14.0
105698 30.0
126463 46.96
51208 46.96
49544 29.0
27567 29.0
105899 24.12
125639 32.55
126463 32.55
126022 18.14
125017 18.14
110902 13.92
110898 13.92
115792 24.85
150439 24.85
11469 10.0
115020 2.52
115761 2.52
151139 22.0
111549 19.0
111438 19.0
27077 20.12
129672 24.0
49353 24.0
104867 14.0
152214 16.71
101956 16.71
28593 66.01
104059 22.77
151640 22.77
33745 31.53
37349 20.28
24616 14.0
24615 14.0
34380 39.98
53882 39.98
49610 14.0
103496 14.56
2044 14.56
122786 21.33
114757 27.13
150534 27.13
131870 33.0
52758 18.0
52850 18.0
12448 43.17
112370 43.17
133862 45.13
133859 45.13
121408 9.36
125686 53.42
25149 53.42
33884 67.2
133883 72.82
33882 72.82
2575 26.84
51871 30.75
134443 66.37
33868 66.37
10032 43.98
12621 43.98
2177 25.68
128667 25.0
24596 59.08
124825 59.08
21113 14.57
48973 60.46
49020 15.0
118905 15.0
119110 11.0
49020 11.0
33172 37.59
149407 15.0
24060 21.0
18857 10.0
118859 10.0
33079 21.22
33001 21.22
3402 28.0
129474 36.92
129473 36.92
52059 38.32
104809 38.32
105197 19.0
104490 19.0
132043 41.49
30382 41.49
12775 17.0
13083 17.0
43620 16.03
129078 16.03
103964 20.0
102962 20.0
122580 19.0
127352 28.0
129672 28.0
33877 66.13
4907 56.59
105115 56.59
135436 27.0
136133 27.0
3139 14.0
150439 10.26
50419 10.26
131138 43.19
31137 43.19
47746 64.25
102673 21.67
2674 21.67
133866 69.59
33865 69.59
101299 11.09
151485 11.09
102962 17.0
111780 43.03
111478 43.03
7900 12.0
103986 57.38
15780 4.87
4424 29.4
104427 29.4
49453 21.0
26978 21.0
28240 11.0
33695 24.0
138832 37.61
138953 37.61
36195 23.76
132239 37.41
30018 37.41
48650 46.21
34013 39.86
40550 39.86
120724 16.6
120726 16.6
114623 20.63
118605 17.15
49023 17.15
125078 56.84
126172 56.84
123856 33.68
125926 33.68
122725 38.82
22623 38.82
125161 26.0
24981 26.0
127744 41.55
127743 41.55
122615 28.0
122901 28.0
122421 10.79
122418 10.79
53889 26.71
34423 33.0
134869 33.0
1 26.43
102403 26.43
52476 17.0
122180 21.95
125930 34.21
125932 34.21
139469 7.0
139092 23.0
100532 15.0
148487 33.8
150857 34.0
126380 34.0
51908 52.05
32898 30.0
31305 30.0
114149 30.5
150562 30.5
52835 29.0
31292 29.0
104427 36.94
4428 36.94
31260 42.84
114736 13.47
31311 42.0
152676 42.0
23425 10.76
114115 10.76
115299 19.75
115369 19.75
151485 24.93
51713 24.93
14102 26.79
14067 26.79
20998 25.95
121007 25.95
13738 20.0
24284 62.06
2748 31.55
5003 31.55
101957 16.53
101956 16.53
136440 63.03
36441 63.03
101956 23.35
152214 23.35
102317 32.0
102318 20.0
101926 20.0
30000 73.92
53039 34.0
129833 74.77
110030 10.0
32154 74.69
152873 74.69
130053 18.0
31955 18.0
113170 19.83
49013 19.83
104885 64.1
105060 64.1
151640 20.36
3304 20.36
18967 24.0
130789 18.0
106030 17.73
152265 17.73
127375 33.0
134367 22.0
139593 22.0
126031 21.0
105779 16.84
120840 14.0
120846 14.0
152438 28.0
53861 29.0
134355 29.0
127003 32.0
127868 37.0
128369 37.0
51178 33.53
25510 33.53
111516 29.68
122824 29.68
50173 33.24
150206 33.24
7186 13.19
24287 65.41
124286 65.41
105673 13.53
135632 57.25
34043 57.25
114152 30.61
114301 30.61
10574 14.0
121300 20.31
19762 20.31
133070 11.0
32138 11.0
33057 33.44
2575 20.0
102576 20.0
123082 23.49
34359 27.0
53679 27.0
49918 27.67
115970 27.67
23079 12.76
105903 12.76
119365 22.46
150103 26.0
106530 26.0
107171 15.0
150103 15.0
28613 31.53
148797 47.13
123217 26.63
28873 42.0
15749 24.0
115057 24.0
50888 10.78
128587 10.78
28743 25.0
129210 25.0
23919 22.58
49574 25.0
25574 33.23
52393 29.0
52399 29.0
131623 38.41
5038 33.92
138049 7.0
38048 8.0
114301 33.96
114148 33.96
106146 17.0
123261 17.0
50474 21.0
106140 23.37
135349 15.45
140487 15.45
37433 9.0
37275 9.0
2015 43.68
138050 7.0
42051 7.0
35350 8.0
136903 8.0
23915 28.0
127306 18.0
127305 18.0
129121 36.0
126886 36.0
37040 25.0
150234 13.12
108325 15.45
38842 29.89
135053 29.89
18857 19.0
120999 34.01
21015 34.01
107171 19.23
50173 19.23
150206 6.64
50210 6.64
102344 31.84
5073 31.84
32989 37.0
152456 37.0
152457 38.15
52458 38.15
49023 16.0
118605 16.0
126856 30.0
2014110 28.0
2014111 28.0
106907 15.4
105800 15.4
122788 23.8
50604 23.8
49982 22.84
124669 30.0
106878 26.99
106166 26.99
50051 23.68
53035 28.19
53538 28.19
38092 31.84
123982 13.0
123980 13.0
52744 37.91
130623 37.91
36470 23.15
134784 23.15
11525 26.13
2145 28.0
100291 28.0
127016 18.0
48784 33.04
101050 33.04
28076 27.0
9836 13.0
121672 35.0
121600 35.0
135237 18.57
14036 20.67
14040 20.67
26690 22.0
125561 22.0
150057 24.0
12464 24.81
33468 15.98
152533 40.84
52780 40.84
53738 8.0
34426 8.0
103993 19.0
124814 12.91
24813 12.91
152805 20.0
108353 11.0
108319 11.0
113719 19.0
13668 19.0
112480 14.21
14057 14.21
124618 26.0
24619 26.0
138850 31.0
131623 36.0
52393 36.0
51278 20.0
26205 20.0
153777 19.15
140724 21.35
53923 21.35
32796 9.58
127575 21.15
124869 52.97
148403 28.0
105816 28.0
149532 31.92
8442 9.49
109123 9.49
109168 8.51
109088 8.51
49574 29.0
50338 15.51
100051 11.64
114256 7.0
26372 19.0
115238 14.0
153777 18.0
149534 35.36
49552 35.36
32336 33.0
32337 33.0
26572 17.0
122234 16.01
122242 16.01
115852 23.78
107019 23.78
122286 20.0
121726 20.0
122017 20.0
47763 30.77
150215 30.77
122212 26.0
149489 38.0
128014 38.0
125982 63.07
25979 63.07
115419 25.88
106851 25.88
34676 18.0
135692 18.0
119325 15.0
119365 15.0
34568 44.0
39497 44.0
142017 33.27
42021 29.95
142017 29.95
37835 72.29
122533 16.0
123397 10.0
10436 10.0
110434 10.0
50080 22.0
150101 22.0
128634 57.86
127122 15.0
115601 14.66
122994 33.76
114946 33.76
110063 14.0
110057 14.0
22571 23.06
49754 25.89
107058 25.89
124043 51.83
24044 51.83
40432 22.53
33468 22.53
28758 27.0
149361 27.0
104648 26.0
153777 25.89
31767 25.78
131768 25.78
34085 38.84
134077 38.84
2631 41.62
103949 41.62
102712 17.44
51701 17.44
4415 23.0
121243 16.41
106378 3.45
150015 3.45
31389 32.0
29988 32.0
32394 8.0
32519 8.0
127199 44.57
147965 44.15
53696 16.0
34380 16.0
38393 10.0
134101 58.75
122180 19.47
122181 19.47
115885 24.0
123234 24.0
101214 14.0
103582 14.0
151173 30.0
124101 30.0
4395 66.36
32151 74.84
29994 74.84
120669 12.98
118689 20.85
118780 20.85
15301 26.75
51337 26.75
34385 27.87
153967 27.87
120678 12.0
50476 15.3
150472 15.3
132905 14.0
118595 10.54
118594 10.54
47950 58.69
35506 48.07
133070 32.0
130337 32.0
13975 7.21
14036 7.21
35515 31.63
36237 31.63
42081 14.0
33545 71.06
11906 7.8
39184 34.09
133462 34.09
113075 15.23
113096 15.23
132256 46.68
102832 14.29
101133 14.29
18232 12.0
118016 12.0
103990 22.85
119123 26.36
151911 19.0
148454 47.61
19289 17.0
102042 17.73
105578 17.73
15316 34.72
148372 39.14
128784 62.47
105514 38.72
51668 20.57
102832 20.57
100099 47.2
100099 41.16
110085 23.0
7962 38.55
7913 38.55
109260 49.15
111478 42.5
107266 49.39
148485 49.39
11750 12.0
10831 9.0
111485 9.0
109143 14.63
109115 14.63
119064 17.33
119062 17.33
11778 27.43
147744 20.69
31450 65.44
130530 33.0
30531 33.0
134331 41.27
32796 11.0
131455 65.37
129026 33.0
127431 33.0
125096 18.0
26003 18.0
123082 24.12
105944 24.12
127175 11.0
139862 37.01
139865 37.01
129717 27.0
129428 20.0
28240 20.0
1580 63.58
101014 63.58
30285 63.62
152775 30.27
40016 22.15
33371 22.15
25776 36.87
126582 29.61
122643 12.0
25873 23.0
125527 23.0
131458 66.15
31459 66.15
130197 35.11
32296 35.11
28049 21.61
35194 19.94
35193 19.94
50654 21.0
53155 21.0
53156 21.0
53244 20.0
35737 20.0
7909 52.96
47820 52.96
130110 39.25
130111 39.25
137501 53.25
34103 53.25
40393 33.52
22748 61.34
22752 61.34
50831 34.45
118396 9.41
118205 9.41
19762 16.06
121300 16.06
149407 16.0
53535 22.81
136739 22.81
15963 23.71
138755 42.51
33451 68.6
149667 34.0
122966 34.0
11724 7.25
11772 7.25
53391 24.15
107816 26.63
38880 28.03
39745 28.03
128338 11.95
104493 11.14
24595 54.27
26130 54.27
114312 14.5
123367 14.5
30701 34.94
30700 34.94
23601 62.38
125982 62.38
137666 23.74
37668 23.74
31821 44.44
22471 7.56
137188 32.87
140272 18.0
53868 26.77
140612 26.77
49552 29.68
149534 29.68
138172 19.0
137536 19.0
30272 46.29
100614 29.0
100767 29.0
103750 31.0
151749 31.0
152394 45.54
31797 45.54
28062 25.0
10347 11.4
10535 11.4
101247 10.21
103993 10.21
38245 25.0
138250 25.0
10955 10.21
10978 10.21
117877 11.83
117899 11.83
22503 23.0
135347 6.19
35348 6.19
23950 17.39
126488 17.39
130111 16.25
37342 34.8
137344 34.8
21170 19.5
120627 19.5
102832 19.0
51668 19.0
153115 28.0
131284 28.0
131286 23.0
48898 20.63
50170 20.63
102962 16.64
103964 16.64
30927 40.09
52576 40.09
32905 26.0
130115 26.0
33239 19.0
122259 13.45
122234 13.45
33414 22.0
139166 22.0
3849 21.25
125932 30.0
124930 30.0
103948 55.38
4102 55.38
35968 28.78
53124 28.78
32639 10.83
30591 28.22
130592 28.22
31902 45.82
52508 21.0
125956 19.0
31868 23.84
131870 23.84
153922 48.88
125620 32.0
51262 33.96
125614 33.96
52388 48.81
107785 14.0
107633 13.0
107632 13.0
114894 33.0
31241 25.11
130843 25.11
134784 20.0
36470 20.0
49664 43.57
115173 43.57
117778 22.6
52767 18.0
32843 18.0
123327 28.0
50250 28.0
102610 11.41
52271 11.41
122628 31.52
122624 31.52
129124 35.0
129123 35.0
50245 20.0
106760 20.0
107171 27.0
125963 13.0
125017 13.0
104934 6.69
26205 14.0
51278 14.0
135345 15.0
31891 20.0
31892 20.0
128587 12.0
50888 12.0
151038 20.0
148853 8.61
106479 30.66
106806 30.66
103993 15.0
101247 15.0
39586 22.48
138644 22.48
22154 18.0
122101 18.0
150206 32.9
50173 32.9
153659 35.0
39062 35.0
152409 56.68
50108 14.0
105897 14.0
139509 41.0
26165 45.44
125693 45.44
35759 36.58
135757 36.58
40531 38.91
53404 38.91
3039 16.0
40847 30.84
53733 30.84
32019 41.74
124710 56.51
101824 20.85
51882 20.85
128062 19.0
121403 23.15
21407 23.15
150131 14.0
126832 16.82
129088 16.82
136739 14.58
53535 14.58
121408 18.72
140443 15.0
119499 12.7
119745 12.7
125201 30.84
124846 30.84
22781 20.0
130708 12.42
130712 12.42
122648 22.0
122643 22.0
149287 22.0
4194 21.0
124846 33.02
125201 33.02
129765 36.79
29768 36.79
33468 31.23
133471 31.23
49090 15.0
107433 15.0
122553 19.0
122580 19.0
114726 23.06
123342 23.06
25025 23.2
108325 8.0
114844 35.23
123203 35.23
118242 10.0
117993 10.0
33703 20.0
125734 23.0
125034 23.0
120546 20.57
118635 20.57
18015 12.0
112900 12.0
114148 41.4
114301 41.4
100789 36.0
126876 33.48
150071 30.3
106530 30.3
49828 25.88
15963 25.88
35300 43.48
134122 43.48
138088 31.0
138087 31.0
129892 36.0
127431 36.0
140652 16.0
36470 16.0
117899 16.0
117877 16.0
30578 30.75
130577 30.75
150521 13.32
28496 29.0
50414 15.0
105848 15.0
114442 25.0
50414 25.0
50250 26.0
123327 26.0
106760 23.0
50245 23.0
103174 12.27
100958 20.93
51729 20.93
51255 23.91
110063 15.55
110064 15.55
22924 14.0
110404 14.0
51190 36.0
104354 18.84
5071 18.84
4988 16.0
4216 19.0
34454 65.85
133889 65.85
53126 56.91
136270 56.91
28381 26.97
24301 61.99
49610 21.28
149609 21.28
52670 40.75
131670 27.74
26130 50.64
134442 66.33
118205 9.35
118396 9.35
52736 32.21
34162 26.0
135150 26.0
149739 16.0
102181 17.6
101954 17.6
130098 14.24
52670 14.24
4842 54.25
37429 16.0
105333 40.0
100820 40.0
53818 31.24
153817 31.24
139032 24.29
52964 24.0
34454 60.12
115621 21.0
150179 21.0
40564 26.0
40569 26.0
119148 12.55
20284 12.55
110328 13.0
10313 13.0
138993 25.0
53719 25.0
11444 9.0
110556 12.0
112872 12.0
34300 40.15
139392 40.15
39033 44.38
35015 44.38
53767 18.0
33386 18.0
153840 33.87
53924 33.87
153702 26.49
134320 28.31
4418 15.84
31382 12.0
114765 7.0
114683 7.0
128369 39.0
54273 39.0
149627 23.0
127868 23.0
10454 14.0
110449 14.0
50419 27.21
150439 27.21
122537 16.0
122524 16.0
122538 22.0
122537 22.0
122541 25.0
52404 40.9
53679 33.0
34359 33.0
34584 21.81
34038 21.81
132378 31.16
32382 31.16
6323 27.28
111162 12.2
10853 9.63
110895 9.63
104524 24.0
126042 21.5
124999 21.5
137369 32.86
37370 32.86
13751 16.29
113810 16.29
24354 24.0
37083 18.83
37081 18.83
27880 15.69
129073 15.69
107433 15.0
151900 37.36
105330 37.36
36149 35.92
133564 28.29
123367 28.01
114312 28.01
12629 5.57
12398 5.57
101066 26.17
103677 26.17
36149 18.3
36396 18.3
48398 37.09
48400 37.09
114719 29.0
120036 29.0
50548 27.0
50535 27.0
133376 37.44
33379 37.44
132460 21.0
130058 21.0
30526 11.0
111205 16.06
11204 16.06
33382 38.84
53767 38.84
33379 45.83
33380 45.83
30922 32.0
130165 32.0
36016 56.24
24289 71.96
114667 3.76
127030 8.0
128166 8.0
117857 23.0
127355 16.0
30906 35.63
47755 21.0
104835 45.38
103518 16.0
22279 19.0
122284 19.0
11781 34.39
11779 34.39
110992 3.46
53959 35.0
136315 35.0
4375 63.12
104376 63.12
4378 65.52
4737 65.52
104379 63.38
4399 63.38
4398 65.34
138050 8.0
52388 45.49
52388 46.28
52388 48.61
117792 20.01
117778 20.01
129976 14.0
31708 14.0
35827 53.25
35826 53.25
124594 52.89
123924 52.89
119126 24.46
118996 24.46
35133 33.0
52890 33.0
140753 25.3
39023 25.3
48371 35.19
1835 35.19
111560 9.42
10911 9.42
103518 14.0
111177 13.0
11172 13.0
119123 12.0
119117 12.0
33356 52.38
133357 52.38
134620 63.42
36437 63.42
12143 10.88
5095 14.0
104730 14.0
113699 3.8
126488 46.59
125078 46.59
101785 8.0
104809 40.36
4686 40.36
104462 19.0
52059 19.0
135246 69.19
397 41.79
391 41.79
51653 31.11
121810 15.0
122017 15.0
52752 27.66
103369 51.52
2019 51.52
104917 33.0
132142 24.0
33515 65.42
18297 20.0
118358 20.0
51879 37.44
51802 24.16
66 24.16
3385 36.28
102039 36.28
100370 11.0
3384 35.78
3385 35.78
130058 10.0
131024 8.0
115844 15.22
130074 19.0
109967 15.45
9947 15.45
152676 10.26
31311 10.26
150853 21.0
107743 19.02
107743 13.12
109206 13.12
31292 13.11
52835 13.11
48453 24.9
100370 42.59
10853 39.16
111693 39.16
148996 44.81
111498 44.81
33386 24.0
53767 24.0
25550 33.18
26572 33.18
40147 19.0
140150 19.0
4971 21.74
101468 16.81
51430 16.81
5121 24.44
101468 24.44
31161 11.98
33292 11.98
107634 7.69
107585 7.69
125773 33.89
126031 28.35
26166 60.72
26175 60.72
118965 19.47
118991 19.47
3017011 32.0
3017010 32.0
33979 18.0
138944 18.0
122664 10.0
22508 34.33
122627 34.33
132273 15.7
114839 24.34
14548 24.34
11886 9.0
31967 15.0
131206 15.0
100780 56.57
3354 56.57
1715 30.0
114302 23.0
150553 23.0
27867 21.0
150863 28.84
50768 28.84
104809 27.0
52059 27.0
24505 9.8
124262 9.8
33343 15.0
104492 24.56
5095 24.56
103424 26.0
35781 13.0
151279 22.81
388 57.08
113075 16.0
102147 40.89
5513 40.89
5240 12.0
130637 47.58
130640 47.58
124307 30.33
125457 30.33
126148 64.45
25673 64.45
122286 6.71
52737 38.0
122242 14.26
122234 14.26
11554 42.37
11530 42.37
115124 19.66
7243 19.66
126921 67.69
149574 32.0
28743 29.0
36097 44.68
115284 40.0
115168 40.0
22291 24.62
35371 37.63
25063 12.0
101899 55.37
53818 25.07
52918 25.07
40012 31.78
35411 31.78
105897 16.96
50108 16.96
151313 27.42
124043 27.42
26631 22.68
134527 46.99
134526 46.99
36044 6.0
136045 6.0
103679 19.0
100231 19.0
137369 22.73
118180 10.96
118368 10.96
19470 27.3
19455 27.3
7786 20.21
107869 11.36
105672 31.69
105673 31.69
103550 16.07
28626 62.82
127828 62.82
20361 19.47
31832 21.0
28779 59.75
103628 7.74
100035 7.74
4102 54.05
104042 54.05
127776 41.61
34115 20.14
36909 20.14
134678 34.49
133719 21.9
48529 55.27
15204 55.27
4090 50.9
3968 50.9
122816 15.99
122793 15.99
149844 49.52
123076 49.52
51692 14.19
100532 14.19
115907 36.75
106544 36.75
23425 29.84
50170 29.84
122966 35.62
149667 35.62
115324 10.99
122994 10.99
7377 70.65
129210 26.19
28743 26.19
4566 5.42
106806 34.2
106479 34.2
150446 25.66
104530 19.33
4529 19.33
50572 23.0
114148 23.0
51924 34.0
126966 12.0
52737 36.0
28743 21.0
149574 21.0
149574 29.0
51058 23.0
124760 23.0
53256 15.86
124045 60.51
130111 20.14
52840 20.14
104065 27.05
100958 27.05
126044 64.74
26046 64.74
37678 26.0
140169 26.0
126031 32.0
151261 32.0
15780 26.0
24537 21.0
150938 21.0
125561 21.0
24537 21.0
124763 39.0
50852 39.0
147765 7.0
2452 6.5
3554 6.5
112438 14.0
112135 14.0
114896 22.14
114886 22.14
51287 34.0
151311 34.0
14548 10.0
123374 14.0
150559 24.83
114623 24.83
26278 27.53
107911 47.56
26061 26.91
25851 26.91
123982 25.84
126270 25.84
123555 28.09
125793 28.09
150460 27.08
114266 27.08
106143 30.38
123261 30.38
106154 7.0
106146 7.0
150103 20.81
107171 20.81
5150 7.0
13626 14.0
113681 14.0
128494 23.0
37360 39.62
53039 39.62
51737 33.52
51374 33.52
152676 42.0
52375 27.0
4298 27.0
51661 33.52
102579 33.52
102344 38.51
150863 27.01
133637 29.0
23608 16.0
149456 54.84
26997 54.84
120036 11.0
122213 23.0
149204 23.0
149210 24.83
100483 23.0
100486 23.0
133013 42.91
51737 28.0
101432 28.0
106763 39.09
105791 39.09
108092 13.0
9183 13.0
108070 19.0
3424 8.0
100446 61.22
444 61.22
107602 21.0
107705 21.0
121184 18.28
121246 18.28
105804 30.3
106643 30.3
37081 28.0
37083 28.0
137245 43.77
131623 60.0
151380 23.68
104204 23.68
105900 19.0
150196 19.0
150196 24.0
150198 24.0
33190 35.43
27016 24.0
112758 15.84
103581 25.3
103582 25.3
28479 19.26
36844 22.0
34868 22.0
134855 33.0
24158 9.0
1355 17.0
101197 17.0
150490 21.06
114283 21.06
2844 28.09
102712 28.09
125166 23.36
150521 20.0
50523 20.0
118013 13.0
18232 13.0
33071 17.0
133070 17.0
110585 11.0
110611 11.0
129785 23.77
22927 11.0
110615 11.0
110997 11.0
110996 11.0
29942 47.41
110561 14.0
53679 28.0
53743 28.0
51362 16.45
50438 24.04
14518 24.35
50767 23.29
106308 28.07
114450 28.07
120600 21.55
30815 17.82
100618 8.01
151370 8.01
114450 28.0
114442 28.0
114577 31.84
114581 31.84
35839 23.09
53095 23.09
105208 21.44
52358 21.44
30572 45.9
51086 36.13
24372 36.13
10954 9.45
11566 10.49
134355 32.15
53861 32.15
18471 14.0
48405 54.16
36185 24.0
51882 30.08
151786 30.08
50170 24.31
23425 24.31
27118 29.77
139332 19.88
39331 19.88
53738 27.86
129948 47.0
35695 7.35
135403 7.35
106421 29.0
49647 29.0
48931 9.59
111469 9.59
35695 24.91
104047 41.87
150539 30.0
150542 30.0
27113 27.0
49563 27.0
127122 45.14
11772 7.0
40578 20.0
7927 64.35
107969 64.35
106670 14.0
106073 14.0
114414 23.0
114274 23.0
14274 17.0
112716 14.0
112651 14.0
22318 26.52
122316 26.52
114309 25.2
114152 25.2
10058 2.4
52151 11.19
9836 12.0
125849 32.41
134767 57.08
100385 23.0
409 23.0
133294 9.56
149574 19.0
28743 19.0
30149 14.0
31120 14.0
126876 38.26
49370 38.26
25973 16.0
125784 16.0
23581 23.0
125595 23.0
148458 9.69
11586 17.48
118357 18.0
113143 18.0
152775 36.0
130239 36.0
153864 20.0
150553 14.0
101954 10.0
102181 10.0
118661 13.14
18696 13.14
105465 33.56
25849 22.68
136849 21.68
53193 11.86
53247 11.86
53247 23.97
136065 23.97
35228 29.84
52933 29.84
148883 60.11
129854 60.11
50527 26.0
114613 26.0
122627 32.24
122628 32.24
150101 24.0
149483 39.99
127711 39.99
104934 10.0
104570 15.0
4566 15.0
101957 22.48
101946 22.48
50338 22.71
39193 18.0
37554 21.0
42008 21.0
126335 18.0
126648 18.0
48850 36.0
36150 19.0
138454 11.0
42008 24.0
39684 30.76
104616 13.0
5052 13.0
48514 65.87
104054 30.0
103286 30.0
138957 23.0
148522 67.07
148520 67.07
115036 64.96
148508 64.96
127212 26.24
127207 26.24
109152 3.0
109151 3.0
133611 12.15
42002 12.15
33623 47.89
14645 23.05
147766 23.05
30000 71.53
130347 71.53
120796 21.24
121118 21.24
21113 23.0
121118 19.0
21801 19.0
136782 21.0
36783 21.0
37624 28.0
133784 27.0
33783 27.0
133898 67.3
33899 67.3
39100 30.0
139101 30.0
130335 39.23
32562 39.23
121765 24.0
121804 24.0
36161 49.55
52794 12.0
112370 36.15
123748 35.27
150671 35.27
107734 16.0
107705 16.0
107602 13.0
22970 36.06
6771 36.06
134517 7.0
36562 7.0
50830 37.2
136028 38.27
36029 38.27
123397 12.0
132069 22.83
115469 26.85
50080 26.85
107058 26.58
49754 26.58
114787 21.37
150071 21.37
136278 34.23
34638 34.23
4460 26.0
100767 24.0
100614 24.0
52576 37.57
107198 25.78
23317 25.78
24154 6.13
136517 29.86
34060 52.0
53534 21.0
35085 21.0
138172 10.0
110772 10.0
111333 10.0
135485 35.88
34699 35.88
111469 23.77
110898 10.0
110902 10.0
114196 21.23
114346 21.23
122403 17.61
139166 24.0
23436 26.5
14932 26.5
32905 24.0
3394 22.41
14548 17.48
114839 17.48
153922 47.84
52841 22.97
126881 15.0
21170 19.0
120621 19.0
153777 13.68
133458 37.0
134077 37.0
33397 23.72
33395 23.72
123125 24.32
106587 24.32
127006 19.0
27007 19.0
27559 22.0
126177 61.5
26166 61.5
52778 20.0
130249 20.0
25673 64.4
126199 64.4
140331 30.15
30880 30.15
104530 27.2
51867 27.2
100981 15.0
101310 15.0
140272 13.13
136199 13.13
53274 18.0
117778 20.26
119212 20.26
26809 58.15
5252 62.22
104397 62.22
148497 27.0
152873 73.76
30000 73.76
100048 19.0
132439 39.88
128763 57.25
26809 57.25
30995 71.98
30994 71.98
32138 42.54
51729 21.61
126866 74.61
129833 74.61
13975 2.48
100820 45.97
105333 45.97
105883 48.58
106602 48.58
148378 53.81
148375 53.81
28618 65.53
48828 65.53
2834 20.0
5383 7.0
50263 62.35
102773 27.0
5505 20.49
105376 20.49
151303 29.6
147766 54.4
148532 54.4
37350 43.01
37349 43.01
147809 21.0
122793 19.73
152753 17.0
152517 17.0
22550 29.3
122554 16.01
122537 16.01
122537 27.36
122538 27.36
103676 22.17
152432 48.88
130664 48.88
103335 4.9
36423 20.0
35660 20.0
31285 20.0
51982 33.12
102097 33.12
47795 46.36
105383 31.13
151826 31.13
100886 24.98
909 24.98
108023 8.0
108064 15.0
52670 31.06
130098 31.06
114790 24.0
388 57.17
100780 57.17
53700 34.0
34359 34.0
36786 33.81
22339 35.19
11537 25.09
11542 25.09
22747 56.44
22751 56.44
20998 25.95
121007 25.95
10535 7.25
105383 26.58
151968 9.21
34086 69.69
134087 69.69
21050 22.45
21053 22.45
10886 12.0
10894 12.0
111177 10.0
10911 10.0
130678 34.5
130827 34.5
5875 35.52
111703 12.82
110895 12.82
6107 18.87
115419 18.87
135637 13.0
137367 44.0
140443 21.74
658 24.16
52933 28.0
35228 28.0
128062 11.01
129088 15.0
126832 15.0
149534 15.0
126731 15.0
107898 25.0
107920 25.0
103725 16.55
567 16.55
27002 42.53
127003 42.53
122531 17.0
14214 6.8
121687 6.8
105905 18.91
149844 18.91
122529 22.0
51356 11.0
123640 11.0
118994 11.0
118965 11.0
35631 56.36
133992 56.36
135632 54.85
36521 42.14
134803 42.14
34094 63.58
36960 63.65
103196 18.0
104184 11.0
4152 11.0
34462 14.13
37291 14.13
124219 37.0
123620 37.0
106610 33.0
51872 21.0
51300 15.22
120956 8.91
137252 50.68
37668 49.87
37672 49.87
151754 30.0
51763 30.0
114320 14.4
114159 14.4
150460 14.0
31981 28.0
130150 28.0
107054 8.91
123339 8.91
149239 18.0
121610 18.0
51919 27.07
36396 19.0
36149 19.0
51919 31.36
115299 17.04
115758 17.04
33563 64.36
135829 64.36
149545 32.0
105996 16.0
106383 16.0
7360 19.0
107339 19.0
31354 26.0
130875 26.0
101785 27.0
103586 27.0
36646 39.0
137713 39.0
150356 35.15
150375 35.15
153426 36.15
51750 30.0
129073 17.0
27880 17.0
103708 13.58
4987 41.0
131383 20.6
106383 29.91
105996 29.91
25081 58.2
150969 32.0
114613 30.72
50527 30.72
100745 35.43
100820 45.97
105333 45.97
2043 18.73
137811 69.88
123278 17.24
139117 33.03
123856 24.87
51275 24.87
123555 29.35
23554 29.35
124816 28.57
137759 44.0
126640 49.45
29839 42.0
149361 35.0
28758 35.0
128312 23.0
109151 13.6
109152 13.6
105159 22.0
104026 22.0
1059 5.33
128745 30.0
149627 30.0
22752 62.19
133698 16.0
11691 16.99
110902 13.92
110898 13.92
4647 27.0
106134 27.0
119132 21.36
18808 21.36
117887 14.82
119390 22.22
123056 32.0
105791 32.0
101899 57.36
34765 28.0
53416 28.0
53725 47.0
53625 47.0
29049 14.0
128217 23.0
126730 23.0
105574 37.27
151900 37.27
21071 32.47
124818 14.0
118224 13.0
118230 13.0
19049 22.74
119062 22.74
11691 14.71
107970 63.03
107968 63.03
120107 22.0
119942 22.0
39900 32.65
53754 32.65
119745 11.0
119499 11.0
153789 21.0
53919 21.0
153961 35.0
49315 64.43
29843 64.43
27339 20.58
50034 30.94
7400 29.0
122248 20.7
107587 12.0
118358 20.0
118336 20.0
50943 12.0
6762 19.0
48978 53.66
48979 53.66
130899 55.48
51040 17.52
126285 17.52
37759 26.0
35411 16.0
52861 27.24
32556 27.24
32557 37.81
52861 37.81
124358 29.0
100086 11.14
51362 11.14
5381 19.18
52331 17.0
153922 50.41
53126 53.28
36736 53.28
129339 15.23
126740 27.25
129488 27.25
53725 39.68
33695 39.68
108070 15.0
108073 15.0
3588 27.98
149769 34.56
115180 34.56
113097 19.0
113082 19.0
519 21.03
103939 29.29
54277 29.29
112480 14.0
111869 14.0
1745 24.0
151761 22.29
102728 22.29
139593 25.04
134367 25.04
5535 58.38
773 58.38
33507 35.65
36736 56.43
53126 56.43
121073 11.22
106134 24.68
4647 24.68
131591 34.84
139469 23.29
48468 58.29
7250 58.29
4015 16.2
104100 16.2
3829 19.09
35014 24.35
53694 24.35
34000 42.28
101876 48.21
103731 39.46
103726 39.46
153777 20.0
3095 22.0
103518 22.0
51956 38.14
4849 38.14
24285 66.64
114880 13.0
114896 13.0
2043 17.6
121011 29.31
120999 29.31
105299 8.0
103478 8.0
134455 65.02
33948 65.02
4194 4.0
103196 4.0
102883 31.88
102884 31.88
129291 24.0
106643 28.65
105804 28.65
105153 17.31
49366 35.0
123014 17.84
105981 17.84
105791 31.0
106763 31.0
39118 58.0
126649 44.15
26151 44.15
105816 29.41
148403 29.41
10091 4.33
9135 26.12
52803 11.67
111438 53.89
11500 52.15
53680 43.0
53668 43.0
101014 64.68
101012 64.68
147804 7.0
34340 26.0
39467 26.0
134339 21.53
139593 21.53
34377 26.0
53868 26.0
107970 61.74
120351 12.37
117838 16.07
117857 16.07
50572 24.37
50580 24.37
113160 16.0
113221 16.0
111556 11.37
111507 11.37
110558 18.49
111556 18.49
13222 17.34
112798 17.34
129373 67.22
29841 67.22
51300 18.0
124858 18.0
135485 47.15
52022 37.05
34276 44.97
136221 44.97
36214 25.33
40343 25.33
136216 38.56
50599 22.26
50603 22.26
130785 10.0
152422 13.07
50603 28.94
150598 28.94
32505 5.42
31330 5.42
31330 13.45
128644 49.3
26089 49.3
118204 16.0
118205 16.0
32058 41.17
31241 28.0
34518 28.32
33399 28.32
47740 30.0
107819 17.56
107967 17.56
19320 19.77
119529 16.19
119538 16.19
27198 35.17
146615 35.17
121826 16.68
122001 16.68
21973 22.0
121826 22.0
111738 18.0
110595 18.0
130346 73.22
4788 62.81
100044 49.72
39567 14.0
53887 14.0
33695 24.0
21548 19.0
121478 19.0
120825 15.56
120807 15.56
128109 26.0
42021 14.0
5019 21.8
5292 21.8
114015 16.0
100790 41.26
101691 41.26
148392 68.63
148390 68.63
24507 32.0
142095 22.84
125960 22.84
103051 14.0
126174 61.3
31591 43.84
131582 43.84
33239 16.25
31638 16.25
30878 27.49
130875 27.49
27383 65.06
127384 65.06
112109 17.0
12541 17.0
124714 64.16
24713 64.16
109123 8.31
109168 8.31
53818 25.07
52918 25.07
26151 30.0
49642 20.18
49640 20.18
126114 53.89
126176 61.58
126174 61.58
112523 11.0
112522 11.0
18284 54.57
18381 54.57
33928 40.15
33745 40.15
33379 45.05
153689 45.05
105783 23.34
106681 23.34
153792 39.08
35082 43.15
134192 43.15
115761 16.0
115020 16.0
124668 9.61
125017 17.0
126022 17.0
100790 35.0
27836 58.83
127846 58.83
153967 20.0
153969 20.0
35772 15.22
37212 27.0
110932 16.83
110931 16.83
35411 51.92
33524 51.92
113738 12.0
113681 12.0
113853 12.62
113738 12.62
106154 12.0
36357 52.58
36359 52.58
114179 26.0
14321 26.0
25824 17.0
125247 17.0
130988 35.59
131768 35.59
151261 30.0
151234 20.2
5240 12.73
5279 12.73
133966 50.08
49424 24.0
150101 26.0
50080 26.0
101932 34.0
151831 34.0
23216 32.92
23220 32.92
138571 30.08
32435 16.0
130115 16.0
126908 16.92
126901 16.92
21088 10.76
115814 23.33
110499 14.0
110494 14.0
10316 12.0
150459 18.0
150472 18.0
50476 18.26
114283 18.26
107960 27.04
150598 20.0
50603 20.0
50603 26.6
50599 26.6
151303 38.0
151284 38.0
106610 33.44
48370 33.44
53093 21.05
135440 21.05
134614 72.35
103483 43.3
105199 43.3
125281 35.75
125282 35.75
14067 35.21
112624 35.21
148485 48.79
148454 48.79
101929 43.3
101932 43.3
100532 22.81
51692 22.81
114641 15.0
132239 24.33
138439 36.8
53216 36.8
122291 26.49
6640 24.16
123082 24.16
151023 21.37
26631 21.37
53156 17.0
53155 17.0
48978 57.14
14102 21.98
24932 26.47
125930 26.47
24932 26.47
125930 26.47
152115 43.15
51974 43.15
34501 18.0
153894 18.0
38898 19.0
40445 19.0
11561 6.72
111761 6.72
103628 23.95
101214 23.95
122242 19.0
22334 19.0
10954 9.45
122108 14.35
53095 11.07
35839 11.07
14628 30.27
151467 27.53
151022 33.0
50604 15.0
122788 15.0
51467 22.0
50489 6.5
140150 13.0
40147 13.0
152893 38.77
27356 45.08
129265 45.08
36743 31.2
37342 10.0
129995 51.69
125784 17.0
25973 17.0
118579 15.11
38619 27.0
38842 27.0
111818 16.4
113906 16.4
139509 41.0
53909 41.0
12625 54.91
114103 54.91
4253 17.0
128363 14.0
127849 14.0
29992 30.01
123338 26.39
107293 26.39
102891 31.58
104383 31.58
25447 30.63
126335 30.63
133910 66.82
18645 20.0
35314 29.45
123732 33.0
24989 33.0
140612 34.0
53868 34.0
53889 35.21
134869 25.58
34423 25.58
104774 12.19
124930 16.0
125932 16.0
125932 33.0
125930 33.0
125926 37.53
123856 37.53
5052 20.0
136289 13.8
151022 27.0
130278 33.3
130277 33.3
24422 23.45
125017 23.45
50911 34.51
51054 34.51
151311 30.0
150971 30.0
125843 34.94
125844 34.94
138809 32.0
26631 25.0
151023 25.0
150974 18.47
110557 20.0
111529 20.0
4588 12.0
37342 37.14
133888 66.78
133887 66.78
24154 31.91
125963 31.72
110085 64.75
23163 17.0
129948 52.0
129949 52.0
29895 54.72
128494 54.72
128494 46.47
36846 43.03
33209 24.0
31430 24.0
49326 36.0
49536 36.0
31430 16.0
131405 16.0
49476 9.0
128587 9.0
52702 17.61
152630 34.0
152631 34.0
119154 14.92
119155 14.92
2474 19.59
3724 19.59
119625 19.88
119621 19.88
119621 17.98
118181 17.98
123374 13.0
28750 33.0
128749 33.0
151594 27.76
151396 27.76
118127 15.0
3554 9.3
129430 41.52
129428 41.52
149582 32.15
129432 32.15
53868 26.0
34377 26.0
39467 24.0
34340 24.0
139593 24.0
134339 24.0
100237 37.0
104204 16.06
151380 16.06
114987 22.35
50608 29.15
50599 29.15
53668 42.0
53680 42.0
22848 5.74
113700 5.74
136270 28.0
37872 28.0
126855 28.0
126856 28.0
125343 25.0
50943 25.0
133294 24.85
139166 10.0
35032 35.02
35626 35.02
129430 16.0
129432 16.0
115684 39.83
28240 32.45
129428 32.45
14553 24.51
123732 36.0
39193 28.29
39192 28.29
33580 28.15
20558 15.0
126335 34.34
25447 34.34
19925 23.14
19888 23.14
122627 17.0
22508 17.0
7595 34.34
7794 34.34
32296 37.99
130197 37.99
42051 9.0
138050 9.0
31915 20.0
130875 20.0
10535 14.27
10347 14.27
38468 17.0
26142 44.4
26142 49.98
103294 29.0
104059 29.0
103299 20.63
103300 20.63
130635 53.61
102719 13.0
3930 13.0
137472 37.67
136757 37.67
136766 30.13
137472 30.13
14214 6.35
114215 6.35
11863 9.0
31340 3.2
147805 3.2
29988 25.0
31389 25.0
32381 36.0
32382 36.0
120834 5.26
100926 15.68
101547 15.68
14095 16.0
32019 29.06
152456 29.06
110902 13.92
110898 13.92
149235 14.67
52511 25.16
120725 25.36
136782 25.98
2566 32.31
3588 32.31
50263 61.62
123397 11.0
1052 10.0
148508 65.18
48514 65.18
38048 11.0
53768 51.0
31386 10.0
32379 10.0
124818 27.23
139166 25.0
33414 25.0
7749 29.78
51190 35.0
31942 33.27
123990 50.92
112522 19.58
112165 19.58
34580 40.0
24288 64.58
130640 43.9
130637 43.9
106875 28.0
123289 28.0
100046 28.0
152183 28.0
14943 52.63
111132 15.46
111469 15.46
105211 34.36
101800 12.24
102409 12.24
4794 61.98
4801 61.98
127268 38.0
128968 38.0
24826 19.5
52794 22.0
32011 23.0
32012 23.0
152456 23.0
32019 23.0
25945 60.47
30315 15.0
31600 15.0
48793 24.38
52809 24.38
32284 10.0
31844 10.0
135347 6.19
35348 6.19
128311 8.31
20431 8.0
20435 8.0
128494 48.75
127661 48.75
22339 35.19
128312 15.56
128597 33.6
122575 11.0
151911 21.58
152549 41.05
52693 41.05
52748 43.0
152549 43.0
40292 30.0
137624 30.0
110556 9.0
36879 11.83
52994 11.83
117857 17.76
117838 17.76
125946 59.35
109258 30.0
9163 30.0
14057 15.0
112480 15.0
23317 34.84
107198 34.84
47820 49.21
106587 23.92
123125 23.92
105856 15.55
50603 24.65
114995 24.65
125643 16.0
4253 31.0
102610 25.0
100647 25.0
127207 27.78
127212 27.78
128865 22.29
127421 22.29
142015 8.0
131006 10.0
130899 10.0
153894 7.27
34501 7.27
105905 14.22
115339 14.22
133906 68.5
33798 69.33
133904 69.33
33909 69.98
133910 69.98
114614 15.0
21225 27.97
119461 27.97
110997 14.0
110615 14.0
117857 15.0
110611 14.0
33949 62.33
106525 66.0
34190 40.83
49483 22.0
21095 10.0
120729 10.0
27118 20.03
49563 20.03
150534 26.3
123374 12.0
123364 16.29
114371 8.83
4840 55.36
140443 40.28
40441 40.28
121687 11.11
14214 11.11
111469 12.0
48931 12.0
32179 51.83
32180 51.83
114623 29.04
150559 29.04
104147 66.53
148543 66.53
132787 46.5
35394 31.4
36106 31.4
129892 22.0
129886 22.0
114995 10.78
17792 23.36
150485 19.0
118427 25.93
118481 25.93
20398 21.1
20361 21.1
119665 13.56
19650 13.56
103915 37.09
102229 29.44
5525 29.44
135246 62.27
135245 62.27
124779 20.0
124780 20.0
135247 72.24
33584 68.37
133585 68.37
34044 56.63
134101 56.63
34044 62.25
105153 36.0
33741 41.57
37433 16.0
33297 33.0
35354 24.0
35076 8.0
140807 8.0
124489 52.79
24488 52.79
26110 41.5
124489 41.5
377 61.9
100390 61.9
178 67.48
100185 67.48
119806 9.84
19891 9.84
130843 31.14
130842 31.14
104065 11.0
100971 11.0
1579 63.87
1580 63.87
50852 37.0
124763 37.0
49982 18.06
28619 56.77
27836 56.77
127384 58.11
27839 58.11
153922 43.55
132815 41.35
130815 41.9
132689 41.9
50943 38.79
103880 61.95
4959 61.48
104963 61.48
105159 28.0
104958 46.45
2019 51.55
101832 51.55
115180 42.27
149769 42.27
137369 36.01
5899 17.42
40786 14.0
135072 14.0
132188 45.31
30282 41.75
31099 41.75
52860 42.83
133064 42.83
102178 31.26
104421 31.26
32450 30.0
132456 30.0
121811 11.82
121804 11.82
125209 30.0
31085 43.21
131088 43.21
126582 34.69
125773 34.69
125773 7.86
125777 7.86
126596 3.09
125781 3.09
52774 39.59
152775 39.59
23722 32.0
30149 14.0
31120 14.0
122001 24.93
121826 24.93
34094 65.6
32754 19.0
52788 19.0
25518 16.43
51274 35.18
13050 15.0
113111 15.0
104082 33.0
103886 33.0
24619 12.46
110486 15.0
110395 15.0
4428 31.17
104427 31.17
110108 13.0
123555 11.0
23554 11.0
32864 37.99
130066 37.99
102832 13.0
138580 68.07
34815 68.07
18355 49.46
101785 12.0
124710 56.36
3885 55.82
130338 2.15
32138 2.15
120726 25.62
120729 25.62
30685 46.34
30400 46.34
104802 25.63
102235 25.63
27833 66.76
2575 25.0
102576 25.0
32905 11.0
30400 11.0
111701 11.0
10955 11.0
10313 10.0
110328 10.0
31902 45.0
105044 21.63
105042 21.63
1831 20.02
130111 34.67
130110 34.67
33899 65.37
30149 19.54
52850 37.0
33338 37.0
131979 15.0
28830 33.87
33057 32.59
114945 22.44
114946 22.44
52871 23.0
152515 34.31
32197 15.0
132815 36.75
4394 62.84
4395 62.84
121824 20.97
110387 21.0
110385 21.0
38842 22.0
136653 24.0
140171 24.0
33695 39.88
53725 39.88
129736 23.03
129737 23.03
126270 23.52
123982 23.52
125793 25.08
123555 25.08
151311 19.48
51287 19.48
11172 14.92
111162 14.92
111170 11.94
111169 11.94
15899 49.38
48381 49.38
101133 13.0
102832 13.0
112165 5.82
112522 5.82
36604 23.0
34049 23.0
105791 33.12
123056 33.12
151786 23.0
124438 22.0
123612 22.0
15162 13.51
23435 15.0
35977 28.78
119365 17.0
380 58.15
403 58.15
32756 26.37
132168 26.37
11159 12.07
153659 38.96
39290 38.96
11716 11.65
111170 11.65
125165 10.0
119062 20.77
19049 20.77
32195 45.31
52825 8.0
131024 8.0
26697 19.29
125760 20.51
124545 20.51
136261 62.41
134161 62.41
31305 38.0
113658 16.65
113837 11.61
23726 29.0
106563 15.0
32588 23.0
32587 23.0
3724 13.14
102480 13.14
7476 16.04
107514 16.04
133514 28.29
133564 28.29
125729 19.69
26697 27.24
151749 32.02
103750 32.02
5034 17.19
52331 14.72
118205 22.35
118204 22.35
103976 16.0
4280 39.61
105043 39.61
103196 28.0
104184 28.0
48391 66.88
48393 66.88
133564 34.03
34059 34.03
25052 35.31
120846 15.0
120840 15.0
25609 10.2
50658 10.2
123833 45.01
142273 45.01
123620 47.99
12541 14.0
112109 14.0
105596 17.0
104461 11.0
104462 16.0
104461 16.0
105265 45.12
4380 45.12
105829 18.0
106000 18.0
105465 37.0
100446 37.0
123364 13.0
114371 13.0
130664 49.83
152432 49.83
105809 19.68
115372 21.29
105827 21.29
26624 34.0
130283 31.41
122741 68.09
130577 40.82
30133 5.06
30804 5.06
1136 68.49
110404 19.0
22924 19.0
122738 67.52
119576 12.64
126674 24.27
51101 24.27
103628 26.0
53852 35.5
33379 35.5
20471 14.0
120473 14.0
126838 39.44
49529 39.44
149550 20.0
153231 40.38
136613 40.38
150375 28.3
150356 28.3
101734 10.0
101760 23.0
100976 23.0
150015 22.0
106359 22.0
123612 19.86
124438 19.86
33203 30.18
31382 30.18
32402 36.78
40589 36.31
113904 10.0
13972 10.0
113589 16.45
113620 15.45
132689 22.65
32685 22.65
132689 40.42
33867 69.14
3545 15.87
101011 15.87
133471 28.0
33468 28.0
11584 30.44
111581 30.44
113143 10.42
118357 10.42
50799 26.15
124779 26.15
51097 34.12
50799 34.12
151900 32.0
105574 32.0
139094 21.48
14764 19.82
114711 19.82
23726 22.0
