7308
153850 39.51
33380 39.51
103731 16.0
1298 16.0
3991 17.75
4002 30.27
33556 30.08
139511 30.08
104184 20.06
103196 20.06
30283 31.89
107605 10.0
107608 31.62
107605 31.62
3554 23.23
2456 23.23
34627 11.0
136133 20.0
135436 20.0
2674 11.61
4863 11.61
35772 11.0
37442 11.0
133523 41.22
53651 30.0
53875 30.0
33556 21.0
153689 21.0
126154 49.22
25688 49.22
25550 12.1
153689 40.0
39290 30.29
153659 30.29
53156 29.73
127979 39.0
127977 39.0
50808 27.0
123580 27.0
152696 42.0
32107 27.0
37072 14.0
39849 14.0
34677 14.0
37072 14.0
31161 27.0
1898 54.04
101899 54.04
40446 52.94
39118 52.94
132557 42.0
131050 16.43
138809 43.0
31970 31.26
137477 20.0
53205 20.0
151038 26.62
125687 51.42
125686 51.42
34298 24.29
38783 40.23
53829 40.23
129446 67.5
30043 64.15
31546 40.25
130634 40.25
38449 20.0
35772 20.0
11513 31.03
11492 6.75
150035 23.55
102824 19.0
102832 19.0
115152 30.83
123203 30.83
115124 17.0
35772 3.78
118123 55.35
6323 17.0
49790 20.97
24041 59.39
103784 22.77
103785 22.77
125078 46.5
126172 54.09
104149 63.99
125368 35.62
136265 65.11
136264 65.11
131422 33.0
31467 63.98
38485 62.98
36267 62.98
119212 19.54
117778 19.54
32809 21.0
31420 21.0
31409 25.0
35712 33.83
39850 14.0
39849 14.0
10399 5.4
132485 18.29
33292 21.0
31161 21.0
123580 25.0
50808 25.0
127341 13.0
21017 37.93
19474 37.93
122284 25.0
22279 25.0
13793 17.86
140540 13.97
113852 8.0
113853 8.0
133885 65.77
135247 73.75
135246 73.75
135246 67.0
111498 15.0
10853 13.0
111693 13.0
34044 69.15
113589 12.51
131590 42.47
111169 16.79
107552 19.02
14943 47.93
102861 27.61
2862 27.61
11989 13.11
112486 13.11
115156 26.42
115606 26.42
118991 19.0
118965 19.0
31224 44.2
130273 19.0
48666 19.0
53193 28.49
53517 28.49
24664 32.54
25052 32.54
124710 50.91
14548 11.0
150511 11.0
110558 19.16
110560 19.16
123340 25.99
23436 25.99
12853 12.0
51275 29.0
123856 29.0
119538 17.0
119529 17.0
133946 61.07
127710 24.08
127711 24.08
100780 52.2
126222 42.83
124361 42.83
11461 41.49
12411 41.49
112358 8.0
12389 8.0
189 61.64
386 61.64
11690 40.24
111437 40.24
47817 24.0
38788 24.0
110486 13.0
110494 13.0
52358 30.26
105208 30.26
126143 55.13
150666 41.3
126143 41.3
128831 46.66
127539 46.66
24395 32.64
124389 32.64
35396 18.05
32649 10.0
32648 10.0
127335 50.22
129196 50.22
31677 36.96
31678 36.96
124363 16.34
31330 38.64
5096 51.26
105120 51.26
152418 20.87
119401 16.0
32195 42.56
28493 11.0
147779 63.33
119942 14.0
120036 14.0
119841 15.0
119518 15.0
26688 20.04
107685 51.66
44006 59.1
122481 22.0
122480 22.0
123261 31.76
123234 31.76
115349 19.76
123151 19.76
107411 19.4
107372 19.4
47820 48.52
105138 62.1
104885 62.1
124110 24.84
124581 24.84
24117 2.0
123531 2.0
118355 53.0
153966 31.0
104958 48.2
4959 48.2
109161 61.08
3833 53.05
30826 46.75
26809 59.0
50658 9.72
129835 73.99
48575 73.99
121478 10.0
23436 10.0
121478 10.0
23436 10.0
9057 10.0
107568 10.0
26046 63.24
112382 13.26
7960 15.0
107819 16.0
107898 13.89
449 63.22
100657 63.22
139032 10.0
39391 30.0
139392 30.0
134302 35.44
101593 59.58
101586 65.63
1579 65.63
31137 33.71
31136 33.71
127979 16.0
48980 16.0
108070 16.32
127974 32.0
128701 32.0
108319 13.0
108353 13.0
114817 18.0
107705 24.0
107602 24.0
39118 56.0
40446 56.0
108073 16.62
108070 16.62
33375 13.41
133751 13.41
9183 13.0
108092 13.0
33745 34.23
32538 19.29
52608 19.29
131870 23.68
31868 23.68
130800 35.43
32843 35.43
140584 25.0
139332 25.0
123980 21.14
123982 21.14
12727 20.0
118856 20.0
118766 20.0
52778 19.0
32157 19.0
3702 15.0
103231 15.0
49176 10.0
112108 10.0
35003 42.69
124559 23.37
127076 36.17
28720 36.17
24584 26.0
124716 63.43
1990 59.85
25953 61.41
124708 61.41
133458 22.79
153792 22.79
105427 43.0
105426 43.0
108073 12.0
8109 12.0
107705 13.0
107734 13.0
7602 16.0
28764 53.75
131307 41.0
103700 15.27
32368 54.11
130278 19.0
4852 36.64
102555 36.64
114736 13.0
31305 34.4
131307 43.21
52835 46.65
31296 46.65
101334 14.88
47784 14.88
1336 16.62
23398 16.62
11716 8.76
22976 25.05
31591 12.79
149235 8.0
120959 8.0
147755 26.0
50419 18.0
150439 18.0
51528 25.0
130789 24.0
114896 30.0
123074 30.0
123852 32.87
24770 32.87
52312 15.0
103088 27.25
123413 27.25
127331 27.14
4330 34.66
47950 58.77
100427 18.0
103281 18.0
4050 9.0
103300 9.0
133070 23.88
122875 23.0
122874 23.0
122902 25.0
122418 25.0
126612 42.59
126634 42.59
122070 17.93
122180 17.93
129984 24.46
32051 24.46
32843 32.77
130800 32.77
115799 29.21
106589 29.21
52015 31.58
25851 25.0
26061 25.0
18285 13.21
26520 29.31
3758 11.0
103991 21.0
123412 21.0
30927 20.58
10399 11.87
120351 30.79
27840 65.37
128789 65.37
101744 8.4
101144 8.4
5240 12.0
121041 22.0
21050 22.0
20398 30.72
35771 14.08
36736 53.99
30401 16.0
10847 16.0
110873 22.0
122991 25.02
101334 17.0
23398 17.0
23398 22.0
1336 22.0
52594 18.0
50535 31.0
50548 31.0
102962 21.0
758 16.41
763 16.41
123421 15.18
100749 8.38
2799 8.38
2799 32.57
98 51.98
748 51.98
121240 13.0
121241 13.0
120036 32.0
114719 32.0
120667 14.73
20678 11.35
131052 64.36
126369 43.33
25671 60.76
48650 52.21
28607 70.01
25612 23.0
24289 68.26
48879 68.26
114756 15.21
122874 15.21
114371 31.4
114667 31.4
107411 12.0
7360 12.0
103880 40.75
7695 25.59
107641 26.0
126634 44.0
126612 44.0
4280 11.0
100214 11.0
140163 20.0
104234 37.0
121803 18.05
52840 21.6
130111 21.6
32843 20.9
52767 20.9
53256 12.0
132375 57.04
30595 27.0
32525 9.0
31876 9.0
110494 13.0
110486 13.0
38809 37.0
106359 27.39
7967 9.93
52135 38.66
152146 38.66
105680 35.87
102345 24.0
104644 24.0
50606 30.7
114510 30.7
153777 13.0
133979 33.0
139392 34.65
34300 34.65
53653 42.41
53924 34.66
153840 34.66
53772 45.79
35015 42.0
39033 42.0
34312 23.0
35015 23.0
34300 27.3
38640 27.3
125684 30.0
124606 30.0
54273 37.0
128369 37.0
26370 19.0
11525 14.68
151303 30.0
101606 13.0
104996 13.0
153752 35.89
33928 35.89
125686 40.0
125684 40.0
153792 19.46
133458 19.46
112964 14.0
112831 11.0
12858 11.0
114421 33.21
123990 48.0
123364 30.92
52196 19.0
28806 63.33
29463 63.33
112651 17.0
112716 17.0
153864 45.07
127063 3.31
126966 3.31
34059 45.31
118594 12.0
118595 12.0
101432 14.59
51737 14.59
107967 20.23
125901 22.85
909 19.8
100886 19.8
122213 23.0
149204 24.0
122213 24.0
127441 35.89
29596 35.89
53743 33.0
53679 33.0
109119 10.0
107747 10.0
139500 35.06
34584 35.06
106073 11.0
106670 11.0
36029 25.07
36031 25.07
36852 27.0
104234 26.0
123406 60.55
26933 66.48
28811 66.48
52855 24.0
122792 14.0
122811 14.0
50600 21.0
114215 23.0
14214 23.0
52871 20.0
24700 8.48
25510 33.0
51178 33.0
31876 15.0
32525 15.0
31850 29.11
31849 29.11
130596 22.0
53687 33.21
38783 33.21
52724 34.34
48686 43.0
31915 19.0
30207 28.0
101134 67.32
46638 24.0
137087 24.0
128166 29.04
127030 29.04
23575 38.55
147755 39.0
24498 22.08
124499 22.08
30922 32.0
130165 32.0
30922 32.0
31895 13.0
131896 13.0
146618 29.12
37626 17.0
107019 18.73
115852 18.73
52693 27.0
128666 23.0
149627 27.09
128745 27.09
31546 17.73
31942 28.19
38788 23.08
47817 23.08
151261 36.77
126031 36.77
24537 19.0
125561 19.0
127331 41.97
49633 41.97
150938 13.0
24537 13.0
4898 62.43
4899 62.43
104932 55.11
124760 33.0
51058 33.0
5525 9.62
102229 9.62
25072 59.89
151284 34.33
151303 34.33
53124 20.09
35968 20.09
124888 24.56
124064 24.56
101379 21.0
151409 21.0
115699 37.64
106129 37.64
40564 23.0
38393 23.0
105779 14.79
123142 14.79
19289 13.0
138487 13.0
31708 60.0
114255 17.6
123341 17.6
14548 15.0
114839 15.0
127375 15.32
129795 15.32
33893 62.71
133894 62.71
52606 39.44
131808 39.44
112108 18.07
47797 46.07
133361 69.29
14430 17.0
150485 11.0
33903 66.49
47795 52.26
52388 52.26
136622 24.0
133647 30.66
140025 30.66
123142 14.0
115741 14.0
102866 39.75
5083 39.75
107585 15.12
107915 23.61
107903 23.61
25625 22.84
51317 25.33
51318 25.33
33239 18.0
52963 30.8
12858 13.15
112831 13.15
140268 24.76
127659 50.08
127743 37.11
127742 37.11
129886 29.28
129892 29.28
112964 12.0
123783 30.0
52003 27.0
33741 46.21
130378 6.3
32944 6.3
136065 23.0
129373 69.22
29841 69.22
12444 37.0
33288 12.0
13751 10.0
13756 10.0
47744 15.11
11750 14.54
148447 61.76
48367 9.65
48491 9.65
103690 7.0
31711 40.77
131712 40.77
31749 29.21
31724 39.38
131725 39.38
47748 53.71
52433 33.0
52528 33.0
127045 57.89
131737 32.77
31738 32.77
52861 40.89
32557 40.89
53054 26.72
152845 32.55
32315 32.55
152766 45.39
50827 32.54
123648 32.54
127254 15.0
49433 15.0
29840 67.52
35504 34.44
31420 28.0
152703 28.0
33524 51.19
137543 51.19
131033 12.51
131032 12.51
118268 14.0
118370 14.0
150079 29.53
36276 46.77
24359 33.72
148594 33.72
128606 67.72
28607 67.72
3373 18.0
103717 18.0
135072 10.0
137580 10.0
121392 22.0
21407 22.0
121397 16.0
50397 16.0
120574 18.0
21685 18.0
121582 12.0
124814 18.29
124597 58.53
24596 58.53
37795 62.06
134856 62.06
136270 22.0
124818 33.28
118331 53.44
124358 22.0
107964 9.72
107833 9.72
125956 20.0
51307 20.0
149532 30.88
128978 15.11
48816 18.69
148817 18.69
125260 24.0
51262 24.0
125614 9.0
125620 9.0
52653 10.0
118026 18.64
118009 18.64
23616 55.43
124714 55.43
26165 51.66
125693 51.66
149550 16.0
150534 17.86
114757 17.86
150485 8.44
114614 7.0
139315 37.37
134975 37.37
126222 37.0
52338 38.51
151386 38.51
103586 17.0
2566 17.0
40441 40.91
140443 40.91
53882 41.0
34380 41.0
150643 40.62
12572 8.0
49454 30.41
26986 30.41
134101 58.2
48500 65.78
5951 65.78
7250 53.62
4029 22.13
3863 22.13
5661 51.51
3843 49.54
103830 49.54
104100 20.0
3841 20.0
4154 68.44
148432 68.44
38048 7.0
138049 7.0
130827 21.0
119117 14.0
119114 14.0
3870 54.94
104041 54.94
31328 38.62
118807 20.76
118698 20.76
130346 74.44
32151 74.44
140484 2.0
140486 2.0
130198 41.77
129835 73.88
31789 30.38
131790 30.38
27013 47.69
127014 47.69
32210 45.41
35504 45.41
40442 32.11
100790 21.39
31792 41.72
30272 41.72
112358 8.0
12389 8.0
137536 14.79
138172 14.79
35864 19.64
51101 27.0
126674 27.0
152627 27.89
52788 27.89
39822 22.28
39813 22.28
31806 45.94
52606 45.94
103197 22.0
149885 22.0
39832 34.83
126852 37.53
26685 23.93
32754 28.0
125528 23.0
114790 24.0
50914 17.79
1989 59.85
1990 59.85
113075 26.0
113118 26.0
30377 32.36
132632 32.36
125209 25.75
25745 25.75
101956 23.58
101957 23.58
124869 7.0
126730 15.0
128217 15.0
31222 24.85
30125 24.85
30880 28.0
140331 28.0
31638 22.0
33239 22.0
131582 30.69
31591 30.69
30384 16.99
125165 28.0
25989 26.0
125732 21.0
125059 21.0
21243 9.63
31513 37.28
52758 37.28
2177 14.2
152713 22.0
31503 22.0
25966 42.41
125166 14.0
126667 14.0
125171 15.2
125166 15.2
26110 43.52
124489 43.52
146618 33.21
102119 43.21
152225 43.21
52404 35.0
33307 35.0
147819 16.0
127355 57.79
127354 57.79
26992 58.36
128715 58.36
33380 46.0
33379 46.0
130673 52.52
30677 52.52
50523 26.0
150521 26.0
152418 21.2
130551 21.2
52031 20.31
31553 28.0
152676 28.0
24707 57.42
138238 20.0
138239 20.0
114787 24.0
150071 24.0
52003 18.05
126392 54.71
26111 54.71
123783 34.89
127849 13.2
127848 13.2
24702 60.78
4733 45.06
105265 45.06
124706 68.09
48890 68.09
105153 22.21
5150 22.21
149739 9.0
23035 9.0
123203 12.02
114844 12.02
105302 15.0
105426 52.32
105427 52.32
105002 14.59
2748 14.59
105002 14.59
2748 14.59
6019 16.0
33009 65.31
130013 65.31
126125 28.3
24901 28.3
114684 15.68
114765 15.68
120473 21.0
20471 21.0
110932 15.13
53274 4.0
11159 8.71
133618 25.0
52196 25.0
111795 11.5
111794 11.5
126143 56.22
102728 26.0
151761 26.0
148515 62.38
48505 62.38
48518 63.21
48521 63.21
34454 51.76
51613 30.31
105160 30.31
22919 17.0
30694 25.48
108325 16.0
127076 17.17
108035 10.0
38215 17.0
37081 17.0
150234 17.24
126667 21.0
125166 21.0
125166 23.62
125171 23.62
123278 9.33
51031 32.21
107658 23.68
7773 23.68
127192 50.86
29204 73.04
33350 73.04
773 56.64
130976 53.0
30994 53.0
107390 62.87
112560 49.89
33740 24.0
38729 24.0
32367 53.89
32368 53.89
5150 12.0
105153 12.0
770 58.66
782 58.66
126459 44.87
126459 37.86
103676 17.51
139657 27.0
127068 23.48
127942 23.48
125682 25.0
114790 25.0
26116 31.87
126335 31.87
53754 24.2
39900 24.2
3338 15.61
38294 17.45
22882 18.43
103592 18.43
53919 25.0
153789 25.0
101678 14.0
104459 18.85
102214 18.85
31370 12.32
119062 17.0
119064 17.0
114581 28.0
114577 28.0
24042 34.7
38729 30.0
33740 30.0
47820 52.53
148438 66.44
104147 66.44
131930 24.18
149396 11.0
150521 14.0
31844 39.21
31849 39.21
130508 33.0
30509 33.0
2015 45.75
103432 45.75
102020 36.31
2017 53.76
5279 26.52
5240 26.52
107967 17.3
107819 17.3
36149 28.0
51872 24.0
52855 27.14
25800 6.43
123585 64.39
48885 64.39
52271 22.0
4894 22.0
33301 23.68
151251 12.0
35396 23.32
35397 23.32
106320 17.74
122996 17.74
21801 16.74
121118 16.74
105810 9.83
107023 9.83
121826 10.38
122048 10.38
34038 15.27
33522 15.27
127711 33.21
149483 33.21
26841 19.0
105160 28.1
51613 28.1
136927 37.0
128830 41.47
130150 24.0
31981 24.0
36517 24.0
152227 21.38
126124 24.0
1942 39.0
52560 25.0
130890 25.0
31222 30.0
52788 30.0
132044 37.72
47807 37.72
130623 36.73
52744 36.73
9046 11.0
109119 11.0
131930 42.31
130341 33.0
52404 33.0
127441 32.77
110836 8.96
110449 14.0
10454 14.0
128587 8.76
49476 8.76
149322 37.13
49536 37.13
152631 34.0
152630 34.0
152702 11.0
48521 62.65
40445 34.0
38898 34.0
128600 68.02
123142 16.0
107070 16.0
49536 45.0
49326 45.0
4648 35.67
113996 18.0
126680 30.17
122793 30.37
122806 30.37
3712 35.6
122537 24.24
123261 27.64
106143 27.64
28868 10.8
129004 10.8
127575 22.6
126730 22.6
152183 18.0
127016 18.0
129717 34.0
129714 34.0
103981 15.0
111531 13.28
111470 13.28
110494 12.0
110499 12.0
11999 10.0
112004 10.0
13756 12.0
4415 27.76
104427 7.53
4424 7.53
127305 19.0
127306 19.0
52994 23.36
36879 23.36
49784 4.0
124524 33.0
50869 33.0
20361 20.13
52693 41.0
152549 41.0
152549 40.0
52748 40.0
119867 12.27
27234 14.0
118661 7.0
118619 7.0
114015 15.36
111869 13.0
112480 13.0
104813 61.86
122639 11.65
122665 11.65
107934 55.43
122642 12.0
132310 22.0
31436 22.0
23913 31.07
112135 15.61
11879 15.61
101169 21.01
101812 40.65
101807 40.65
51729 15.0
111739 33.69
111753 33.69
100790 49.96
100790 28.08
47820 45.18
5001 35.24
105002 35.24
114516 16.1
12362 17.0
112438 17.0
112399 11.73
112506 11.73
33379 31.08
53852 31.08
47820 48.87
134292 50.0
5566 25.49
53725 38.89
140596 38.89
130283 17.83
32051 7.0
152624 5.0
4178 16.36
152422 38.54
47795 49.0
107398 6.0
22835 8.0
11691 11.13
11527 12.6
11691 12.6
123531 27.0
24117 27.0
52788 32.0
152627 32.0
22882 44.08
33903 66.65
32379 8.0
31386 8.0
11522 15.98
34044 56.43
134101 56.43
48486 37.63
33978 65.81
133562 65.81
34875 30.0
37554 30.0
32515 35.0
32381 35.0
29596 7.0
127441 7.0
26520 32.36
20425 9.0
120426 9.0
105960 23.21
50170 23.21
119365 10.0
119325 10.0
119351 14.0
19404 14.0
153969 21.0
153967 21.0
20975 9.0
101749 22.0
103518 30.86
127946 13.0
149612 13.0
28764 19.0
39688 15.0
39692 15.0
48856 24.0
122213 21.0
22420 62.0
2674 10.0
100405 47.83
105378 47.83
102008 47.1
2004 47.1
51701 12.1
2844 12.1
126254 7.6
123869 7.6
34312 27.0
30994 71.61
130003 71.61
11546 40.17
111543 40.17
112435 19.66
112370 19.66
112370 29.46
152093 23.47
53875 26.11
53651 26.11
101946 13.17
101957 13.17
132330 30.66
130484 30.66
127463 9.67
54271 52.26
118230 10.12
118224 10.12
23820 53.32
124712 54.54
40550 40.71
34013 40.71
107749 5.55
107869 5.55
7595 26.76
107639 16.94
107633 16.94
107601 12.9
107558 20.79
107613 20.79
111498 10.0
111419 10.0
12592 6.7
112310 6.7
111180 11.0
12177 17.5
112178 17.5
40123 6.0
52031 28.0
102371 19.47
102370 19.47
12253 11.78
12249 11.78
12439 7.78
12572 7.78
130678 33.16
130827 33.16
30290 26.44
31076 26.44
127122 31.0
100958 25.63
104065 25.63
101547 20.0
101548 20.0
106154 20.0
100452 62.54
28507 41.68
127175 41.68
114516 21.46
114516 21.0
114529 21.0
28082 11.5
127199 11.5
114736 2.44
130278 12.64
126431 30.08
125143 30.08
107676 8.0
107589 8.0
153922 50.35
33507 35.59
153922 35.59
126428 6.0
124679 6.0
150562 25.46
10553 43.68
97 44.87
98 44.87
105471 22.56
127045 58.77
109258 60.96
9163 60.96
152146 22.17
52135 22.17
124588 25.49
23956 25.49
123234 31.21
123261 31.21
103286 31.0
104054 31.0
134320 25.32
53625 45.0
53725 45.0
2474 17.88
27001 49.64
129421 49.64
124489 35.57
53625 48.0
52388 47.71
47739 47.71
32435 19.31
152612 19.31
132429 22.29
132429 17.32
134191 40.0
35124 40.0
103651 16.87
3095 16.87
35772 28.62
38449 28.62
115238 24.0
118181 20.54
119621 20.54
119638 15.0
119637 15.0
138489 41.35
30005 41.35
19888 6.1
19925 6.1
31821 41.95
131820 41.95
18680 13.0
107772 15.0
22835 8.0
107634 8.0
4988 39.3
4945 39.3
152627 39.92
52714 39.92
149415 10.0
39880 5.44
105996 30.87
105783 22.42
107007 22.42
127977 19.0
127979 19.0
149396 32.0
49475 32.0
127431 36.43
129026 36.43
150970 41.0
124361 37.12
126222 37.12
105883 10.0
106602 10.0
29049 11.0
11691 14.81
11734 14.81
32683 12.0
11525 16.76
11527 16.76
114510 35.62
50606 35.62
150817 26.89
107613 5.4
107558 5.4
5210 30.72
105209 30.72
30726 12.7
30727 12.7
109206 8.83
22835 8.83
152814 15.0
32338 15.0
32344 32.0
115852 12.77
115741 12.77
123648 25.62
102853 27.63
5089 27.63
14801 14.0
6019 25.1
130139 37.68
152462 42.0
130154 42.0
123397 6.49
1969 54.52
2860 16.53
102861 16.53
102409 12.0
100592 12.0
107460 17.0
47784 17.0
100378 33.93
102242 33.93
6525 23.0
23554 32.04
123555 32.04
3082 19.47
1732 19.47
100214 13.0
105043 13.0
49453 14.55
51274 36.44
106610 34.0
44006 59.1
53376 61.5
33557 64.77
100532 18.62
32402 37.66
151396 34.58
151594 34.58
52458 38.04
152457 38.04
114159 27.79
114693 23.0
50338 23.0
114256 23.3
53885 14.0
104065 17.88
142273 39.0
123833 39.0
25079 51.0
124039 51.0
112620 61.1
110085 61.1
1053 16.0
107070 16.0
51374 20.0
51737 20.0
102579 31.0
51661 31.0
110085 65.65
110084 65.65
4298 30.0
52375 30.0
114159 15.0
114320 15.0
104542 41.59
127966 14.0
126836 14.0
52359 7.26
103249 7.26
40127 13.0
153896 37.0
24800 36.08
24801 36.08
104059 10.0
103294 10.0
128369 33.0
127868 33.0
3930 9.0
3927 9.0
150636 29.0
49353 23.0
129672 23.0
133862 57.07
51208 36.06
126464 36.06
125693 47.0
125687 47.0
123 36.27
100512 36.27
150439 25.77
115792 25.77
3385 31.48
19956 19.0
49544 27.0
49515 27.0
149545 33.0
27567 33.0
27961 27.66
39291 30.0
40847 30.0
34017 29.31
53652 29.31
39192 25.68
39193 25.68
24700 11.0
136133 31.17
135436 31.17
53216 22.2
138439 22.2
52841 22.21
33580 18.78
26449 40.0
37081 19.17
38215 19.17
40468 22.0
139353 22.0
153817 29.33
53818 29.33
151386 40.0
52338 40.0
153922 47.31
47797 47.31
18188 19.43
40410 16.19
51318 34.76
51317 34.76
52788 21.0
31222 21.0
130890 16.84
52560 16.84
150101 29.0
34359 31.31
53700 31.31
112467 46.56
12625 46.56
29049 37.41
52803 14.0
32719 14.0
31179 25.0
47804 25.0
111469 12.54
111132 12.54
50173 22.0
107171 22.0
50210 9.36
150206 9.36
101197 15.65
1355 15.65
26487 37.24
49424 24.0
135264 22.0
35263 22.0
136065 21.0
53247 21.0
139696 17.0
39692 17.0
53247 21.0
53193 21.0
118569 49.59
36808 22.76
31845 34.0
24861 8.39
124862 8.39
132374 27.0
132375 27.0
119398 14.91
52502 25.06
122402 19.0
128355 26.0
112218 13.0
110821 13.0
53694 29.56
35014 29.56
52855 19.0
52791 19.0
30509 30.11
31844 30.11
34000 45.0
119162 57.76
119160 57.76
130891 19.0
137374 41.73
135034 58.0
134942 58.0
2086 17.0
51863 17.0
52891 9.4
129795 21.0
127375 21.0
40020 8.0
114995 14.0
4863 19.89
105211 19.89
127339 11.0
129320 20.0
142018 13.0
104869 18.0
4255 18.0
4988 37.96
106589 32.89
115799 32.89
105209 34.15
5210 34.15
152172 40.0
152064 40.0
113801 20.0
113837 20.0
138049 10.0
38048 10.0
7936 63.12
100215 37.55
143 37.55
137087 14.0
143 26.0
151949 26.0
31708 58.77
51208 34.44
114103 57.09
114101 57.09
27799 37.56
150485 20.04
12541 10.0
112109 10.0
139118 57.89
151311 42.0
48795 9.0
130785 9.0
5052 14.0
110064 20.45
110063 20.45
109168 12.0
11533 12.0
125017 22.0
125963 22.0
33867 69.84
133608 69.84
133577 69.09
33867 69.09
102109 41.0
152181 41.0
52151 35.11
102112 35.11
151794 37.0
152225 37.0
39081 32.21
33350 68.02
151370 7.0
100618 7.0
131472 67.28
31471 67.28
31477 69.43
52590 3.0
131484 68.31
53095 11.21
33707 11.21
136538 31.11
53156 37.74
29215 65.41
126924 65.41
33806 37.0
34291 37.0
104867 13.0
120726 9.79
128062 30.36
150421 18.0
32106 28.0
33297 28.0
49261 7.38
122480 23.0
122481 23.0
119867 4.8
122811 8.0
122792 8.0
120036 7.0
119942 7.0
119518 21.0
119841 21.0
26108 59.06
23622 33.0
34518 17.14
1970 56.86
1969 56.41
1970 56.41
18288 18.73
1970 53.34
101978 53.34
151285 31.66
125017 15.2
24422 15.2
26205 21.0
102291 28.0
15675 20.23
150971 36.0
151311 36.0
50313 29.89
150296 29.89
34291 35.0
33806 35.0
137555 12.0
36852 24.0
38001 24.0
53416 33.0
140171 33.0
35276 28.0
36646 28.0
51084 28.0
7936 61.52
107970 61.52
49433 10.46
127254 10.46
129262 23.0
28839 23.0
133463 72.56
100035 12.0
107406 14.32
122901 23.0
122615 23.0
37822 42.0
36333 16.0
25025 22.49
131970 43.0
29768 32.5
142022 32.5
122402 15.0
126148 60.99
22901 13.0
112382 13.26
122418 15.0
32557 45.89
122234 23.99
122259 23.99
122259 25.06
122291 25.06
122714 27.93
152515 37.0
21088 10.0
121101 10.0
34380 23.0
53696 23.0
122242 23.48
121841 17.61
122151 17.61
140822 37.61
133611 37.61
26089 40.66
42002 39.33
33623 39.33
39745 27.0
38880 27.0
25518 20.0
107747 18.0
109119 18.0
120807 19.14
120825 19.14
48393 31.95
48395 31.95
48391 62.64
48387 62.74
35781 16.0
33538 23.11
129737 37.58
129738 37.58
133357 51.51
131207 11.0
31967 11.0
33288 14.0
128854 27.77
18192 15.8
151826 28.0
24249 32.31
107970 60.08
34380 23.0
53696 23.0
126640 46.32
109156 8.4
9155 8.4
109115 19.31
147744 19.31
36502 23.0
11772 8.25
11724 8.25
113352 12.96
111485 9.0
11750 9.0
49739 23.0
113699 5.0
113739 5.0
33928 32.0
153752 32.0
35771 25.69
113906 21.76
111818 21.76
112357 14.0
112357 13.0
112486 13.0
112518 9.0
112310 9.0
110122 14.66
131582 40.0
112270 10.07
33745 42.54
33928 42.54
153689 47.0
33379 47.0
136094 41.01
36097 41.01
48443 50.77
23127 50.77
51882 34.5
101824 34.5
148384 63.16
2017 51.87
103433 51.87
115259 19.0
149885 8.0
103197 8.0
136021 52.98
136022 52.98
31224 37.22
132640 37.22
131870 24.0
51307 6.38
125956 6.38
51262 18.0
125260 18.0
52654 28.0
124110 32.55
124581 32.55
48453 20.91
5240 8.88
4950 8.88
15971 56.65
48443 56.65
3394 19.22
51430 24.6
101468 24.6
102097 35.37
51982 35.37
100018 17.0
1870 47.0
50562 18.0
112361 15.0
112311 15.0
39881 14.1
39882 14.1
20762 24.55
11533 47.75
51974 46.16
152115 46.16
107960 21.0
101947 20.2
772 27.1
4830 27.1
107747 9.0
107676 9.0
39832 29.1
35623 32.0
138088 24.05
34602 25.9
35194 25.9
39813 28.11
39822 28.11
107819 11.0
107898 30.0
140443 43.53
19650 14.28
119665 14.28
136148 29.89
119621 17.0
119625 17.0
119576 15.0
106359 15.0
150015 15.0
32382 46.2
31285 26.5
132142 42.19
32040 42.19
19891 15.0
119806 15.0
38842 34.0
127182 47.99
27184 47.99
126890 13.83
28069 13.83
31254 21.0
7346 11.0
105673 18.87
27016 25.0
150459 24.0
114189 24.0
102832 18.0
126002 26.32
26003 26.32
103677 3.18
101066 3.18
2860 21.43
101375 21.43
105465 28.0
133946 60.01
52635 29.0
32210 3.96
35504 3.96
150015 24.63
49972 24.63
132239 15.0
47744 25.7
50870 46.29
126459 40.68
50869 35.0
124524 35.0
126335 18.28
126336 18.28
126648 23.0
126335 23.0
114790 22.0
125682 22.0
33307 36.0
52404 36.0
126105 20.03
111766 16.0
110641 16.0
111169 12.3
136517 12.0
122533 12.0
121811 14.1
121822 14.1
48502 52.42
129672 24.0
127352 24.0
115506 18.82
150150 32.0
100367 57.92
33594 67.7
100035 13.0
122456 64.13
122500 64.13
1970 57.17
26479 29.31
123775 29.31
1985 57.42
114995 33.67
50603 33.67
8555 14.0
14549 13.0
137820 67.1
135496 41.77
136218 41.77
127303 21.3
128129 21.3
33978 65.94
35834 60.14
35833 60.14
33515 69.73
133562 71.43
33515 71.43
51763 31.0
151754 31.0
127038 57.9
128633 57.9
101691 30.58
100099 30.58
122643 14.0
122648 14.0
126582 30.73
19354 14.65
49370 37.0
126876 37.0
29720 37.0
122580 21.16
122553 21.16
33371 23.23
40016 23.23
13050 13.0
26131 48.4
124604 48.4
37291 30.21
38029 30.21
5618 29.21
137684 33.28
38294 33.28
113224 18.3
24008 34.0
103982 56.73
150636 25.88
149011 15.39
134455 62.15
5383 27.11
100658 26.45
152317 12.0
125457 31.0
124307 31.0
102319 27.3
105514 27.3
150553 26.0
114302 26.0
106383 25.11
106423 25.11
126123 35.0
24901 35.0
111185 7.0
5038 30.84
37433 17.0
102760 38.74
102761 38.74
34913 24.0
139094 24.0
52788 20.0
30151 19.0
130241 19.0
120525 6.75
20450 6.75
150511 15.0
14548 15.0
129714 34.0
129717 34.0
103731 34.0
101310 21.0
100981 21.0
52963 16.52
53719 21.88
138993 21.88
26449 38.09
52665 15.0
115488 32.75
50502 32.75
137291 14.0
107023 21.0
105810 21.0
50044 23.0
115372 23.0
136736 51.77
105694 28.0
33522 20.0
34038 20.0
118495 13.57
104409 22.0
119117 22.0
119123 22.0
104334 24.0
104461 24.0
112270 10.0
130891 39.0
34450 26.0
33796 26.0
42081 14.0
142015 9.0
106530 21.0
150071 21.0
115667 15.0
149740 15.0
6640 23.68
112001 21.0
107869 13.88
107749 13.88
26119 19.09
35515 42.84
52791 24.0
52855 24.0
35508 54.88
35509 54.88
147811 48.38
35506 48.38
31354 20.5
130875 18.0
31915 18.0
138944 22.0
33979 22.0
31844 40.0
30509 40.0
150150 19.1
53733 31.0
40847 31.0
130843 22.0
31241 22.0
32195 31.45
32197 31.45
105512 53.55
100389 53.55
33916 35.0
153659 35.0
4788 59.99
4790 59.99
52693 2.21
105848 26.0
50414 26.0
153663 21.0
33468 25.21
40432 25.21
39734 31.0
39731 31.0
33766 25.39
139727 25.39
134077 18.65
34085 18.65
31031 7.0
50510 31.0
150528 31.0
114765 19.62
114684 19.62
112790 14.0
112796 14.0
119377 8.0
31161 25.62
39849 17.0
37072 17.0
37072 26.0
34677 26.0
104588 9.0
118996 15.23
119126 15.23
139509 34.74
107076 21.0
122403 30.7
122092 30.7
129124 19.0
28114 19.0
148372 44.05
7924 42.86
7923 42.86
117778 13.28
117792 13.28
49563 12.96
27118 12.96
149483 26.0
127711 29.6
127710 29.6
135223 31.78
52758 40.93
31513 40.93
107439 25.3
7476 25.3
148520 62.26
4194 15.34
128907 36.66
28905 36.66
7397 63.85
126730 18.0
127575 18.0
51262 29.27
125614 29.27
103981 50.48
3870 50.48
110026 12.0
34103 29.19
135689 29.19
39849 9.0
39850 9.0
111556 46.59
119475 29.94
121049 29.94
114015 17.0
149165 17.0
148836 11.0
128217 14.48
126730 14.48
151826 17.33
103335 17.33
124818 12.0
102039 37.58
4793 61.16
4794 61.16
51149 32.0
124303 32.0
101899 54.84
107798 25.47
107558 25.47
130277 33.7
130278 33.7
107779 54.42
107391 54.42
5540 20.27
100787 36.0
100378 17.57
47790 58.98
4788 58.98
26856 28.0
120807 24.78
121910 24.78
52434 14.0
130258 14.0
53512 37.9
153896 34.0
4593 24.0
104588 24.0
104390 60.54
115372 20.94
50044 20.94
118325 23.88
118224 23.88
32338 26.0
32461 26.0
104461 23.0
104461 20.0
104462 20.0
124825 50.97
152248 14.0
105827 16.83
115372 16.83
34584 34.0
139500 34.0
15501 27.63
121582 19.0
21407 12.07
121392 12.07
121397 16.0
121403 16.0
118635 18.65
120546 18.65
118780 19.56
118689 19.56
115912 63.16
148392 65.63
101832 42.55
1831 42.55
26205 23.06
117993 13.0
118242 13.0
112900 17.28
18015 17.28
49008 18.0
107816 27.66
125068 33.0
31678 51.35
131699 51.35
22812 18.94
15562 31.11
49312 38.53
129428 32.95
129430 32.95
128749 34.23
28750 34.23
128968 32.23
127268 32.23
126730 20.0
128217 20.0
104492 34.0
104493 34.0
49261 7.38
10867 13.03
126369 35.0
129432 28.0
149582 28.0
118965 21.0
118994 21.0
101734 20.0
4791 11.0
104608 11.0
14304 25.0
123606 62.77
24707 62.77
121600 7.0
121672 7.0
148440 9.08
148974 66.25
24702 66.25
25974 60.1
50634 60.1
38795 48.0
35015 12.92
34312 12.92
115173 47.42
49664 47.42
103335 26.89
130634 54.67
130635 54.67
102760 38.74
102761 38.74
150472 10.88
50476 10.88
114189 24.0
150459 24.0
101468 32.17
5121 32.17
50922 36.91
114283 26.0
150490 26.0
748 15.16
100749 15.16
51967 22.64
102327 22.64
50210 6.0
33545 70.18
133544 70.18
25447 21.66
2382 29.76
26151 56.99
101932 43.76
101929 43.76
134090 74.22
24989 15.0
123732 15.0
35411 24.51
130283 24.0
30804 8.0
7282 22.0
53281 38.59
124679 40.0
126428 40.0
123664 5.5
125171 5.5
123648 22.95
125843 23.0
125124 23.0
127686 18.95
129736 18.95
149740 27.07
115667 27.07
53651 30.14
110020 25.0
48886 55.64
124268 48.25
124268 54.43
29457 59.86
129854 59.86
34426 12.0
53738 12.0
27833 57.5
28618 57.5
132888 26.79
9360 8.0
32138 40.76
107964 14.91
7967 15.43
110905 12.38
119398 24.71
119377 24.71
11716 6.35
34300 31.54
128787 64.02
27834 64.02
112465 11.42
111713 11.42
11410 7.88
11184 7.5
1821 4.0
111178 10.73
111177 10.73
27469 25.0
153906 34.0
34644 34.0
111478 42.3
53700 35.0
109136 44.85
109260 48.77
109158 53.73
109161 53.73
53738 29.0
10086 59.33
12621 59.33
122235 16.0
122242 16.0
103582 15.61
101214 15.61
135052 42.56
38842 34.0
140436 39.59
38797 39.59
39000 36.0
53687 36.0
124818 12.76
106610 34.0
115761 11.45
115844 11.45
32428 28.0
33711 30.09
152612 19.32
32435 19.32
32428 28.0
40446 21.32
52850 23.0
52758 23.0
29992 30.45
101947 22.11
11566 44.09
34649 43.51
10535 17.0
38842 33.03
38619 33.03
111438 51.55
11500 51.55
23616 57.65
35411 35.52
35685 35.52
31051 36.73
131050 36.73
11671 10.0
100376 32.17
7385 51.43
107391 51.43
126122 27.0
24770 7.0
24616 7.0
104730 17.0
104490 17.0
150174 29.44
106812 29.44
4686 33.94
104809 33.94
52059 14.0
104462 14.0
118645 20.72
117792 20.63
103338 22.0
124818 19.0
114148 34.0
50572 34.0
150035 11.0
48044 5.04
107514 12.27
107467 12.27
104575 31.76
104580 31.76
7695 18.0
107609 18.0
107641 13.0
105800 24.48
106907 24.48
140356 23.0
106166 26.0
106878 26.0
115741 10.0
115852 10.0
126022 28.0
132344 25.0
130452 51.0
132786 42.06
31832 42.06
11529 26.0
10553 8.27
103628 22.0
100035 22.0
132178 31.45
32179 31.45
23435 15.0
11961 7.85
111953 7.85
52404 39.0
130341 39.0
132103 24.51
52853 24.51
123142 25.84
31420 26.0
32809 26.0
104421 32.0
102178 32.0
51877 23.0
32208 48.59
51963 31.0
105454 31.0
4737 62.02
104379 62.02
36258 24.15
51904 31.62
4775 63.47
101050 45.94
48784 45.94
105199 48.42
103483 48.42
2108 40.31
102409 22.11
101800 22.11
3987 51.59
107070 23.28
137791 55.76
37790 55.76
112523 15.28
107967 10.95
107833 24.0
107964 24.0
150472 4.09
150459 4.09
114283 13.32
50476 13.32
1518 15.0
26142 47.6
103986 58.11
53054 34.64
150542 27.0
150539 27.0
114274 25.0
114414 25.0
114274 24.0
29964 55.27
136045 23.92
36046 23.92
3017010 38.0
3017011 38.0
150528 25.3
50510 25.3
150553 22.0
121101 18.21
21088 18.21
34462 5.35
37291 5.35
114976 10.03
124358 22.0
115741 26.0
123142 26.0
28852 43.38
127359 43.38
111513 14.0
11715 14.0
48931 11.74
111469 11.74
52101 24.0
135440 23.62
53093 23.62
409 21.0
100385 21.0
147747 38.67
114886 32.74
114896 32.74
6006 14.0
148428 14.0
31481 65.88
9132 17.2
50768 31.0
150863 31.0
122793 4.34
122816 4.34
126369 43.33
37879 37.44
35384 37.44
122242 19.62
22334 19.62
122806 22.81
122793 22.81
118683 13.91
118766 13.91
118511 27.4
130623 23.95
127900 20.0
127030 20.0
36846 39.0
52024 14.8
107605 26.0
107605 26.96
107608 26.96
23915 15.0
37442 16.53
35772 16.53
135436 29.0
136133 29.0
118856 21.0
118904 21.0
148899 67.34
48900 67.34
127638 20.0
149538 20.0
106610 33.0
107605 16.15
114946 33.74
122994 33.74
125282 38.99
125281 38.99
35978 17.08
53404 17.08
114817 16.0
53924 15.9
153903 15.9
48440 29.0
132256 44.75
120726 13.26
120724 13.26
4415 28.44
102178 28.44
115099 17.81
113810 10.0
53971 31.0
153689 20.0
33556 20.0
33380 40.0
153850 40.0
153689 46.0
139511 32.0
33556 32.0
111556 18.0
27329 17.51
127331 17.51
104603 14.0
49364 26.0
53404 17.58
35978 17.58
114442 25.0
114450 25.0
50414 27.0
114442 27.0
32315 26.77
152845 26.77
36622 31.0
134622 31.0
114450 25.3
106308 25.3
133384 27.0
53767 35.0
33382 35.0
114529 21.82
51867 25.97
4529 25.97
131427 20.0
114516 32.89
50338 35.0
114693 35.0
115238 22.0
109151 17.86
108315 17.86
109105 22.66
109152 22.66
137624 12.42
137625 12.42
137624 8.0
137625 20.76
37626 20.76
124454 54.68
24455 54.68
140074 13.0
46638 13.0
14321 25.0
121910 8.44
122048 8.44
121804 20.94
121765 20.94
102042 12.0
127121 39.58
129738 39.58
52590 22.0
48889 63.97
124716 63.97
100099 2.2
121118 15.49
15728 22.11
106072 22.11
107391 49.4
107779 49.4
150198 17.0
150196 17.0
122741 66.77
122727 66.77
150196 21.0
105900 21.0
110499 13.05
110395 12.86
110486 12.86
121246 24.56
121184 24.56
53909 46.0
139509 46.0
107558 29.1
107798 29.1
128715 39.23
27077 39.23
106812 28.0
150174 28.0
114529 15.0
114516 15.0
36150 29.75
123341 15.97
114255 15.97
126923 65.06
124710 52.7
26807 52.7
124286 67.45
23548 67.45
135440 38.0
53093 38.0
121869 10.0
121968 10.0
48770 41.63
2638 41.63
49408 12.27
42008 34.0
101947 27.44
26976 16.0
11772 11.0
482 23.0
100483 23.0
114946 28.99
114945 28.99
107399 33.08
13938 10.0
15963 24.59
113837 18.49
113801 18.49
113738 14.85
106146 18.0
106154 18.0
118965 15.37
126285 20.0
126067 20.0
131745 30.46
114101 61.41
17771 61.41
124156 14.0
31254 16.0
124101 31.89
151173 31.89
53756 30.21
37387 30.21
122291 26.95
122259 26.95
132689 37.55
134258 19.76
139671 39.16
53512 39.16
134980 20.0
34300 43.0
139032 8.0
119402 15.0
111379 12.16
11803 12.16
101821 21.69
37258 13.0
101011 24.25
3545 24.25
131672 24.0
33382 36.47
52670 33.43
112758 17.0
128129 21.13
127303 21.13
149609 16.0
49610 16.0
150071 24.11
114787 24.11
112108 13.0
49176 13.0
51054 33.0
50911 33.0
118766 18.0
118856 18.0
127743 39.78
127744 39.78
47739 49.09
118282 18.0
113143 18.0
148458 14.62
115504 14.62
115758 7.55
126290 35.5
25936 35.5
28764 56.04
36090 46.94
136092 46.94
125078 45.73
47772 45.73
122108 8.0
122180 8.0
121917 13.0
21951 13.0
129738 28.39
127121 28.39
119005 17.0
119014 17.0
40569 27.06
40564 27.06
130689 57.0
130687 57.0
22423 28.01
122902 28.01
48686 38.0
129854 68.23
129853 68.23
122180 24.66
122070 24.66
122092 24.98
122403 24.98
14434 11.0
126934 47.7
26935 47.7
110091 12.58
105138 61.66
105115 61.77
104896 61.77
101807 41.83
101812 41.83
42008 18.0
37554 18.0
51337 36.07
15301 36.07
130138 36.21
38843 34.0
38969 34.0
130145 32.62
30137 32.62
131029 8.0
3968 57.88
103986 57.88
3968 57.86
15099 11.0
151831 43.82
101932 43.82
130899 12.0
131006 12.0
152183 32.0
100046 32.0
30292 19.0
31085 19.0
123640 18.0
51356 18.0
115470 29.0
150106 29.0
107920 13.32
107898 13.32
104407 20.25
4415 20.25
104580 29.63
104575 29.63
136065 10.33
4962 54.52
49610 19.0
140596 48.04
53725 48.04
31559 13.0
113681 12.0
13626 12.0
114266 24.43
112108 13.0
52163 25.0
147745 68.71
118766 22.0
118683 22.0
3870 49.09
114421 21.72
50502 21.72
107671 11.0
107643 11.0
123314 21.44
52143 36.0
33908 70.89
5292 33.0
102326 33.0
150460 19.0
103496 17.61
111794 13.5
111795 13.5
4529 20.0
104524 20.0
105333 40.0
100820 40.0
151326 38.0
127375 26.0
111753 38.14
111739 38.14
105251 41.53
107076 14.0
107008 14.0
111869 24.0
149893 31.53
107076 31.53
107076 22.0
115979 34.31
115055 34.31
28114 37.0
129439 37.0
105159 28.0
33868 72.21
133866 72.21
134443 70.69
39608 15.52
133637 15.52
1138 56.87
33884 69.18
133883 69.18
33877 67.23
133876 67.23
106129 27.0
115699 27.0
37433 16.0
30006 31.76
130843 31.76
5089 28.44
2860 28.44
135074 27.0
126380 29.86
150857 29.86
122180 24.92
122181 24.92
52826 31.5
132485 31.5
127868 22.0
149627 22.0
52196 27.0
2012822 49.22
2012820 49.22
123203 35.81
115152 35.81
128128 21.05
110449 14.0
140584 4.77
105578 13.0
133539 64.78
33538 64.78
53223 25.51
153599 25.51
33379 34.0
133376 34.0
100289 50.22
39853 19.0
34259 19.0
30137 34.62
130138 34.62
30042 25.84
33017 25.84
5617 32.0
111767 6.59
7404 15.84
105638 25.19
149885 27.21
150534 27.63
21066 38.1
121071 37.31
126238 6.7
122741 65.43
122500 64.64
119215 19.75
119214 19.75
52388 48.08
39184 24.0
39185 24.0
18808 11.74
119132 11.74
28805 65.67
126926 65.67
9099 13.0
114371 27.91
114667 27.91
51967 10.45
110434 13.0
10436 13.0
130660 19.11
152432 19.11
52312 29.0
100647 18.23
102610 18.23
36394 18.0
25936 34.0
100404 58.43
105158 20.82
105160 20.82
107676 9.91
107589 11.0
109069 11.0
9055 10.0
9057 10.0
108035 12.88
106416 22.75
53181 13.0
36587 13.0
7960 17.0
121803 20.87
49529 38.0
126838 38.0
140615 30.0
33656 30.0
138809 17.0
138814 30.0
129737 16.0
129736 16.0
25688 51.7
126154 51.7
114346 24.0
114196 24.0
16200 7.99
52737 44.76
30322 44.76
152181 19.0
102409 19.0
23328 54.08
150215 36.22
47763 36.22
104813 65.74
25956 13.35
33297 15.0
32106 15.0
4395 61.88
4396 61.88
105403 38.95
105394 38.95
111174 13.0
12166 13.0
111437 38.86
11461 38.86
11764 40.99
11690 40.99
101214 12.86
47783 12.86
103628 18.0
12411 50.18
112560 50.18
2834 18.0
127942 16.87
127068 16.87
23554 15.0
123555 15.0
25981 30.93
32344 27.0
31420 27.0
124876 21.0
105492 30.76
118224 17.94
118325 17.94
147819 19.0
386 61.05
391 61.05
33979 25.34
138238 15.85
54277 29.54
51750 29.54
50831 33.43
23523 33.43
114711 15.0
14764 15.0
49972 19.26
150015 19.26
152432 47.02
130660 47.02
23841 7.77
130666 52.21
107293 26.0
123338 26.0
148492 13.63
148487 13.63
114641 22.87
106762 22.0
100486 24.0
100483 24.0
132374 56.88
132375 56.88
7964 26.44
105856 24.51
150439 24.51
53632 42.19
134167 67.62
36562 12.0
137362 15.0
153115 4.26
148532 58.88
150344 58.88
51255 28.18
106416 22.5
103174 18.45
42074 15.19
123374 15.19
114614 8.0
52143 33.0
104524 34.0
4529 34.0
115469 29.0
150106 29.0
115272 29.0
115469 29.0
15432 14.43
148458 14.43
150106 24.0
115470 24.0
119942 17.64
120107 17.64
127864 18.0
103991 13.03
120351 30.79
18530 14.45
3401 18.0
3402 18.0
113096 24.99
113077 24.99
11289 15.28
110996 15.0
153599 25.76
53223 25.76
11184 7.0
111177 7.0
23025 57.38
123024 57.38
50170 10.95
48898 10.95
152183 13.0
124303 30.26
51149 30.26
42008 39.31
6006 25.06
14892 25.06
130197 24.56
123071 36.79
114850 36.79
15432 14.43
148458 14.43
123289 22.74
106875 22.74
27383 32.77
127384 32.77
28240 27.62
129428 27.62
27016 24.0
129717 15.0
146615 9.0
52893 32.0
103984 23.0
153922 49.95
126488 33.13
30509 37.07
130508 37.07
153922 50.32
149994 24.0
123119 24.0
123119 17.37
106224 17.37
131725 45.28
52294 31.09
151424 31.09
100814 36.75
52005 36.75
52752 38.29
129428 20.0
28240 20.0
127686 27.94
129432 20.0
129430 20.0
1732 20.43
3082 20.43
151409 14.0
101379 14.0
103676 19.46
103677 19.46
139163 31.0
50489 15.0
127742 36.51
127743 36.51
134077 23.0
133458 23.0
33395 27.0
33397 27.0
128338 21.6
119398 14.91
129738 35.64
129737 35.64
10678 12.0
111301 12.0
111739 20.0
111738 20.0
110108 18.0
13133 18.0
112969 18.0
33292 25.0
113111 18.0
13050 18.0
13083 17.0
12775 17.0
103886 36.0
104082 36.0
53093 36.91
135440 36.91
125199 20.94
125638 20.94
114301 27.69
36646 32.0
35276 32.0
36646 35.0
137713 38.0
36646 38.0
2799 27.74
758 27.74
114796 41.26
129965 54.13
29964 55.27
48896 50.32
127334 50.06
23035 27.0
149739 27.0
133070 17.28
31849 36.0
31844 36.0
126123 34.64
136315 36.33
53959 36.33
100291 27.0
2145 27.0
104608 17.0
114304 25.13
114159 25.13
2799 32.45
138487 14.04
124780 24.0
124779 24.0
39062 39.0
153659 39.0
125201 17.0
53882 40.22
127575 10.99
37442 34.43
35772 34.43
27596 22.76
128681 11.0
153971 25.43
153659 32.0
33916 32.0
130074 30.0
130058 30.0
152759 22.46
31453 22.46
109967 13.34
110024 13.34
24359 31.77
153739 26.0
20502 17.0
119956 17.0
111727 26.95
111516 26.95
35631 61.62
36521 31.98
26932 27.0
39331 19.83
139332 19.83
139332 28.45
140584 28.45
33515 68.22
33563 68.22
27118 33.11
110063 20.75
110030 20.75
130634 39.66
31546 39.66
119114 15.04
119117 15.04
49475 27.88
149396 27.88
118698 17.75
118807 17.75
23765 30.28
23303 18.89
138403 17.0
38401 17.0
35149 25.0
34868 27.49
36844 27.49
114549 22.0
52891 26.11
50943 28.89
3885 55.25
122537 17.0
29734 23.0
129736 23.0
52890 30.54
35133 30.54
124862 15.0
150485 23.0
42074 23.0
147744 6.7
100402 60.75
100367 60.75
122242 23.48
122212 25.32
122207 25.32
151507 26.0
104493 42.0
102733 42.0
100976 18.64
101760 18.64
122533 20.0
32019 32.5
33914 64.75
15259 16.48
153967 27.43
34385 27.43
127355 35.0
133605 66.43
138953 40.64
138832 40.64
122725 42.84
122181 14.0
122180 14.0
119377 19.4
119365 9.87
19320 9.87
134573 31.25
137933 31.25
37291 30.21
38029 30.21
122994 25.0
115324 25.0
134648 45.29
34649 45.29
36029 38.64
36031 38.64
106544 37.4
115907 37.4
120729 3.32
120726 3.32
150079 31.0
152181 43.89
152181 48.89
102109 48.89
102112 39.11
52151 39.11
51300 15.55
152225 42.59
151794 42.59
110641 16.0
111766 16.0
49516 24.0
27567 34.07
149545 34.07
773 64.31
772 64.31
119321 5.0
127696 12.0
2638 41.52
52650 11.0
32793 11.0
152533 28.0
52780 17.0
29979 17.0
53538 12.3
53035 12.3
36185 25.66
111177 10.0
111180 10.0
114103 52.0
114101 60.87
117787 60.87
112467 39.21
50599 30.0
50608 30.0
10083 62.23
10086 62.23
12621 58.65
104774 32.75
51956 32.75
39731 12.0
39734 12.0
52736 30.0
36743 30.0
5731 32.83
115369 8.0
115299 8.0
105623 17.0
100099 17.0
127445 34.44
129519 34.44
6044 14.14
15728 14.14
115529 13.51
115507 13.51
115506 16.06
33656 27.77
39184 27.77
37387 33.49
53756 33.49
19440 26.59
26814 53.58
104178 16.78
105471 13.0
101657 21.0
105209 21.0
35772 34.0
37442 34.0
53882 35.0
136277 43.89
36276 43.89
103677 16.58
103676 16.58
53653 49.18
118552 22.3
118561 22.3
51190 33.0
104616 14.0
139511 12.0
102832 17.99
102824 17.99
25627 32.43
101375 32.54
101379 32.54
103335 34.1
151826 34.1
105378 47.04
3337 47.04
107935 60.99
22921 60.99
151826 28.48
105383 28.48
11522 14.0
111513 14.0
35301 3.0
35927 3.0
4094 29.54
130827 24.87
153792 36.31
118016 15.0
18232 15.0
1752 29.0
18232 26.0
118013 26.0
110996 9.0
110997 9.0
110996 11.0
102680 28.31
102681 28.31
110615 17.0
110619 17.0
110585 14.0
110611 16.0
110585 16.0
39880 3.6
39881 3.6
42021 28.59
114736 7.8
124862 25.6
130278 38.19
150562 30.37
114149 30.37
149532 33.31
114090 24.0
12458 53.0
114082 53.0
106602 51.77
148378 51.77
14321 17.0
12592 20.9
15266 16.0
128494 29.0
114179 23.0
14321 23.0
107609 31.0
107641 31.0
26813 52.52
27597 52.52
104347 21.0
151786 36.55
51882 36.55
7788 15.0
25671 67.69
126149 67.69
106823 22.11
6822 22.11
104490 25.8
7794 23.0
107813 19.81
107928 19.81
107809 20.54
107813 20.54
107552 9.0
7783 25.0
107601 25.0
4987 16.84
149612 13.0
127946 13.0
123648 31.33
50827 31.33
18215 36.0
3906 32.94
126198 60.42
25671 60.42
102020 50.24
2017 50.24
127431 32.0
129892 32.0
35067 74.0
135339 74.0
150534 16.0
105076 37.96
128829 62.47
129234 62.47
127540 55.78
115060 51.84
115058 51.84
10302 17.11
110499 17.11
119956 15.0
20502 15.0
35864 17.0
151284 18.0
122108 23.0
27567 29.0
49544 29.0
125289 22.0
127541 47.89
128813 58.43
25225 16.36
124491 16.36
107676 13.0
107601 13.0
107789 14.0
110611 6.0
19398 26.07
110615 12.0
110997 12.0
148403 32.34
123014 32.34
51671 30.04
152367 30.04
6652 12.41
6651 12.41
25953 59.97
4822 57.39
127359 31.55
129622 31.55
127339 15.0
131405 15.0
31430 15.0
118009 21.0
118026 21.0
20951 19.52
20880 23.44
120724 23.44
11172 14.35
111162 14.35
150534 21.0
125620 14.0
125614 14.0
34743 59.29
34742 59.29
26089 33.29
26138 33.29
123563 43.0
51729 13.98
100958 13.98
112798 25.37
13222 25.37
113221 14.0
113160 14.0
151494 20.94
123412 14.0
103991 14.0
51345 37.55
125314 37.55
105454 27.34
51963 27.34
126431 36.77
25808 36.77
100532 12.58
50580 28.0
50572 28.0
51904 34.0
31797 39.5
31798 39.5
125620 32.65
125314 33.49
51345 33.49
51362 20.0
100086 20.0
125614 32.77
51262 32.77
115234 38.77
123338 38.77
105638 24.96
22318 15.2
122316 15.2
27856 36.0
114711 24.93
50489 24.93
120354 30.72
107293 39.89
49528 12.0
27812 12.0
7466 29.97
148515 64.36
129209 28.0
148474 33.56
123217 33.56
127846 48.64
27845 48.64
106681 25.76
105783 25.76
150015 13.7
49790 32.64
125638 17.0
125199 17.0
52918 14.0
53818 14.0
100846 23.0
100695 23.0
107601 22.0
7783 22.0
134863 37.0
138645 37.0
107928 21.75
130623 18.38
29458 7.71
107556 17.0
107639 20.0
129488 24.06
126740 24.06
130875 34.71
30878 34.71
106140 22.0
22750 22.61
149287 22.61
103582 25.0
103581 25.0
27441 29.0
105987 28.0
122628 21.0
122627 21.0
122624 27.07
122628 27.07
22669 26.85
122624 26.85
137712 29.71
134925 19.59
125930 27.0
24932 27.0
125930 27.0
24932 27.0
53652 34.56
34017 34.56
150098 24.0
104672 33.34
4793 33.34
124358 20.37
127334 39.64
50943 24.68
51326 35.51
100185 63.28
100394 63.28
150862 31.0
51863 27.0
2086 27.0
123367 11.88
114312 11.88
130324 37.0
130853 37.0
7505 13.73
7333 13.73
101899 52.09
1901 52.09
23410 18.2
101374 18.2
100251 13.0
100261 13.0
52127 22.07
104343 22.07
47755 33.0
128886 33.0
47755 21.0
114839 11.0
14548 11.0
123214 17.0
123227 17.0
31436 14.0
132310 14.0
100370 34.94
105623 34.94
7673 19.0
50080 28.0
115469 28.0
37275 7.0
37433 7.0
134391 30.46
100231 19.0
103679 19.0
108213 14.0
8252 14.0
34359 37.0
134355 37.0
4971 3.67
123261 18.0
106146 18.0
53651 44.4
40445 44.4
108064 20.92
138050 9.0
138049 9.0
11159 13.47
120621 15.43
21170 15.43
111162 7.41
23913 22.44
128014 33.0
149489 33.0
102832 21.6
137969 8.0
22752 63.4
136289 11.0
27279 28.0
28953 28.0
52388 51.55
105680 28.0
22751 63.4
22748 63.4
122725 37.0
22623 37.0
104774 24.98
4851 24.98
33292 26.0
151364 14.72
37554 34.0
34875 34.0
102142 15.43
52135 15.43
5006 20.24
52135 20.24
152533 22.0
29979 22.0
52780 22.0
52654 25.63
130496 45.0
52654 45.0
152462 27.0
33282 27.0
31243 21.0
32793 21.0
38274 30.94
40410 30.94
130154 44.0
152462 44.0
127696 18.0
48650 31.51
152753 19.74
131745 19.74
107911 48.31
52127 18.78
107884 52.38
40445 43.21
53651 43.21
135425 28.3
53145 28.3
140137 41.77
135146 41.77
133201 32.06
7605 35.74
27275 25.55
34757 53.48
48650 53.48
53118 11.0
33399 19.37
34518 19.37
51919 27.0
37672 20.0
38393 22.0
40564 22.0
100390 55.65
100376 55.65
50943 22.21
125343 22.21
151234 23.0
5513 28.48
105512 28.48
125289 32.0
151261 14.59
101678 12.0
103698 12.0
100295 60.66
139163 23.0
24455 41.38
26111 47.97
124454 47.97
122108 15.83
37338 34.83
37339 34.83
138239 20.0
138238 20.0
132239 42.73
121854 19.0
121869 19.0
115045 20.13
112728 18.0
33524 48.73
152983 48.73
105330 40.77
151900 40.77
100695 11.0
100846 11.0
135487 25.0
40786 14.0
107956 35.06
7924 35.06
34742 25.67
34743 25.67
7917 32.75
7910 32.75
138238 19.0
10083 17.15
110026 17.15
150446 17.0
124818 12.37
124816 12.37
111869 15.0
50489 17.0
114711 17.0
106967 21.91
50042 21.91
35124 49.0
36019 49.0
107293 28.0
123338 35.1
115234 35.1
137533 11.0
138172 11.0
35085 14.0
53534 14.0
4971 3.67
113143 15.0
118282 15.0
125675 16.0
125956 16.0
109165 16.0
151424 30.0
52294 30.0
20450 13.0
120525 13.0
24600 58.99
115684 25.89
115810 25.89
102370 22.0
102371 22.0
133889 63.54
133888 63.54
121317 22.0
121480 22.0
107789 19.0
107915 11.0
109105 13.0
23357 30.0
5682 30.0
26818 14.54
107749 6.82
107869 6.82
9164 18.84
9163 18.84
4825 55.22
819 55.22
27039 60.0
128650 60.0
102012 20.0
27479 17.0
100387 60.13
356 60.13
35660 27.66
650 60.19
1018 60.19
100045 59.54
152265 18.84
106030 18.84
138087 28.0
138088 28.0
148456 39.49
123132 39.49
36470 12.0
140652 12.0
128706 64.38
148906 64.38
106021 60.77
148438 60.77
122017 27.93
115045 25.79
115045 48.02
15432 2.88
105698 24.39
49536 35.0
149322 35.0
28811 57.92
37574 44.36
138415 44.36
126013 26.18
110560 10.0
110558 10.0
27339 18.0
49647 31.66
106421 31.66
124862 26.52
100048 15.0
100049 15.0
31370 24.0
52774 24.0
130239 33.0
152775 33.0
125777 25.0
125773 25.0
5276 30.76
125773 20.0
126582 20.0
113681 22.0
113738 22.0
124862 27.94
27769 44.0
124869 35.42
114581 14.4
114266 25.0
114179 25.0
129320 8.0
111795 11.54
105160 19.29
105158 19.29
4566 10.59
102853 29.5
2860 12.2
5083 43.64
104542 43.64
112620 61.55
112624 51.33
51713 18.47
151485 18.47
151485 25.37
101299 25.37
104934 11.94
2862 11.94
4102 55.1
110084 65.11
7927 65.11
103714 15.0
3508 15.0
51877 5.93
26418 48.67
26418 30.14
113667 13.0
113681 13.0
126464 40.42
51208 40.42
51207 43.4
126464 43.4
51171 40.47
51326 40.47
124265 29.4
125260 29.4
101375 5.29
101915 36.0
4564 26.44
28703 40.5
127463 9.67
102327 22.0
51967 22.0
3727 36.89
123074 8.63
114896 8.63
114894 34.0
24288 60.74
48881 60.74
4899 61.3
3486 61.3
27481 40.0
127478 40.0
105488 25.6
114623 27.0
11184 9.0
111185 9.0
110857 26.67
22827 26.67
136613 43.21
153231 43.21
14548 12.0
39497 45.88
34568 45.88
14645 12.0
147766 12.0
26572 18.14
125555 18.14
100446 30.55
105465 30.55
119637 8.76
119638 8.76
106000 10.91
105829 10.91
143 35.0
100215 35.0
32648 18.0
32649 18.0
150071 24.11
114787 24.11
52576 19.0
2834 13.0
38969 39.0
38843 39.0
124999 37.53
134331 40.21
131775 42.84
38843 37.0
129428 31.21
445 60.09
105742 63.0
148388 63.0
118370 12.6
118268 12.6
52642 19.0
126856 30.0
126855 30.0
782 58.66
100387 58.66
110902 13.0
111486 13.0
50502 33.28
114421 33.28
2078 57.66
100045 57.66
122537 18.0
115339 8.31
105905 8.31
53770 33.31
139089 33.31
150296 24.0
50313 24.0
8252 14.32
108213 14.32
122242 11.74
122235 11.74
103708 13.28
122212 26.89
135629 64.86
25052 30.38
128763 53.2
30681 19.88
52654 27.0
132639 40.0
33796 25.0
34450 25.0
104026 21.71
105159 21.71
36517 23.48
50034 21.46
4389 60.85
4812 60.33
4804 63.27
48545 63.27
4189 28.0
31031 7.0
118378 18.42
118579 18.42
115020 20.0
115761 20.0
100483 27.0
482 27.0
123374 17.0
150485 17.0
50170 16.0
105960 16.0
21100 22.0
147744 15.77
109115 15.77
115506 20.42
107969 61.99
107935 61.99
11750 12.0
111485 12.0
122579 14.43
4886 65.75
103601 41.65
4094 41.65
110898 9.55
110931 9.55
123016 55.0
4892 63.2
4898 63.2
111486 14.91
110902 14.91
136927 20.02
36926 20.02
110932 15.08
110931 15.08
3194 17.61
3486 54.55
104932 54.55
50042 26.0
106967 26.0
48845 28.32
124633 28.32
121480 18.0
121317 18.0
15289 38.07
150428 38.07
25401 23.11
135054 33.65
38842 33.65
37834 70.68
119326 14.86
49784 34.89
107008 19.85
107076 19.85
31453 30.3
152759 30.3
32034 34.0
131427 15.0
47783 27.14
115055 29.5
115979 29.5
107076 33.89
149893 33.89
52871 25.0
27234 28.0
35314 38.94
49013 18.54
113170 18.54
4788 60.2
106530 24.7
150103 24.7
22571 20.38
137543 50.65
33524 50.65
126680 18.0
137252 44.13
138487 11.15
31763 11.15
52576 42.21
30927 42.21
123227 21.0
123233 21.0
115057 14.69
15749 14.69
125515 25.76
28786 62.8
128706 62.8
104958 52.07
2631 52.07
3925 20.0
32494 28.59
32496 28.59
26249 27.76
123233 15.77
123227 15.77
40847 30.98
39291 30.98
107398 33.95
107529 33.95
31340 27.0
111498 10.0
111419 10.0
25550 12.1
12412 13.0
12469 13.0
102178 13.87
119402 27.89
27469 25.0
21961 2.76
21937 2.76
124779 32.0
50799 32.0
50799 32.28
51097 32.28
113810 15.0
13886 15.0
104679 11.0
110385 12.0
110387 12.0
110931 8.0
110902 8.0
150106 27.68
115469 27.68
7909 55.89
18808 23.8
118827 23.8
122575 20.0
115469 28.41
115272 28.41
124876 27.26
32019 41.59
152456 41.59
24055 31.0
115115 19.0
50353 19.0
50502 26.0
115488 26.0
31844 24.0
32284 24.0
135345 15.0
130554 9.0
111738 20.0
111739 20.0
151949 27.0
143 27.0
49563 16.43
27113 16.43
111301 13.0
10678 13.0
129736 29.64
29734 29.64
152064 32.0
152172 32.0
105428 47.0
105427 47.0
127742 35.0
126881 35.0
136199 14.0
140272 14.0
115814 21.11
15680 21.11
125555 10.88
124666 10.88
109505 10.04
110025 10.04
122828 14.61
11442 14.61
126336 39.66
26117 39.66
111516 22.03
111727 22.03
111727 21.43
110870 21.43
1967 49.98
102008 49.98
108023 11.1
101899 53.53
22420 60.22
22441 60.22
110030 13.05
110063 13.05
24540 56.22
25401 27.27
124633 26.19
48845 26.19
139353 26.76
40468 26.76
102773 14.75
105376 26.0
5505 26.0
105383 24.0
128608 65.29
123119 26.0
149994 26.0
153876 23.32
106224 23.0
123119 23.0
16200 49.75
53391 20.42
135237 19.0
35241 7.0
35263 25.0
135264 25.0
11772 6.32
11724 6.32
35737 17.0
53244 17.0
133468 23.0
48900 64.5
105427 54.72
105428 54.72
53568 29.08
5089 22.11
28607 68.99
128608 68.99
31296 47.7
52835 47.7
136261 62.58
27275 32.0
150179 25.0
115621 25.0
39081 26.0
33358 26.0
138628 27.66
53700 37.78
53738 29.96
33522 24.0
38948 24.0
53687 40.18
39000 40.18
150439 12.27
50419 12.27
106499 25.47
149970 25.47
106423 28.76
106383 28.76
52163 24.0
111556 24.63
110558 24.63
127366 36.0
26818 36.0
26108 63.85
124539 63.85
104409 28.0
5276 28.0
5276 25.85
104334 25.85
49673 13.0
25246 17.0
123748 17.0
107514 6.35
7476 6.35
103701 18.0
3702 18.0
50341 59.87
14934 59.87
52780 35.0
152533 35.0
109105 12.0
109077 12.0
109152 13.32
109105 13.32
13837 21.0
1970 54.68
149210 29.0
2844 31.0
51701 31.0
111925 10.38
11716 10.38
103196 20.0
4194 20.0
11172 8.0
111177 8.0
121804 17.73
121811 17.73
130111 20.0
37678 23.0
152676 39.38
31553 39.38
127478 40.77
27481 40.77
111176 14.0
122739 63.66
122758 63.66
103922 16.62
3923 16.62
101012 65.51
100237 33.0
114555 22.75
132193 16.98
32195 16.98
29991 32.53
124825 47.52
107915 10.0
134191 41.0
124604 49.81
124603 49.81
32435 11.0
23579 41.0
123577 41.0
26131 43.22
101926 23.0
102318 23.0
107245 18.14
107405 34.01
102317 19.17
33632 12.0
133631 12.0
3845 27.95
3848 27.95
147756 32.44
31241 16.0
107639 16.11
107676 16.11
31330 29.99
32505 29.99
31328 5.75
52234 23.0
133963 56.2
103726 34.0
103731 34.0
391 61.82
100402 61.82
105394 38.0
105403 38.0
100018 17.0
148853 28.0
48848 28.0
53517 18.9
53193 18.9
39158 14.0
53729 14.0
10459 14.59
38029 26.0
34462 26.0
6822 15.13
106823 15.13
34585 64.0
12469 9.0
112361 9.0
27665 54.86
52512 15.72
152456 27.0
32019 27.0
27665 57.41
128816 61.99
128829 61.99
134355 27.0
34359 27.0
126464 49.17
51207 49.17
118827 20.19
18808 20.19
121073 31.87
20757 31.87
114896 7.51
114880 7.51
20748 12.95
20757 12.95
119165 23.07
119215 23.07
139865 43.0
139862 43.0
119377 19.4
152775 32.0
52918 14.0
53818 14.0
105698 27.22
126463 47.39
51208 47.39
49544 30.59
27567 30.59
105899 27.0
125639 35.79
126463 35.79
126022 20.0
125017 20.0
110902 12.24
110898 12.24
115792 26.99
150439 26.99
11469 10.0
115020 20.0
115761 20.0
151139 22.0
111549 19.0
111438 19.0
27077 24.38
129672 24.0
49353 24.0
104867 14.0
152214 16.71
101956 16.71
28593 66.08
104059 20.63
151640 20.63
33745 45.77
37349 21.06
24616 14.0
24615 14.0
34380 39.83
53882 39.83
49610 14.0
103496 15.75
2044 15.75
122786 19.64
114757 29.11
150534 29.11
131870 33.0
52758 18.0
52850 18.0
12448 20.52
112370 20.52
133862 44.47
133859 44.47
121408 9.0
125686 58.0
25149 58.0
33884 66.18
133883 67.62
33882 67.62
2575 11.45
51871 28.0
134443 72.0
33868 72.0
10032 41.32
12621 41.32
2177 21.84
128667 25.0
24596 55.77
124825 55.77
21113 14.29
48973 61.2
49020 15.0
118905 15.0
119110 11.0
49020 11.0
33172 30.19
149407 15.0
24060 21.0
18857 10.0
118859 10.0
33079 6.11
33001 6.11
3402 28.21
129474 37.12
129473 37.12
52059 35.0
104809 35.0
105197 8.25
104490 8.25
132043 42.83
30382 42.83
12775 14.95
13083 14.95
43620 30.53
129078 30.53
103964 20.0
102962 20.0
122580 19.0
127352 28.0
129672 28.0
33877 66.65
4907 56.08
105115 56.08
135436 27.21
136133 27.21
3139 14.0
150439 12.27
50419 12.27
131138 37.22
31137 37.22
47746 67.41
102673 16.02
2674 16.02
133866 71.98
33865 71.98
101299 11.34
151485 11.34
102962 16.44
111780 38.84
111478 38.84
7900 12.0
103986 57.44
15780 14.38
4424 17.56
104427 17.56
49453 21.0
26978 21.0
28240 11.0
33695 24.21
138832 34.04
138953 34.04
36195 23.66
132239 44.63
30018 44.63
48650 46.61
34013 37.33
40550 37.33
120724 17.0
120726 17.0
114623 22.33
118605 17.0
49023 17.0
125078 51.44
126172 51.44
123856 32.0
125926 32.0
122725 37.0
22623 37.0
125161 27.55
24981 27.55
127744 30.65
127743 30.65
122615 28.0
122901 28.0
122421 13.57
122418 13.57
53889 30.0
34423 33.0
134869 33.0
1 26.31
102403 26.31
52476 17.0
122180 23.01
125930 37.0
125932 37.0
139469 14.59
139092 23.0
100532 15.54
148487 34.78
150857 38.29
126380 38.29
51908 52.85
32898 30.0
31305 30.0
114149 27.0
150562 27.0
52835 33.41
31292 33.41
104427 33.7
4428 33.7
31260 42.0
114736 21.0
31311 42.0
152676 42.0
23425 9.81
114115 9.81
115299 31.17
115369 31.17
151485 19.94
51713 19.94
14102 24.66
14067 24.66
20998 24.0
121007 24.0
13738 19.0
24284 62.99
2748 31.73
5003 31.73
101957 14.32
101956 14.32
136440 63.04
36441 63.04
101956 22.0
152214 22.0
102317 32.0
102318 22.29
101926 22.29
30000 71.79
53039 34.0
129833 73.42
110030 10.0
32154 74.66
152873 74.66
130053 18.0
31955 18.0
113170 18.0
49013 18.0
104885 62.11
105060 62.11
151640 25.66
3304 25.66
18967 24.0
130789 18.0
106030 13.99
152265 13.99
127375 33.94
134367 22.0
139593 22.0
126031 21.0
105779 16.98
120840 14.0
120846 14.0
152438 28.0
53861 29.0
134355 29.0
127003 32.0
127868 37.0
128369 37.0
51178 29.86
25510 29.86
111516 39.99
122824 39.99
50173 27.93
150206 27.93
7186 11.64
24287 67.91
124286 67.91
105673 19.0
135632 55.46
34043 55.46
114152 30.0
114301 30.0
10574 14.0
121300 25.21
19762 25.21
133070 11.0
32138 11.0
33057 32.1
2575 18.2
102576 18.2
123082 20.91
34359 27.0
53679 27.0
49918 32.55
115970 32.55
23079 7.36
105903 7.36
119365 24.66
150103 26.0
106530 26.0
107171 15.0
150103 15.0
28613 31.2
148797 40.29
123217 21.06
28873 42.0
15749 24.0
115057 24.0
50888 13.19
128587 13.19
28743 25.0
129210 25.0
23919 22.0
49574 25.0
25574 30.4
52393 33.87
52399 33.87
131623 40.73
5038 30.22
138049 7.0
38048 8.0
114301 25.0
114148 25.0
106146 17.0
123261 17.0
50474 22.18
106140 29.0
135349 13.87
140487 13.87
37433 10.0
37275 10.0
2015 47.43
138050 7.0
42051 7.0
35350 8.0
136903 8.0
23915 28.0
127306 18.37
127305 18.37
129121 35.21
126886 35.21
37040 24.32
150234 21.92
108325 12.54
38842 17.62
135053 17.62
18857 19.0
120999 26.41
21015 26.41
107171 20.4
50173 20.4
150206 24.29
50210 24.29
102344 37.91
5073 37.91
32989 33.9
152456 33.9
152457 40.38
52458 40.38
49023 16.0
118605 16.0
126856 30.0
2014110 17.06
2014111 17.06
106907 16.99
105800 16.99
122788 23.16
50604 23.16
49982 22.0
124669 27.39
106878 28.43
106166 28.43
50051 23.11
53035 25.15
53538 25.15
38092 24.48
123982 15.77
123980 15.77
52744 33.87
130623 33.87
36470 24.0
134784 24.0
11525 13.7
2145 28.66
100291 28.66
127016 18.0
48784 42.18
101050 42.18
28076 27.0
9836 13.0
121672 35.0
121600 35.0
135237 15.23
14036 19.45
14040 19.45
26690 22.0
125561 22.0
150057 23.48
12464 23.0
33468 17.0
152533 39.0
52780 39.0
53738 8.0
34426 8.0
103993 14.74
124814 18.4
24813 18.4
152805 20.0
108353 11.0
108319 11.0
113719 19.0
13668 19.0
112480 17.26
14057 17.26
124618 26.0
24619 26.0
138850 31.0
131623 39.91
52393 39.91
51278 20.0
26205 20.0
153777 19.0
140724 34.0
53923 34.0
32796 31.89
127575 13.0
124869 35.13
148403 24.39
105816 24.39
149532 30.76
8442 7.85
109123 7.85
109168 12.89
109088 12.89
49574 25.91
50338 12.0
100051 10.0
114256 7.0
26372 19.0
115238 14.0
153777 18.0
149534 35.6
49552 35.6
32336 33.0
32337 33.0
26572 17.0
122234 15.64
122242 15.64
115852 20.41
107019 20.41
122286 20.11
121726 20.0
122017 20.0
47763 28.51
150215 28.51
122212 27.0
149489 38.11
128014 38.11
125982 58.66
25979 58.66
115419 25.05
106851 25.05
34676 14.46
135692 14.46
119325 15.0
119365 15.0
34568 44.0
39497 44.0
142017 36.9
42021 18.59
142017 18.59
37835 68.35
122533 16.0
123397 10.0
10436 10.0
110434 10.0
50080 22.0
150101 22.0
128634 47.54
127122 15.0
115601 11.33
122994 33.0
114946 33.0
110063 14.0
110057 14.0
22571 13.4
49754 27.21
107058 27.21
124043 19.13
24044 19.13
40432 22.0
33468 22.0
28758 21.5
149361 21.5
104648 26.39
153777 24.0
31767 31.36
131768 31.36
34085 38.44
134077 38.44
2631 43.53
103949 43.53
102712 15.93
51701 15.93
4415 23.0
121243 17.0
106378 16.06
150015 16.06
31389 32.0
29988 32.0
32394 8.0
32519 8.0
127199 47.77
147965 42.08
53696 16.0
34380 16.0
38393 26.0
134101 57.83
122180 17.0
122181 17.0
115885 23.62
123234 23.62
101214 14.0
103582 14.0
151173 30.0
124101 30.0
4395 62.65
32151 73.88
29994 73.88
120669 12.33
118689 21.43
118780 21.43
15301 30.77
51337 30.77
34385 31.53
153967 31.53
120678 12.0
50476 15.05
150472 15.05
132905 14.0
118595 7.0
118594 7.0
47950 58.77
35506 47.32
133070 30.0
130337 30.0
13975 7.88
14036 7.88
35515 36.96
36237 36.96
42081 14.0
33545 71.95
11906 3.0
39184 30.89
133462 30.89
113075 14.87
113096 14.87
132256 42.26
102832 14.0
101133 14.0
18232 12.0
118016 12.0
103990 21.94
119123 23.21
151911 19.0
148454 39.27
19289 17.0
102042 15.0
105578 15.0
15316 36.41
148372 52.81
128784 60.58
105514 46.86
51668 15.32
102832 15.32
100099 46.66
100099 42.66
110085 23.0
7962 37.43
7913 37.43
109260 46.93
111478 42.53
107266 51.18
148485 51.18
11750 12.0
10831 9.0
111485 9.0
109143 8.7
109115 8.7
119064 15.69
119062 15.69
11778 25.76
147744 13.72
31450 67.32
130530 28.33
30531 28.33
134331 40.21
32796 11.0
131455 65.0
129026 32.66
127431 32.66
125096 18.0
26003 18.0
123082 21.25
105944 21.25
127175 9.67
139862 40.36
139865 40.36
129717 27.0
129428 20.0
28240 20.0
1580 62.77
101014 62.77
30285 58.54
152775 34.0
40016 23.98
33371 23.98
25776 29.01
126582 26.0
122643 12.0
25873 23.0
125527 23.0
131458 61.74
31459 61.74
130197 38.0
32296 38.0
28049 22.11
35194 17.9
35193 17.9
50654 21.0
53155 13.46
53156 13.46
53244 20.0
35737 20.0
7909 52.95
47820 52.95
130110 40.0
130111 40.0
137501 58.02
34103 58.02
40393 32.86
22748 63.4
22752 63.4
50831 30.03
118396 9.97
118205 9.97
19762 18.68
121300 18.68
149407 17.54
53535 25.49
136739 25.49
15963 26.18
138755 34.66
33451 75.0
149667 32.0
122966 32.0
11724 11.09
11772 11.09
53391 28.18
107816 28.11
38880 26.0
39745 26.0
128338 6.32
104493 4.09
24595 53.89
26130 53.89
114312 13.76
123367 13.76
30701 16.31
30700 16.31
23601 56.6
125982 56.6
137666 30.08
37668 30.08
31821 43.1
22471 13.71
137188 40.31
140272 18.0
53868 31.0
140612 31.0
49552 35.1
149534 35.1
138172 19.0
137536 19.0
30272 47.16
100614 29.0
100767 29.0
103750 31.0
151749 31.0
152394 39.97
31797 39.97
28062 25.21
10347 15.0
10535 15.0
101247 8.74
103993 8.74
38245 25.0
138250 25.0
10955 11.0
10978 11.0
117877 11.88
117899 11.88
22503 23.0
135347 10.0
35348 10.0
23950 34.32
126488 34.32
130111 20.0
37342 35.0
137344 35.0
21170 18.43
120627 18.43
102832 20.0
51668 20.0
153115 26.25
131284 28.0
131286 27.0
48898 17.0
50170 17.0
102962 12.98
103964 12.98
30927 40.33
52576 40.33
32905 26.0
130115 26.0
33239 23.0
122259 12.41
122234 12.41
33414 22.0
139166 22.0
3849 21.47
125932 30.0
124930 30.0
103948 57.33
4102 57.33
35968 35.0
53124 35.0
32639 30.0
30591 28.19
130592 28.19
31902 47.21
52508 21.0
125956 19.0
31868 23.0
131870 23.0
153922 51.65
125620 32.0
51262 33.77
125614 33.77
52388 49.44
107785 14.0
107633 13.0
107632 13.0
114894 33.89
31241 25.0
130843 25.0
134784 20.0
36470 20.0
49664 41.8
115173 41.8
117778 23.0
52767 18.0
32843 18.0
123327 28.0
50250 28.0
102610 11.02
52271 11.02
122628 29.21
122624 29.21
129124 34.51
129123 34.51
50245 20.0
106760 20.0
107171 27.0
125963 13.0
125017 13.0
104934 5.45
26205 16.8
51278 16.8
135345 15.0
31891 20.0
31892 20.0
128587 12.0
50888 12.0
151038 20.32
148853 2.0
106479 25.35
106806 25.35
103993 15.0
101247 15.0
39586 26.3
138644 26.3
22154 18.0
122101 18.0
150206 30.11
50173 30.11
153659 35.0
39062 35.0
152409 55.0
50108 14.0
105897 14.0
139509 41.0
26165 41.0
125693 41.0
35759 23.95
135757 23.95
40531 34.64
53404 34.64
3039 16.11
40847 29.0
53733 29.0
32019 41.32
124710 55.54
101824 13.35
51882 13.35
128062 19.32
121403 23.0
21407 23.0
150131 13.75
126832 20.92
129088 20.92
136739 7.5
53535 7.5
121408 17.43
140443 15.0
119499 14.0
119745 14.0
125201 29.11
124846 29.11
22781 20.38
130708 5.73
130712 5.73
122648 21.76
122643 21.76
149287 22.0
4194 21.0
124846 31.03
125201 31.03
129765 34.32
29768 34.32
33468 31.0
133471 31.0
49090 16.99
107433 16.99
122553 19.0
122580 19.0
114726 23.81
123342 23.81
25025 25.0
108325 8.0
114844 34.89
123203 34.89
118242 10.0
117993 10.0
33703 20.0
125734 23.0
125034 23.0
120546 19.88
118635 19.88
18015 12.41
112900 12.41
114148 33.45
114301 33.45
100789 36.0
126876 36.64
150071 17.14
106530 17.14
49828 26.73
15963 26.73
35300 36.07
134122 36.07
138088 29.12
138087 29.12
129892 38.89
127431 38.89
140652 16.89
36470 16.89
117899 16.0
117877 16.0
30578 12.12
130577 12.12
150521 16.29
28496 29.0
50414 15.0
105848 15.0
114442 25.0
50414 25.0
50250 26.0
123327 26.0
106760 23.0
50245 23.0
103174 12.81
100958 21.47
51729 21.47
51255 26.0
110063 10.75
110064 10.75
22924 14.61
110404 14.61
51190 36.0
104354 18.85
5071 18.85
4988 16.0
4216 19.0
34454 62.09
133889 62.09
53126 57.57
136270 57.57
28381 29.0
24301 64.22
49610 23.0
149609 23.0
52670 37.89
131670 26.27
26130 47.36
134442 68.21
118205 5.27
118396 5.27
52736 39.11
34162 26.0
135150 26.0
149739 16.0
102181 15.87
101954 15.87
130098 18.97
52670 18.97
4842 55.5
37429 16.0
105333 40.0
100820 40.0
53818 30.94
153817 30.94
139032 24.73
52964 24.0
34454 54.41
115621 21.0
150179 21.0
40564 26.0
40569 26.0
119148 13.59
20284 13.59
110328 12.55
10313 12.55
138993 26.38
53719 26.38
11444 5.17
110556 12.0
112872 12.0
34300 38.96
139392 38.96
39033 44.33
35015 44.33
53767 25.06
33386 25.06
153840 36.42
53924 36.42
153702 22.85
134320 26.32
4418 20.38
31382 9.0
114765 7.0
114683 7.0
128369 39.0
54273 39.0
149627 23.0
127868 23.0
10454 14.0
110449 14.0
50419 18.0
150439 18.0
122537 20.19
122524 20.19
122538 24.97
122537 24.97
122541 25.0
52404 40.0
53679 33.0
34359 33.0
34584 15.65
34038 15.65
132378 43.88
32382 43.88
6323 29.89
111162 7.41
10853 7.72
110895 7.72
104524 24.0
126042 19.62
124999 19.62
137369 35.3
37370 35.3
13751 16.0
113810 16.0
24354 14.49
37083 26.56
37081 26.56
27880 18.53
129073 18.53
107433 15.0
151900 36.0
105330 36.0
36149 36.08
133564 25.41
123367 30.99
114312 30.99
12629 21.03
12398 21.03
101066 17.41
103677 17.41
36149 18.2
36396 18.2
48398 35.02
48400 35.02
114719 29.0
120036 29.0
50548 27.0
50535 27.0
133376 39.0
33379 39.0
132460 21.0
130058 21.0
30526 11.0
111205 18.49
11204 18.49
33382 38.18
53767 38.18
33379 47.63
33380 47.63
30922 33.6
130165 33.6
36016 49.74
24289 68.95
114667 26.0
127030 8.0
128166 8.0
117857 16.0
127355 16.0
30906 38.33
47755 21.0
104835 28.57
103518 16.0
22279 19.29
122284 19.29
11781 42.64
11779 42.64
110992 22.0
53959 33.64
136315 33.64
4375 54.72
104376 54.72
4378 61.58
4737 61.58
104379 57.09
4399 57.09
4398 62.65
138050 8.0
52388 48.58
52388 48.31
52388 44.23
117792 19.68
117778 19.68
129976 14.0
31708 14.0
35827 48.18
35826 48.18
124594 53.97
123924 53.97
119126 22.0
118996 22.0
35133 27.31
52890 27.31
140753 35.69
39023 35.69
48371 42.36
1835 42.36
111560 6.29
10911 6.29
103518 14.0
111177 13.28
11172 13.28
119123 13.64
119117 13.64
33356 55.91
133357 55.91
134620 64.02
36437 64.02
12143 7.24
5095 14.0
104730 14.0
113699 5.4
126488 43.95
125078 43.95
101785 8.0
104809 39.0
4686 39.0
104462 19.0
52059 19.0
135246 68.21
397 42.09
391 42.09
51653 27.0
121810 16.87
122017 16.87
52752 24.36
103369 50.53
2019 50.53
104917 33.0
132142 24.0
33515 71.44
18297 19.77
118358 19.77
51879 47.14
51802 38.93
66 38.93
3385 30.26
102039 30.26
100370 11.0
3384 30.61
3385 30.61
130058 10.0
131024 8.0
115844 16.14
130074 19.0
109967 8.18
9947 8.18
152676 23.1
31311 23.1
150853 21.0
107743 17.33
107743 5.4
109206 5.4
31292 14.19
52835 14.19
48453 20.61
100370 46.03
10853 13.0
111693 13.0
148996 15.0
111498 15.0
33386 24.0
53767 24.0
25550 24.75
26572 24.75
40147 11.0
140150 11.0
4971 18.58
101468 21.85
51430 21.85
5121 22.64
101468 22.64
31161 11.0
33292 11.0
107634 6.87
107585 6.87
125773 30.73
126031 27.4
26166 57.16
26175 57.16
118965 18.21
118991 18.21
3017011 32.0
3017010 32.0
33979 18.0
138944 18.0
122664 10.0
22508 18.0
122627 18.0
132273 48.79
114839 15.92
14548 15.92
11886 9.0
31967 15.0
131206 15.0
100780 53.95
3354 53.95
1715 30.0
114302 27.68
150553 27.68
27867 18.71
150863 27.32
50768 27.32
104809 27.0
52059 27.0
24505 15.0
124262 15.0
33343 15.0
104492 34.0
5095 34.0
103424 26.0
35781 13.0
151279 26.11
388 41.09
113075 9.23
102147 39.11
5513 39.11
5240 12.0
130637 53.07
130640 53.07
124307 32.32
125457 32.32
126148 63.91
25673 63.91
122286 22.21
52737 45.24
122242 15.88
122234 15.88
11554 45.23
11530 45.23
115124 11.57
7243 11.57
126921 66.21
149574 32.0
28743 29.0
36097 45.41
115284 40.0
115168 40.0
22291 26.44
35371 32.84
25063 12.0
101899 54.53
53818 18.0
52918 18.0
40012 22.0
35411 22.0
105897 19.29
50108 19.29
151313 23.32
124043 23.32
26631 22.77
134527 49.0
134526 49.0
36044 17.4
136045 17.4
103679 19.0
100231 19.0
137369 42.0
118180 14.82
118368 14.82
19470 10.34
19455 10.34
7786 26.92
107869 5.19
105672 13.0
105673 13.0
103550 12.04
28626 62.09
127828 62.09
20361 20.13
31832 21.0
28779 59.86
103628 22.0
100035 22.0
4102 56.22
104042 56.22
127776 36.21
34115 22.0
36909 22.0
134678 36.0
133719 21.67
48529 55.21
15204 55.21
4090 51.1
3968 51.1
122816 11.11
122793 11.11
149844 50.69
123076 50.69
51692 23.76
100532 23.76
115907 39.21
106544 39.21
23425 24.97
50170 24.97
122966 41.38
149667 41.38
115324 10.83
122994 10.83
7377 63.0
129210 25.0
28743 25.0
4566 10.0
106806 33.08
106479 33.08
150446 29.55
104530 19.41
4529 19.41
50572 23.0
114148 23.0
51924 34.0
126966 12.0
52737 40.38
28743 21.0
149574 21.0
149574 29.0
51058 23.0
124760 23.0
53256 15.83
124045 55.87
130111 19.88
52840 19.88
104065 30.76
100958 30.76
126044 66.45
26046 66.45
37678 21.0
140169 21.0
126031 32.0
151261 32.0
15780 20.99
24537 21.0
150938 21.0
125561 21.0
24537 21.0
124763 39.0
50852 39.0
147765 7.0
2452 12.0
3554 12.0
112438 14.0
112135 14.0
114896 13.5
114886 13.5
51287 34.0
151311 34.0
14548 10.0
123374 14.0
150559 20.16
114623 20.16
26278 26.33
107911 47.37
26061 27.49
25851 27.49
123982 33.98
126270 33.98
123555 27.52
125793 27.52
150460 23.5
114266 23.5
106143 30.22
123261 30.22
106154 7.0
106146 7.0
150103 22.43
107171 22.43
5150 7.0
13626 22.0
113681 22.0
128494 23.0
37360 35.0
53039 35.0
51737 32.86
51374 32.86
152676 42.0
52375 27.0
4298 27.0
51661 32.86
102579 32.86
102344 33.53
150863 25.39
133637 24.47
23608 16.0
149456 57.7
26997 57.7
120036 11.0
122213 22.88
149204 22.88
149210 25.0
100483 23.0
100486 23.0
133013 37.33
51737 28.0
101432 28.0
106763 32.0
105791 32.0
108092 13.0
9183 13.0
108070 19.0
3424 8.0
100446 69.69
444 69.69
107602 21.0
107705 21.0
121184 19.29
121246 19.29
105804 19.54
106643 19.54
37081 28.0
37083 28.0
137245 44.1
131623 56.41
151380 18.11
104204 18.11
105900 19.0
150196 19.0
150196 24.0
150198 24.0
33190 33.58
27016 24.0
112758 15.32
103581 19.35
103582 19.35
28479 16.2
36844 17.22
34868 17.22
134855 33.0
24158 9.0
1355 20.62
101197 20.62
150490 19.0
114283 19.0
2844 33.31
102712 33.31
125166 21.53
150521 20.0
50523 20.0
118013 13.0
18232 13.0
33071 14.93
133070 14.93
110585 11.0
110611 11.0
129785 23.92
22927 11.0
110615 11.0
110997 11.0
110996 11.0
29942 56.61
110561 14.0
53679 28.0
53743 28.0
51362 17.61
50438 23.96
14518 25.18
50767 28.0
106308 28.89
114450 28.89
120600 24.01
30815 17.89
100618 9.0
151370 9.0
114450 28.0
114442 28.0
114577 30.0
114581 30.0
35839 11.38
53095 11.38
105208 14.64
52358 14.64
30572 39.05
51086 45.11
24372 45.11
10954 16.0
11566 11.49
134355 31.89
53861 31.89
18471 14.0
48405 57.44
36185 22.24
51882 35.0
151786 35.0
50170 26.93
23425 26.93
27118 26.37
139332 15.99
39331 15.99
53738 27.87
129948 51.32
35695 7.79
135403 7.79
106421 29.0
49647 29.0
48931 11.74
111469 11.74
35695 18.26
104047 31.49
150539 30.0
150542 30.0
27113 27.0
49563 27.0
127122 39.52
11772 7.0
40578 18.89
7927 65.01
107969 65.01
106670 14.0
106073 14.0
114414 23.0
114274 23.0
14274 17.0
112716 14.0
112651 14.0
22318 15.2
122316 15.2
114309 31.0
114152 31.0
10058 4.91
52151 10.42
9836 12.0
125849 39.09
134767 51.99
100385 23.0
409 23.0
133294 8.0
149574 19.0
28743 19.0
30149 14.0
31120 14.0
126876 38.89
49370 38.89
25973 16.0
125784 16.0
23581 23.0
125595 23.0
148458 14.62
11586 13.0
118357 18.0
113143 18.0
152775 36.0
130239 36.0
153864 20.0
150553 14.0
101954 10.0
102181 10.0
118661 13.72
18696 13.72
105465 37.0
25849 37.21
136849 20.65
53193 16.8
53247 16.8
53247 21.94
136065 21.94
35228 27.85
52933 27.85
148883 65.25
129854 65.25
50527 26.0
114613 26.0
122627 24.0
122628 24.0
150101 25.63
149483 33.99
127711 33.99
104934 10.0
104570 15.0
4566 15.0
101957 20.45
101946 20.45
50338 37.0
39193 18.0
37554 21.0
42008 21.0
126335 18.0
126648 18.0
48850 36.0
36150 19.0
138454 11.0
42008 24.0
39684 36.89
104616 13.0
5052 13.0
48514 61.42
104054 30.0
103286 30.0
138957 19.88
148522 63.51
148520 63.51
115036 57.98
148508 57.98
127212 25.88
127207 25.88
109152 5.53
109151 5.53
133611 21.52
42002 21.52
33623 34.0
14645 15.87
147766 15.87
30000 69.11
130347 69.11
120796 18.62
121118 18.62
21113 23.0
121118 19.0
21801 19.0
136782 20.32
36783 20.32
37624 28.0
133784 27.0
33783 27.0
133898 68.21
33899 68.21
39100 30.0
139101 30.0
130335 39.0
32562 39.0
121765 22.95
121804 22.95
36161 51.88
52794 12.0
112370 21.89
123748 36.54
150671 36.54
107734 16.0
107705 16.0
107602 13.0
22970 20.73
6771 20.73
134517 7.0
36562 7.0
50830 34.82
136028 36.57
36029 36.57
123397 10.13
132069 28.0
115469 26.61
50080 26.61
107058 29.0
49754 29.0
114787 24.0
150071 24.0
136278 35.17
34638 35.17
4460 26.0
100767 19.0
100614 19.0
52576 13.32
107198 18.12
23317 18.12
24154 15.27
136517 29.74
34060 51.89
53534 21.0
35085 21.0
138172 5.63
110772 10.1
111333 10.1
135485 37.84
34699 37.84
111469 21.19
110898 10.0
110902 10.0
114196 25.82
114346 25.82
122403 24.87
139166 24.0
23436 32.06
14932 32.06
32905 24.0
3394 25.63
14548 11.51
114839 11.51
153922 49.7
52841 22.21
126881 15.0
21170 19.0
120621 19.0
153777 16.14
133458 37.0
134077 37.0
33397 26.0
33395 26.0
123125 21.3
106587 21.3
127006 19.0
27007 19.0
27559 22.0
126177 58.76
26166 58.76
52778 20.0
130249 20.0
25673 60.28
126199 60.28
140331 30.55
30880 30.55
104530 19.3
51867 19.3
100981 15.0
101310 15.0
140272 15.0
136199 15.0
53274 18.0
117778 24.0
119212 24.0
26809 59.04
5252 61.22
104397 61.22
148497 26.3
152873 73.61
30000 73.61
100048 19.0
132439 31.37
128763 57.59
26809 57.59
30995 73.48
30994 73.48
32138 41.44
51729 17.74
126866 72.19
129833 72.19
13975 2.77
100820 41.0
105333 41.0
105883 47.31
106602 47.31
148378 52.55
148375 52.55
28618 63.45
48828 63.45
2834 13.8
5383 7.0
50263 61.66
102773 27.0
5505 30.89
105376 30.89
151303 27.66
147766 54.53
148532 54.53
37350 39.55
37349 39.55
147809 21.0
122793 20.32
152753 17.0
152517 17.0
22550 25.55
122554 19.38
122537 19.38
122537 22.21
122538 22.21
103676 20.11
152432 49.35
130664 49.35
103335 21.06
36423 20.0
35660 20.0
31285 20.0
51982 34.48
102097 34.48
47795 46.42
105383 32.09
151826 32.09
100886 34.63
909 34.63
108023 8.0
108064 15.0
52670 19.42
130098 19.42
114790 24.0
388 51.7
100780 51.7
53700 34.0
34359 34.0
36786 32.64
22339 29.1
11537 39.75
11542 39.75
22747 63.08
22751 63.08
20998 24.0
121007 24.0
10535 12.39
105383 20.54
151968 2.0
34086 67.44
134087 67.44
21050 22.0
21053 22.0
10886 12.0
10894 12.0
111177 10.0
10911 10.0
130678 35.89
130827 35.89
5875 19.39
111703 11.19
110895 11.19
6107 20.0
115419 20.0
135637 13.0
137367 34.29
140443 19.0
658 38.07
52933 28.0
35228 28.0
128062 18.2
129088 15.0
126832 15.0
149534 15.0
126731 15.0
107898 25.0
107920 25.0
103725 20.54
567 20.54
27002 43.87
127003 43.87
122531 17.0
14214 26.76
121687 26.76
105905 25.13
149844 25.13
122529 22.38
51356 11.0
123640 11.0
118994 11.0
118965 11.0
35631 57.93
133992 57.93
135632 51.97
36521 41.24
134803 41.24
34094 65.94
36960 69.28
103196 18.0
104184 11.0
4152 11.0
34462 5.35
37291 5.35
124219 38.11
123620 38.11
106610 33.0
51872 21.0
51300 12.0
120956 4.93
137252 56.32
37668 50.36
37672 50.36
151754 30.0
51763 30.0
114320 19.0
114159 19.0
150460 14.0
31981 28.0
130150 28.0
107054 5.63
123339 5.63
149239 18.0
121610 18.0
51919 24.0
36396 19.0
36149 19.0
51919 32.0
115299 34.9
115758 34.9
33563 68.76
135829 68.76
149545 32.0
105996 16.0
106383 16.0
7360 19.2
107339 19.2
31354 26.0
130875 26.0
101785 27.0
103586 27.0
36646 39.0
137713 39.0
150356 33.86
150375 33.86
153426 38.0
51750 30.0
129073 17.0
27880 17.0
103708 14.97
4987 41.0
131383 28.44
106383 13.71
105996 13.71
25081 59.02
150969 32.86
114613 27.0
50527 27.0
100745 26.34
100820 41.0
105333 41.0
2043 13.3
137811 68.11
123278 8.08
139117 32.0
123856 22.0
51275 22.0
123555 26.0
23554 26.0
124816 23.0
137759 44.0
126640 48.42
29839 42.0
149361 35.0
28758 35.0
128312 23.0
109151 13.0
109152 13.0
105159 22.0
104026 22.0
1059 13.23
128745 33.43
149627 33.43
22752 61.65
133698 17.19
11691 13.41
110902 12.24
110898 12.24
4647 27.0
106134 27.0
119132 7.07
18808 7.07
117887 11.99
119390 16.29
123056 32.0
105791 32.0
101899 55.5
34765 28.0
53416 28.0
53725 47.0
53625 47.0
29049 14.0
128217 22.66
126730 22.66
105574 36.0
151900 36.0
21071 29.81
124818 14.0
118224 13.0
118230 13.0
19049 20.0
119062 20.0
11691 11.99
107970 64.92
107968 64.92
120107 30.64
119942 30.64
39900 29.0
53754 29.0
119745 11.0
119499 11.0
153789 21.0
53919 21.0
153961 35.0
49315 71.31
29843 71.31
27339 20.0
50034 34.0
7400 29.44
122248 16.04
107587 12.0
118358 20.0
118336 20.0
50943 5.87
6762 6.84
48978 42.92
48979 42.92
130899 44.04
51040 17.11
126285 17.11
37759 26.0
35411 16.0
52861 31.55
32556 31.55
32557 47.0
52861 47.0
124358 20.37
100086 6.48
51362 6.48
5381 13.0
52331 17.0
153922 53.02
53126 56.4
36736 56.4
129339 14.87
126740 27.72
129488 27.72
53725 38.0
33695 38.0
108070 15.0
108073 15.0
3588 31.32
149769 38.0
115180 38.0
113097 19.0
113082 19.0
519 21.56
103939 29.64
54277 29.64
112480 14.0
111869 14.0
1745 24.0
151761 21.43
102728 21.43
139593 23.88
134367 23.88
5535 56.72
773 56.72
33507 48.99
36736 59.75
53126 59.75
121073 12.67
106134 24.88
4647 24.88
131591 33.0
139469 24.3
48468 59.21
7250 59.21
4015 14.68
104100 14.68
3829 16.59
35014 28.99
53694 28.99
34000 45.86
101876 47.11
103731 34.0
103726 34.0
153777 20.0
3095 7.0
103518 7.0
51956 36.05
4849 36.05
24285 67.59
114880 13.0
114896 13.0
2043 21.69
121011 24.57
120999 24.57
105299 8.0
103478 8.0
134455 60.26
33948 60.26
4194 5.54
103196 5.54
102883 35.32
102884 35.32
129291 24.0
106643 25.6
105804 25.6
105153 24.88
49366 35.0
123014 18.03
105981 18.03
105791 34.92
106763 34.92
39118 58.0
126649 44.66
26151 44.66
105816 32.45
148403 32.45
10091 5.79
9135 28.87
52803 11.76
111438 54.26
11500 53.76
53680 43.0
53668 43.0
101014 65.39
101012 65.39
147804 7.0
34340 26.0
39467 26.0
134339 21.0
139593 21.0
34377 26.0
53868 26.0
107970 64.41
120351 32.28
117838 14.52
117857 14.52
50572 30.0
50580 30.0
113160 13.0
113221 13.0
111556 8.71
111507 8.71
110558 20.33
111556 20.33
13222 7.46
112798 7.46
129373 69.22
29841 69.22
51300 7.04
124858 7.04
135485 42.27
52022 35.77
34276 40.25
136221 40.25
36214 28.73
40343 28.73
136216 38.14
50599 26.21
50603 26.21
130785 10.0
152422 12.16
50603 23.96
150598 23.96
32505 5.14
31330 5.14
31330 13.71
128644 49.36
26089 49.36
118204 16.0
118205 16.0
32058 46.47
31241 28.0
34518 16.83
33399 16.83
47740 30.0
107819 14.18
107967 14.18
19320 14.59
119529 14.65
119538 14.65
27198 24.98
146615 24.98
121826 18.53
122001 18.53
21973 19.21
121826 19.21
111738 18.0
110595 18.0
130346 72.54
4788 59.77
100044 48.19
39567 14.0
53887 14.0
33695 24.21
21548 18.0
121478 18.0
120825 17.89
120807 17.89
128109 26.0
42021 14.0
5019 20.61
5292 20.61
114015 16.0
100790 41.33
101691 41.33
148392 64.74
148390 64.74
24507 32.0
142095 16.0
125960 16.0
103051 14.0
126174 59.77
31591 40.55
131582 40.55
33239 14.03
31638 14.03
30878 20.19
130875 20.19
27383 32.77
127384 32.77
112109 17.0
12541 17.0
124714 54.08
24713 54.08
109123 6.69
109168 6.69
53818 18.0
52918 18.0
26151 30.0
49642 17.0
49640 17.0
126114 56.85
126176 60.66
126174 60.66
112523 10.56
112522 10.56
18284 56.07
18381 56.07
33928 41.83
33745 41.83
33379 42.78
153689 42.78
105783 28.52
106681 28.52
153792 40.0
35082 46.25
134192 46.25
115761 16.0
115020 16.0
124668 5.45
125017 17.0
126022 17.0
100790 35.0
27836 52.75
127846 52.75
153967 20.0
153969 20.0
35772 6.75
37212 27.0
110932 15.08
110931 15.08
35411 55.91
33524 55.91
113738 15.0
113681 15.0
113853 23.36
113738 23.36
106154 12.0
36357 46.92
36359 46.92
114179 24.55
14321 24.55
25824 8.42
125247 8.42
130988 31.33
131768 31.33
151261 29.76
151234 27.62
5240 17.35
5279 17.35
133966 50.03
49424 23.76
150101 26.0
50080 26.0
101932 34.0
151831 34.0
23216 32.0
23220 32.0
138571 27.39
32435 16.0
130115 16.0
126908 13.0
126901 13.0
21088 14.09
115814 26.97
110499 14.0
110494 14.0
10316 12.0
150459 18.0
150472 18.0
50476 22.0
114283 22.0
107960 28.0
150598 30.0
50603 30.0
50603 24.48
50599 24.48
151303 33.0
151284 33.0
106610 33.0
48370 33.0
53093 17.0
135440 17.0
134614 67.56
103483 44.33
105199 44.33
125281 33.0
125282 33.0
14067 35.11
112624 35.11
148485 45.24
148454 45.24
101929 44.86
101932 44.86
100532 23.55
51692 23.55
114641 15.0
132239 31.34
138439 26.0
53216 26.0
122291 26.68
6640 22.95
123082 22.95
151023 27.0
26631 27.0
53156 17.44
53155 17.44
48978 57.61
14102 22.61
24932 16.0
125930 16.0
24932 16.0
125930 16.0
152115 45.65
51974 45.65
34501 18.0
153894 18.0
38898 19.0
40445 19.0
11561 4.0
111761 4.0
103628 21.25
101214 21.25
122242 19.62
22334 19.62
10954 16.0
122108 17.65
53095 10.79
35839 10.79
14628 28.47
151467 27.0
151022 31.0
50604 16.54
122788 16.54
51467 22.0
50489 2.21
140150 22.0
40147 22.0
152893 40.27
27356 45.1
129265 45.1
36743 30.0
37342 10.0
129995 51.0
125784 17.0
25973 17.0
118579 11.08
38619 27.0
38842 27.0
111818 17.78
113906 17.78
139509 41.0
53909 41.0
12625 49.09
114103 49.09
4253 17.0
128363 14.0
127849 14.0
29992 29.66
123338 38.0
107293 38.0
102891 36.4
104383 36.4
25447 39.58
126335 39.58
133910 69.32
18645 21.05
35314 30.64
123732 33.0
24989 33.0
140612 34.11
53868 34.11
53889 33.21
134869 27.53
34423 27.53
104774 10.52
124930 16.0
125932 16.0
125932 33.0
125930 33.0
125926 38.0
123856 38.0
5052 21.65
136289 15.6
151022 22.0
130278 34.0
130277 34.0
24422 23.43
125017 23.43
50911 32.0
51054 32.0
151311 30.0
150971 30.0
125843 35.11
125844 35.11
138809 32.0
26631 26.97
151023 26.97
150974 17.55
110557 20.0
111529 20.0
4588 12.0
37342 36.11
133888 65.75
133887 65.75
24154 32.0
125963 29.52
110085 65.48
23163 17.0
129948 52.0
129949 52.0
29895 43.1
128494 43.1
128494 42.99
36846 41.0
33209 24.0
31430 24.0
49326 36.0
49536 36.0
31430 16.0
131405 16.0
49476 9.0
128587 9.0
52702 29.66
152630 34.11
152631 34.11
119154 14.54
119155 14.54
2474 12.47
3724 12.47
119625 18.0
119621 18.0
119621 16.0
118181 16.0
123374 13.0
28750 35.6
128749 35.6
151594 38.54
151396 38.54
118127 15.0
3554 6.1
129430 39.66
129428 39.66
149582 33.89
129432 33.89
53868 26.0
34377 26.0
39467 24.0
34340 24.0
139593 24.0
134339 24.0
100237 37.0
104204 17.83
151380 17.83
114987 21.66
50608 27.0
50599 27.0
53668 41.51
53680 41.51
22848 5.35
113700 5.35
136270 28.0
37872 28.0
126855 28.0
126856 28.0
125343 25.0
50943 25.0
133294 24.0
139166 6.92
35032 34.94
35626 34.94
129430 14.4
129432 14.4
115684 39.96
28240 27.62
129428 27.62
14553 21.0
123732 36.0
39193 30.0
39192 30.0
33580 30.22
20558 15.0
126335 34.77
25447 34.77
19925 10.49
19888 10.49
122627 17.0
22508 17.0
7595 28.93
7794 28.93
32296 40.29
130197 40.29
42051 9.0
138050 9.0
31915 23.12
130875 23.12
10535 16.0
10347 16.0
38468 17.0
26142 46.57
26142 48.51
103294 33.21
104059 33.21
103299 27.42
103300 27.42
130635 49.16
102719 14.35
3930 14.35
137472 33.55
136757 33.55
136766 28.66
137472 28.66
14214 3.31
114215 3.31
11863 9.0
31340 15.0
147805 15.0
29988 25.0
31389 25.0
32381 36.0
32382 36.0
120834 18.0
100926 13.0
101547 13.0
14095 16.0
32019 25.34
152456 25.34
110902 12.24
110898 12.24
149235 21.92
52511 20.25
120725 19.0
136782 29.63
2566 38.79
3588 38.79
50263 61.66
123397 11.0
1052 11.02
148508 57.76
48514 57.76
38048 11.0
53768 47.77
31386 10.0
32379 10.0
124818 34.44
139166 25.0
33414 25.0
7749 26.37
51190 35.0
31942 29.76
123990 50.11
112522 21.54
112165 21.54
34580 40.0
24288 60.69
130640 38.66
130637 38.66
106875 28.0
123289 28.0
100046 28.0
152183 28.0
14943 52.21
111132 10.56
111469 10.56
105211 31.4
101800 14.0
102409 14.0
4794 63.19
4801 63.19
127268 40.64
128968 40.64
24826 23.14
52794 22.0
32011 23.0
32012 23.0
152456 23.0
32019 23.0
25945 58.87
30315 15.0
31600 15.0
48793 12.96
52809 12.96
32284 7.94
31844 7.94
135347 10.0
35348 10.0
128311 20.11
20431 8.0
20435 8.0
128494 43.33
127661 43.33
22339 29.1
128312 14.27
128597 34.38
122575 11.0
151911 18.07
152549 40.44
52693 40.44
52748 40.68
152549 40.68
40292 30.0
137624 30.0
110556 9.0
36879 17.43
52994 17.43
117857 15.2
117838 15.2
125946 58.52
109258 30.0
9163 30.0
14057 12.27
112480 12.27
23317 30.11
107198 30.11
47820 47.31
106587 25.25
123125 25.25
105856 18.4
50603 21.09
114995 21.09
125643 16.0
4253 31.0
102610 27.08
100647 27.08
127207 29.43
127212 29.43
128865 15.61
127421 15.61
142015 8.0
131006 10.0
130899 10.0
153894 23.0
34501 23.0
105905 17.54
115339 17.54
133906 67.66
33798 67.09
133904 67.09
33909 67.29
133910 67.29
114614 16.05
21225 31.0
119461 31.0
110997 14.0
110615 14.0
117857 15.16
110611 14.0
33949 54.65
106525 66.0
34190 34.55
49483 22.0
21095 10.0
120729 10.0
27118 14.49
49563 14.49
150534 24.0
123374 12.0
123364 17.0
114371 14.0
4840 55.53
140443 41.06
40441 41.06
121687 6.41
14214 6.41
111469 11.0
48931 11.0
32179 45.2
32180 45.2
114623 35.54
150559 35.54
104147 67.66
148543 67.66
132787 42.29
35394 37.22
36106 37.22
129892 22.0
129886 22.0
114995 13.53
17792 21.2
150485 19.0
118427 21.02
118481 21.02
20398 17.44
20361 17.44
119665 15.55
19650 15.55
103915 38.24
102229 26.67
5525 26.67
135246 66.69
135245 66.69
124779 20.0
124780 20.0
135247 72.93
33584 66.96
133585 66.96
34044 54.33
134101 54.33
34044 69.15
105153 36.0
33741 44.89
37433 16.0
33297 33.0
35354 22.57
35076 8.0
140807 8.0
124489 53.04
24488 53.04
26110 43.52
124489 43.52
377 60.11
100390 60.11
178 60.32
100185 60.32
119806 7.0
19891 7.0
130843 30.86
130842 30.86
104065 11.0
100971 11.0
1579 63.41
1580 63.41
50852 37.0
124763 37.0
49982 12.64
28619 53.96
27836 53.96
127384 47.3
27839 47.3
153922 49.8
132815 43.11
130815 41.06
132689 41.06
50943 40.43
103880 57.19
4959 56.88
104963 56.88
105159 28.66
104958 50.25
2019 49.72
101832 49.72
115180 41.89
149769 41.89
137369 36.07
5899 18.0
40786 14.0
135072 14.0
132188 40.51
30282 42.59
31099 42.59
52860 49.02
133064 49.02
102178 29.91
104421 29.91
32450 30.0
132456 30.0
121811 14.19
121804 14.19
125209 28.91
31085 51.03
131088 51.03
126582 9.08
125773 9.08
125773 15.43
125777 15.43
126596 2.51
125781 2.51
52774 28.0
152775 28.0
23722 33.94
30149 14.0
31120 14.0
122001 25.92
121826 25.92
34094 68.47
32754 19.0
52788 19.0
25518 23.0
51274 33.77
13050 15.0
113111 15.0
104082 33.0
103886 33.0
24619 22.13
110486 15.0
110395 15.0
4428 23.52
104427 23.52
110108 13.0
123555 11.0
23554 11.0
32864 43.51
130066 43.51
102832 13.0
138580 64.96
34815 64.96
18355 50.5
101785 12.0
124710 55.77
3885 50.83
130338 28.49
32138 28.49
120726 20.0
120729 20.0
30685 42.64
30400 42.64
104802 20.77
102235 20.77
27833 63.99
2575 25.0
102576 25.0
32905 11.0
30400 11.0
111701 9.1
10955 9.1
10313 10.0
110328 10.0
31902 45.65
105044 27.06
105042 27.06
1831 29.15
130111 35.51
130110 35.51
33899 67.4
30149 18.99
52850 36.96
33338 36.96
131979 15.0
28830 34.04
33057 31.22
114945 24.0
114946 24.0
52871 23.0
152515 31.28
32197 15.0
132815 27.1
4394 62.66
4395 62.66
121824 18.0
110387 21.0
110385 21.0
38842 22.0
136653 24.0
140171 24.0
33695 39.0
53725 39.0
129736 22.54
129737 22.54
126270 30.0
123982 30.0
125793 26.0
123555 26.0
151311 28.0
51287 28.0
11172 14.35
111162 14.35
111170 6.76
111169 6.76
15899 49.87
48381 49.87
101133 13.0
102832 13.0
112165 5.93
112522 5.93
36604 23.0
34049 23.0
105791 33.21
123056 33.21
151786 23.0
124438 22.0
123612 22.0
15162 16.0
23435 15.0
35977 35.41
119365 17.0
380 60.8
403 60.8
32756 16.51
132168 16.51
11159 13.47
153659 35.3
39290 35.3
11716 6.45
111170 6.45
125165 10.0
119062 14.65
19049 14.65
32195 31.54
52825 7.5
131024 7.5
26697 11.0
125760 19.0
124545 19.0
136261 67.16
134161 67.16
31305 38.0
113658 20.3
113837 20.4
23726 29.0
106563 15.0
32588 23.0
32587 23.0
3724 6.43
102480 6.43
7476 22.5
107514 22.5
133514 24.05
133564 24.05
125729 35.0
26697 25.0
151749 33.55
103750 33.55
5034 20.12
52331 12.0
118205 21.2
118204 21.2
103976 16.0
4280 39.77
105043 39.77
103196 28.0
104184 28.0
48391 64.53
48393 64.53
133564 30.47
34059 30.47
25052 36.95
120846 15.0
120840 15.0
25609 10.59
50658 10.59
123833 40.89
142273 40.89
123620 54.0
12541 14.0
112109 14.0
105596 17.0
104461 11.0
104462 16.0
104461 16.0
105265 37.0
4380 37.0
105829 18.0
106000 18.0
105465 37.0
100446 37.0
123364 13.0
114371 13.0
130664 48.45
152432 48.45
105809 15.65
115372 20.0
105827 20.0
26624 36.0
130283 31.19
122741 65.97
130577 25.27
30133 6.97
30804 6.97
1136 68.87
110404 19.0
22924 19.0
122738 65.77
119576 11.0
126674 18.37
51101 18.37
103628 21.91
53852 32.64
33379 32.64
20471 15.56
120473 15.56
126838 37.09
49529 37.09
149550 21.88
153231 37.95
136613 37.95
150375 20.74
150356 20.74
101734 10.0
101760 21.46
100976 21.46
150015 20.84
106359 20.84
123612 25.76
124438 25.76
33203 33.88
31382 33.88
32402 37.66
40589 38.76
113904 10.33
13972 10.33
113589 12.95
113620 18.25
132689 24.23
32685 24.23
132689 23.99
33867 69.3
3545 13.0
101011 13.0
133471 28.0
33468 28.0
11584 27.49
111581 27.49
113143 6.41
118357 6.41
50799 30.0
124779 30.0
51097 30.57
50799 30.57
151900 32.4
105574 32.4
139094 24.86
14764 19.11
114711 19.11
23726 22.0
